       90.9000       0.00000
       93.5000       0.00000
       96.1000       0.00000
       97.7000       0.00000
       99.6000       0.00000
       102.000       0.00000
       103.800       0.00000
       105.600       0.00000
       107.700       0.00000
       110.400       0.00000
       114.000       0.00000
       117.800       0.00000
       121.300       0.00000
       124.800       0.00000
       127.100       0.00000
       128.400       0.00000
       130.500       0.00000
       132.400       0.00000
       133.900       0.00000
       136.600       0.00000
       139.800       0.00000
       143.300       0.00000
       147.200       0.00000
       151.000       0.00000
       155.200       0.00000
       158.800       0.00000
       162.000       0.00000
       166.000       0.00000
       170.300       0.00000
       173.400       0.00000
       176.800       0.00000
       180.200       0.00000
       181.700       0.00000
       186.100       0.00000
       191.000       0.00000
       193.900       0.00000
       198.400       0.00000
       201.800       0.00000
       205.000       0.00000
       210.500       0.00000
       216.200       0.00000
       219.800       0.00000
       223.000       0.00000
       226.800       0.00000
       230.000       0.00000
       234.000       0.00000
       240.000       0.00000
       246.500       0.00000
       252.400       0.00000
       256.800       0.00000
       260.000       0.00000
       264.000       0.00000
       268.500       0.00000
       273.500       0.00000
       278.500       0.00000
       284.000       0.00000
       290.000       0.00000
       296.000       0.00000
       301.000       0.00000
       308.000       0.00000
       318.000       0.00000
       328.000       0.00000
       338.000       0.00000
       348.000       0.00000
       357.000       0.00000
       366.000       0.00000
       375.000       0.00000
       385.000       0.00000
       395.000       0.00000
       405.000       0.00000
       414.000       0.00000
       422.000       0.00000
       430.000       0.00000
       441.000       0.00000
       451.000       0.00000
       460.000       0.00000
       470.000       0.00000
       480.000       0.00000
       490.000       0.00000
       500.000       0.00000
       506.000       0.00000
       512.000       0.00000
       520.000       0.00000
       530.000   1.61800e-24
       540.000   6.15400e-24
       550.000   2.24900e-23
       560.000   7.78600e-23
       570.000   2.57300e-22
       580.000   8.05200e-22
       590.000   2.46900e-21
       600.000   7.20000e-21
       610.000   2.02300e-20
       620.000   5.48400e-20
       630.000   1.43700e-19
       640.000   3.64800e-19
       650.000   8.98200e-19
       658.000   1.80800e-18
       665.000   3.28300e-18
       675.000   7.53100e-18
       685.000   1.68300e-17
       695.000   3.66800e-17
       705.000   7.79000e-17
       716.000   1.74500e-16
       726.000   3.54200e-16
       735.000   6.58200e-16
       745.000   1.28600e-15
       755.000   2.46400e-15
       765.000   4.63600e-15
       775.000   8.56500e-15
       785.000   1.55700e-14
       795.000   2.76600e-14
       805.000   4.88500e-14
       815.000   8.47900e-14
       825.000   1.44800e-13
       835.000   2.43900e-13
       845.000   4.05300e-13
       855.000   6.64800e-13
       865.000   1.07600e-12
       875.000   1.72000e-12
       885.000   2.72300e-12
       895.000   4.25800e-12
       905.000   6.58300e-12
       915.000   2.31900e-08
       925.000   9.67200e-08
       935.000   1.34000e-07
       945.000   2.07800e-07
       955.000   3.20700e-07
       965.000   5.02800e-07
       975.000   6.69200e-07
       985.000   1.00600e-06
       995.000   1.42300e-06
       1005.00   2.11200e-06
       1015.00   2.91300e-06
       1025.00   3.69800e-06
       1035.00   5.98400e-06
       1045.00   8.50600e-06
       1055.00   1.06100e-05
       1065.00   1.53100e-05
       1075.00   2.07400e-05
       1085.00   2.82500e-05
       1095.00   3.51900e-05
       1105.00   4.69000e-05
       1115.00   6.52300e-05
       1125.00   8.95900e-05
       1135.00   0.000125500
       1145.00   0.000166300
       1155.00   0.000212100
       1165.00   0.000276500
       1175.00   0.000361900
       1185.00   0.000445700
       1195.00   0.000514600
       1205.00   0.000592900
       1215.00   0.000424500
       1225.00   0.000910700
       1235.00    0.00133700
       1245.00    0.00170500
       1255.00    0.00206700
       1265.00    0.00252800
       1275.00    0.00310300
       1285.00    0.00369100
       1295.00    0.00454300
       1305.00    0.00542700
       1315.00    0.00679200
       1325.00    0.00786900
       1335.00    0.00943000
       1345.00     0.0116100
       1355.00     0.0142000
       1365.00     0.0167800
       1375.00     0.0200400
       1385.00     0.0235100
       1395.00     0.0280500
       1405.00     0.0340800
       1415.00     0.0412300
       1425.00     0.0484400
       1435.00     0.0578800
       1442.00     0.0679800
       1447.00     0.0717200
       1455.00     0.0813200
       1465.00     0.0987500
       1475.00      0.111300
       1485.00      0.131700
       1495.00      0.160200
       1505.00      0.190400
       1512.00      0.197500
       1517.00      0.223100
       1525.00      0.274500
       1535.00      0.730100
       1545.00      0.846100
       1555.00       1.36700
       1565.00       1.35400
       1575.00       2.99500
       1585.00       3.66700
       1595.00       4.28800
       1605.00       4.77300
       1615.00       5.33400
       1625.00       6.01900
       1635.00       7.91600
       1645.00       11.6100
       1655.00       8.44800
       1665.00       14.1300
       1672.00       9.84600
       1677.00       18.8000
       1685.00       34.7700
       1695.00       53.4900
       1705.00       65.1500
       1715.00       64.5400
       1725.00       89.8100
       1735.00       105.900
       1745.00       147.600
       1755.00       188.300
       1765.00       176.900
       1775.00       190.000
       1785.00       268.800
       1795.00       287.900
       1805.00       348.300
       1815.00       331.700
       1825.00       419.700
       1835.00       452.100
       1845.00       351.900
       1855.00       472.600
       1865.00       578.100
       1875.00       625.700
       1885.00       690.900
       1895.00       902.800
       1905.00       863.800
       1915.00       1009.00
       1925.00       1026.00
       1935.00       622.000
       1945.00       1289.00
       1955.00       1434.00
       1967.00       1787.00
       1976.00       1819.00
       1984.00       1921.00
       1995.00       1997.00
       2005.00       2013.00
       2015.00       2278.00
       2025.00       1827.00
       2035.00       2513.00
       2045.00       2866.00
       2055.00       3058.00
       2065.00       3070.00
       2074.00       3075.00
       2078.00       3762.00
       2085.00       4064.00
       2095.00       5814.00
       2105.00       8931.00
       2115.00       11340.0
       2125.00       10010.0
       2135.00       11740.0
       2145.00       14060.0
       2155.00       13010.0
       2165.00       12420.0
       2175.00       12400.0
       2185.00       15840.0
       2195.00       17030.0
       2205.00       17250.0
       2215.00       14010.0
       2225.00       18140.0
       2235.00       27710.0
       2245.00       27210.0
       2255.00       21910.0
       2265.00       17110.0
       2275.00       19520.0
       2285.00       29710.0
       2295.00       23960.0
       2305.00       26370.0
       2315.00       28450.0
       2325.00       28260.0
       2335.00       31340.0
       2345.00       21440.0
       2355.00       32070.0
       2365.00       25080.0
       2375.00       29550.0
       2385.00       23360.0
       2395.00       28170.0
       2405.00       32210.0
       2415.00       28300.0
       2425.00       44130.0
       2435.00       48170.0
       2445.00       60980.0
       2455.00       65020.0
       2465.00       49280.0
       2475.00       45440.0
       2485.00       19610.0
       2495.00       29690.0
       2505.00       46860.0
       2513.00       30390.0
       2518.00       22100.0
       2525.00       21800.0
       2535.00       35750.0
       2545.00       44090.0
       2555.00       104500.
       2565.00       88980.0
       2575.00       145200.
       2585.00       139700.
       2595.00       128500.
       2605.00       112500.
       2615.00       102200.
       2625.00       144700.
       2635.00       329700.
       2645.00       403400.
       2655.00       710700.
       2665.00       369800.
       2675.00       406200.
       2685.00       553800.
       2695.00       315200.
       2705.00       453000.
       2715.00       280800.
       2725.00       152600.
       2735.00       235900.
       2745.00       153900.
       2755.00       224300.
       2765.00       317300.
       2775.00       310500.
       2785.00       172200.
       2795.00       78680.0
       2805.00       98510.0
       2815.00       265300.
       2825.00       353900.
       2835.00       248100.
       2845.00       129800.
       2855.00       62780.0
       2865.00       182500.
       2875.00       375600.
       2885.00       442800.
       2895.00       698200.
       2910.00   1.02700e+06
       2930.00       926800.
       2950.00       820900.
       2970.00       826100.
       2990.00       819700.
       3010.00       731000.
       3030.00       930200.
       3050.00       964200.
       3070.00   1.20500e+06
       3090.00   1.03700e+06
       3110.00   1.42100e+06
       3130.00   1.24400e+06
       3150.00   1.27700e+06
       3170.00   1.44800e+06
       3190.00   1.23200e+06
       3210.00   1.32100e+06
       3230.00   1.07500e+06
       3250.00   1.68700e+06
       3270.00   2.11500e+06
       3290.00   2.07500e+06
       3310.00   1.79900e+06
       3330.00   1.85600e+06
       3350.00   1.74200e+06
       3370.00   1.15100e+06
       3390.00   1.38200e+06
       3410.00   1.42700e+06
       3430.00   1.57800e+06
       3450.00   1.60200e+06
       3470.00   1.69900e+06
       3490.00   2.03700e+06
       3510.00   2.19400e+06
       3530.00   1.92600e+06
       3550.00   2.30700e+06
       3570.00   1.36100e+06
       3590.00   1.46600e+06
       3610.00   1.94700e+06
       3630.00   2.03400e+06
       3640.00   2.11500e+06
       3650.00   2.49000e+06
       3670.00   2.69300e+06
       3690.00   2.41000e+06
       3710.00   2.49000e+06
       3730.00   1.40400e+06
       3750.00   1.65800e+06
       3770.00   2.31000e+06
       3790.00   2.32200e+06
       3810.00   2.05000e+06
       3830.00   1.01800e+06
       3850.00   1.38600e+06
       3870.00   1.40500e+06
       3890.00   2.07300e+06
       3910.00   2.63600e+06
       3930.00   1.26600e+06
       3950.00   2.36100e+06
       3970.00   1.62500e+06
       3990.00   3.56800e+06
       4010.00   3.89400e+06
       4030.00   3.72600e+06
       4050.00   3.52400e+06
       4070.00   3.33300e+06
       4090.00   4.18600e+06
       4110.00   4.05900e+06
       4130.00   3.82500e+06
       4150.00   3.63500e+06
       4170.00   3.77600e+06
       4190.00   3.54200e+06
       4210.00   3.72200e+06
       4230.00   3.57900e+06
       4250.00   3.72000e+06
       4270.00   3.39700e+06
       4290.00   3.06500e+06
       4310.00   2.60800e+06
       4330.00   4.07200e+06
       4350.00   3.95400e+06
       4370.00   4.29100e+06
       4390.00   3.76900e+06
       4410.00   4.13900e+06
       4430.00   4.58500e+06
       4450.00   4.55900e+06
       4470.00   4.91400e+06
       4490.00   5.03100e+06
       4510.00   5.68000e+06
       4530.00   5.01600e+06
       4550.00   5.27400e+06
       4570.00   5.63000e+06
       4590.00   5.33200e+06
       4610.00   5.47000e+06
       4630.00   5.40200e+06
       4650.00   5.43500e+06
       4670.00   5.64700e+06
       4690.00   5.53400e+06
       4710.00   5.33200e+06
       4730.00   5.56200e+06
       4750.00   5.68400e+06
       4770.00   5.70200e+06
       4790.00   5.69700e+06
       4810.00   5.65700e+06
       4830.00   5.76400e+06
       4850.00   5.48100e+06
       4870.00   4.96700e+06
       4890.00   5.44700e+06
       4910.00   5.46700e+06
       4930.00   5.31100e+06
       4950.00   5.57600e+06
       4970.00   5.60200e+06
       4990.00   5.18000e+06
       5010.00   4.90500e+06
       5030.00   5.23500e+06
       5050.00   5.19900e+06
       5070.00   5.42700e+06
       5090.00   5.16300e+06
       5110.00   5.25100e+06
       5130.00   5.10700e+06
       5150.00   4.85600e+06
       5170.00   4.06100e+06
       5190.00   4.24800e+06
       5210.00   4.93800e+06
       5230.00   5.21600e+06
       5250.00   5.47300e+06
       5270.00   4.70400e+06
       5290.00   5.45100e+06
       5310.00   5.75100e+06
       5330.00   5.04000e+06
       5350.00   5.51600e+06
       5370.00   5.49300e+06
       5390.00   5.39500e+06
       5410.00   5.21600e+06
       5430.00   5.35400e+06
       5450.00   5.54000e+06
       5470.00   5.44900e+06
       5490.00   5.42500e+06
       5510.00   5.39900e+06
       5530.00   5.49500e+06
       5550.00   5.59500e+06
       5570.00   5.40000e+06
       5590.00   5.23900e+06
       5610.00   5.48000e+06
       5630.00   5.49800e+06
       5650.00   5.50900e+06
       5670.00   5.37100e+06
       5690.00   5.46500e+06
       5710.00   5.30800e+06
       5730.00   5.70400e+06
       5750.00   5.51500e+06
       5770.00   5.57500e+06
       5790.00   5.36000e+06
       5810.00   5.54300e+06
       5830.00   5.65000e+06
       5850.00   5.49100e+06
       5870.00   5.50000e+06
       5890.00   4.79700e+06
       5910.00   5.42700e+06
       5930.00   5.43400e+06
       5950.00   5.44400e+06
       5970.00   5.47800e+06
       5990.00   5.41300e+06
       6010.00   5.31000e+06
       6030.00   5.35500e+06
       6050.00   5.46100e+06
       6070.00   5.41400e+06
       6090.00   5.25500e+06
       6110.00   5.23300e+06
       6130.00   4.99000e+06
       6150.00   5.12800e+06
       6170.00   4.86700e+06
       6190.00   5.20400e+06
       6210.00   5.21000e+06
       6230.00   5.05200e+06
       6250.00   4.91000e+06
       6270.00   5.11000e+06
       6290.00   5.14700e+06
       6310.00   4.98200e+06
       6330.00   5.00500e+06
       6350.00   5.02400e+06
       6370.00   5.00100e+06
       6390.00   5.04600e+06
       6410.00   4.91800e+06
       6430.00   4.97100e+06
       6450.00   4.90100e+06
       6470.00   4.87800e+06
       6490.00   4.80400e+06
       6510.00   4.94000e+06
       6530.00   4.95200e+06
       6550.00   4.84700e+06
       6570.00   4.53300e+06
       6590.00   4.84900e+06
       6610.00   4.90100e+06
       6630.00   4.85500e+06
       6650.00   4.84300e+06
       6670.00   4.77200e+06
       6690.00   4.85500e+06
       6710.00   4.72700e+06
       6730.00   4.81300e+06
       6750.00   4.74800e+06
       6770.00   4.74800e+06
       6790.00   4.72000e+06
       6810.00   4.68700e+06
       6830.00   4.72600e+06
       6850.00   4.60100e+06
       6870.00   4.65100e+06
       6890.00   4.65700e+06
       6910.00   4.62300e+06
       6930.00   4.59300e+06
       6950.00   4.56700e+06
       6970.00   4.56800e+06
       6990.00   4.53600e+06
       7010.00   4.41400e+06
       7030.00   4.48300e+06
       7050.00   4.50300e+06
       7070.00   4.44600e+06
       7090.00   4.42600e+06
       7110.00   4.44200e+06
       7130.00   4.35200e+06
       7150.00   4.31000e+06
       7170.00   4.33100e+06
       7190.00   4.19300e+06
       7210.00   4.27500e+06
       7230.00   4.30600e+06
       7250.00   4.30800e+06
       7270.00   4.29000e+06
       7290.00   4.16500e+06
       7310.00   4.23300e+06
       7330.00   4.20200e+06
       7350.00   4.21100e+06
       7370.00   4.22500e+06
       7390.00   4.11700e+06
       7410.00   4.06900e+06
       7430.00   4.11800e+06
       7450.00   4.11200e+06
       7470.00   4.13800e+06
       7490.00   4.09300e+06
       7510.00   4.09700e+06
       7530.00   4.10300e+06
       7550.00   4.10600e+06
       7570.00   4.05900e+06
       7590.00   4.04600e+06
       7610.00   4.02000e+06
       7630.00   4.03900e+06
       7650.00   4.02200e+06
       7670.00   3.89600e+06
       7690.00   3.99100e+06
       7710.00   3.93200e+06
       7730.00   3.93400e+06
       7750.00   3.88200e+06
       7770.00   3.95800e+06
       7790.00   3.93600e+06
       7810.00   3.91000e+06
       7830.00   3.86000e+06
       7850.00   3.85900e+06
       7870.00   3.87900e+06
       7890.00   3.83700e+06
       7910.00   3.76700e+06
       7930.00   3.69700e+06
       7950.00   3.68200e+06
       7970.00   3.76400e+06
       7990.00   3.75300e+06
       8010.00   3.70500e+06
       8030.00   3.70300e+06
       8050.00   3.66000e+06
       8070.00   3.67900e+06
       8090.00   3.59700e+06
       8110.00   3.61900e+06
       8130.00   3.64000e+06
       8150.00   3.61700e+06
       8170.00   3.60800e+06
       8190.00   3.48100e+06
       8210.00   3.50300e+06
       8230.00   3.49900e+06
       8250.00   3.53500e+06
       8270.00   3.55800e+06
       8290.00   3.53300e+06
       8310.00   3.44700e+06
       8330.00   3.42300e+06
       8350.00   3.43900e+06
       8370.00   3.45500e+06
       8390.00   3.35300e+06
       8410.00   3.44100e+06
       8430.00   3.36000e+06
       8450.00   3.39900e+06
       8470.00   3.36400e+06
       8490.00   3.33700e+06
       8510.00   3.18100e+06
       8530.00   3.27700e+06
       8550.00   2.83000e+06
       8570.00   3.35000e+06
       8590.00   3.29000e+06
       8610.00   3.28300e+06
       8630.00   3.30400e+06
       8650.00   3.26300e+06
       8670.00   2.82700e+06
       8690.00   3.16000e+06
       8710.00   3.22500e+06
       8730.00   3.21800e+06
       8750.00   3.18400e+06
       8770.00   3.22100e+06
       8790.00   3.19100e+06
       8810.00   3.08700e+06
       8830.00   3.15100e+06
       8850.00   3.16700e+06
       8870.00   3.09400e+06
       8890.00   3.16300e+06
       8910.00   3.16800e+06
       8930.00   3.09900e+06
       8950.00   3.09000e+06
       8970.00   3.09300e+06
       8990.00   3.10100e+06
       9010.00   2.95800e+06
       9030.00   3.05100e+06
       9050.00   3.09400e+06
       9070.00   3.05000e+06
       9090.00   2.96000e+06
       9110.00   2.97200e+06
       9130.00   3.02200e+06
       9150.00   2.95500e+06
       9170.00   2.92200e+06
       9190.00   2.93000e+06
       9210.00   2.85400e+06
       9230.00   2.84100e+06
       9250.00   2.82900e+06
       9270.00   2.86700e+06
       9290.00   2.85000e+06
       9310.00   2.87700e+06
       9330.00   2.86200e+06
       9350.00   2.84200e+06
       9370.00   2.82400e+06
       9390.00   2.81400e+06
       9410.00   2.71200e+06
       9430.00   2.77300e+06
       9450.00   2.72500e+06
       9470.00   2.77600e+06
       9490.00   2.77500e+06
       9510.00   2.76700e+06
       9530.00   2.74100e+06
       9550.00   2.69300e+06
       9570.00   2.71600e+06
       9590.00   2.73900e+06
       9610.00   2.71100e+06
       9630.00   2.68900e+06
       9650.00   2.65800e+06
       9670.00   2.65300e+06
       9690.00   2.68200e+06
       9710.00   2.66000e+06
       9730.00   2.65200e+06
       9750.00   2.62700e+06
       9770.00   2.63000e+06
       9790.00   2.59800e+06
       9810.00   2.63200e+06
       9830.00   2.61300e+06
       9850.00   2.62000e+06
       9870.00   2.59700e+06
       9890.00   2.59400e+06
       9910.00   2.57400e+06
       9930.00   2.59300e+06
       9950.00   2.57900e+06
       9970.00   2.57500e+06
       9990.00   2.56200e+06
       10025.0   2.54100e+06
       10075.0   2.50300e+06
       10125.0   2.49800e+06
       10175.0   2.45400e+06
       10225.0   2.44600e+06
       10275.0   2.43900e+06
       10325.0   2.39400e+06
       10375.0   2.37300e+06
       10425.0   2.37100e+06
       10475.0   2.33500e+06
       10525.0   2.32800e+06
       10575.0   2.29500e+06
       10625.0   2.27300e+06
       10675.0   2.22700e+06
       10725.0   2.22700e+06
       10775.0   2.19500e+06
       10825.0   2.14400e+06
       10875.0   2.13700e+06
       10925.0   2.11700e+06
       10975.0   2.04400e+06
       11025.0   2.04300e+06
       11075.0   2.04800e+06
       11125.0   2.02700e+06
       11175.0   2.01900e+06
       11225.0   2.01100e+06
       11275.0   1.96700e+06
       11325.0   1.97700e+06
       11375.0   1.94500e+06
       11425.0   1.92700e+06
       11475.0   1.94400e+06
       11525.0   1.93200e+06
       11575.0   1.90300e+06
       11625.0   1.87200e+06
       11675.0   1.87100e+06
       11725.0   1.88100e+06
       11775.0   1.84000e+06
       11825.0   1.81200e+06
       11875.0   1.80100e+06
       11925.0   1.82500e+06
       11975.0   1.74300e+06
       12025.0   1.76700e+06
       12075.0   1.74200e+06
       12125.0   1.74900e+06
       12175.0   1.75300e+06
       12225.0   1.73900e+06
       12275.0   1.71800e+06
       12325.0   1.70800e+06
       12375.0   1.69600e+06
       12425.0   1.67500e+06
       12475.0   1.67400e+06
       12525.0   1.65500e+06
       12575.0   1.64600e+06
       12625.0   1.63300e+06
       12675.0   1.61100e+06
       12725.0   1.61100e+06
       12775.0   1.60200e+06
       12825.0   1.52900e+06
       12875.0   1.56700e+06
       12925.0   1.54900e+06
       12975.0   1.55300e+06
       13025.0   1.53200e+06
       13075.0   1.53200e+06
       13125.0   1.49800e+06
       13175.0   1.48900e+06
       13225.0   1.49600e+06
       13275.0   1.46800e+06
       13325.0   1.46800e+06
       13375.0   1.45600e+06
       13425.0   1.45700e+06
       13475.0   1.44400e+06
       13525.0   1.43600e+06
       13575.0   1.40900e+06
       13625.0   1.40400e+06
       13675.0   1.39700e+06
       13725.0   1.39300e+06
       13775.0   1.38100e+06
       13825.0   1.37600e+06
       13875.0   1.36300e+06
       13925.0   1.35800e+06
       13975.0   1.34700e+06
       14025.0   1.32700e+06
       14075.0   1.32300e+06
       14125.0   1.29400e+06
       14175.0   1.29900e+06
       14225.0   1.27100e+06
       14275.0   1.24400e+06
       14325.0   1.26800e+06
       14375.0   1.27000e+06
       14425.0   1.22500e+06
       14475.0   1.25100e+06
       14525.0   1.22100e+06
       14570.0   1.22200e+06
       14620.0   1.21700e+06
       14675.0   1.20700e+06
       14725.0   1.18400e+06
       14775.0   1.18400e+06
       14825.0   1.18000e+06
       14875.0   1.14200e+06
       14925.0   1.18100e+06
       14975.0   1.16200e+06
       15025.0   1.10900e+06
       15075.0   1.11900e+06
       15125.0   1.14200e+06
       15175.0   1.14200e+06
       15225.0   1.12100e+06
       15275.0   1.12600e+06
       15325.0   1.11600e+06
       15375.0   1.11200e+06
       15425.0   1.10900e+06
       15475.0   1.10200e+06
       15525.0   1.08300e+06
       15575.0   1.07600e+06
       15625.0   1.08300e+06
       15675.0   1.05400e+06
       15725.0   1.05700e+06
       15775.0   1.00500e+06
       15825.0   1.03100e+06
       15875.0       995500.
       15925.0   1.01500e+06
       15975.0   1.01600e+06
       16050.0   1.00700e+06
       16150.0       985600.
       16250.0       982200.
       16350.0       959900.
       16450.0       938400.
       16550.0       935800.
       16650.0       916800.
       16750.0       887500.
       16850.0       864600.
       16950.0       870800.
       17050.0       841100.
       17150.0       824100.
       17250.0       804600.
       17350.0       773000.
       17450.0       773000.
       17550.0       765100.
       17650.0       750000.
       17750.0       733100.
       17850.0       723900.
       17950.0       710000.
       18050.0       692600.
       18150.0       667600.
       18250.0       661800.
       18350.0       651800.
       18450.0       632600.
       18550.0       627900.
       18650.0       609600.
       18750.0       579500.
       18850.0       590400.
       18950.0       566000.
       19050.0       571900.
       19150.0       558800.
       19250.0       549600.
       19350.0       534000.
       19450.0       511500.
       19550.0       519300.
       19650.0       508500.
       19750.0       495600.
       19850.0       490400.
       19950.0       481900.
       20050.0       477500.
       20150.0       471500.
       20250.0       457800.
       20350.0       447200.
       20450.0       446400.
       20550.0       436400.
       20650.0       425600.
       20750.0       421000.
       20850.0       413500.
       20950.0       402800.
       21050.0       400900.
       21150.0       393000.
       21250.0       386200.
       21350.0       380800.
       21450.0       374900.
       21550.0       368600.
       21650.0       352100.
       21750.0       352500.
       21850.0       347800.
       21950.0       345000.
       22050.0       334700.
       22150.0       334100.
       22250.0       326800.
       22350.0       321600.
       22450.0       316700.
       22550.0       311300.
       22650.0       305200.
       22750.0       302600.
       22850.0       294800.
       22950.0       283000.
       23050.0       284200.
       23150.0       280100.
       23250.0       265600.
       23350.0       267100.
       23450.0       266900.
       23550.0       251200.
       23650.0       255800.
       23750.0       251300.
       23850.0       238900.
       23950.0       243000.
       24050.0       241000.
       24150.0       229500.
       24250.0       231100.
       24350.0       229100.
       24450.0       222400.
       24550.0       217300.
       24650.0       219800.
       24750.0       213600.
       24850.0       207300.
       24950.0       209400.
       25050.0       207100.
       25150.0       201000.
       25250.0       201100.
       25350.0       198400.
       25450.0       193600.
       25550.0       191600.
       25650.0       189500.
       25750.0       188600.
       25850.0       181800.
       25950.0       182200.
       26050.0       180600.
       26150.0       177600.
       26250.0       171000.
       26350.0       172100.
       26450.0       169500.
       26550.0       167200.
       26650.0       164000.
       26750.0       164300.
       26850.0       162600.
       26950.0       159800.
       27050.0       158100.
       27150.0       155900.
       27250.0       153900.
       27350.0       151700.
       27450.0       150300.
       27550.0       147700.
       27650.0       145600.
       27750.0       143800.
       27850.0       142100.
       27950.0       140600.
       28050.0       138600.
       28150.0       136900.
       28250.0       135200.
       28350.0       133700.
       28450.0       131400.
       28550.0       130000.
       28650.0       128200.
       28750.0       126100.
       28850.0       125000.
       28950.0       123600.
       29050.0       121900.
       29150.0       120500.
       29250.0       118000.
       29350.0       117300.
       29450.0       115500.
       29550.0       114400.
       29650.0       112900.
       29750.0       111600.
       29850.0       110200.
       29950.0       108600.
       30050.0       107200.
       30150.0       106200.
       30250.0       104700.
       30350.0       102800.
       30450.0       101900.
       30550.0       101000.
       30650.0       99510.0
       30750.0       98670.0
       30850.0       96990.0
       30950.0       95910.0
       31050.0       95130.0
       31150.0       92890.0
       31250.0       92730.0
       31350.0       91480.0
       31450.0       90600.0
       31550.0       89060.0
       31650.0       88250.0
       31750.0       87190.0
       31850.0       86200.0
       31950.0       85350.0
       32100.0       83730.0
       32300.0       81680.0
       32500.0       79860.0
       32700.0       77990.0
       32900.0       75760.0
       33100.0       74290.0
       33300.0       72460.0
       33500.0       71140.0
       33700.0       69500.0
       33900.0       67690.0
       34100.0       66210.0
       34300.0       65100.0
       34500.0       63630.0
       34700.0       62280.0
       34900.0       60980.0
       35100.0       59650.0
       35300.0       58230.0
       35500.0       57140.0
       35700.0       55800.0
       35900.0       54610.0
       36100.0       53670.0
       36300.0       52490.0
       36500.0       51140.0
       36700.0       50080.0
       36900.0       48810.0
       37100.0       47780.0
       37300.0       47050.0
       37500.0       45650.0
       37700.0       45180.0
       37900.0       44290.0
       38100.0       43440.0
       38300.0       42720.0
       38500.0       41910.0
       38700.0       40970.0
       38900.0       40130.0
       39100.0       39510.0
       39300.0       38720.0
       39500.0       37810.0
       39700.0       37210.0
       39900.0       36220.0
       40100.0       35700.0
       40300.0       35150.0
       40500.0       34230.0
       40700.0       33730.0
       40900.0       33180.0
       41100.0       32570.0
       41300.0       32040.0
       41500.0       31360.0
       41700.0       30830.0
       41900.0       30240.0
       42100.0       29470.0
       42300.0       29250.0
       42500.0       28620.0
       42700.0       28190.0
       42900.0       26990.0
       43100.0       26090.0
       43300.0       25980.0
       43500.0       24840.0
       43700.0       24310.0
       43900.0       24100.0
       44100.0       22870.0
       44300.0       22780.0
       44500.0       22470.0
       44700.0       21490.0
       44900.0       21540.0
       45100.0       21100.0
       45300.0       20310.0
       45500.0       20300.0
       45700.0       20080.0
       45900.0       19280.0
       46100.0       19300.0
       46300.0       18960.0
       46500.0       18630.0
       46700.0       18450.0
       46900.0       18210.0
       47100.0       17840.0
       47300.0       17780.0
       47500.0       17420.0
       47700.0       17140.0
       47900.0       16900.0
       48100.0       16550.0
       48300.0       16520.0
       48500.0       16190.0
       48700.0       15900.0
       48900.0       15710.0
       49100.0       15450.0
       49300.0       15230.0
       49500.0       14980.0
       49700.0       14790.0
       49900.0       14580.0
       50100.0       14280.0
       50300.0       14200.0
       50500.0       13900.0
       50700.0       13730.0
       50900.0       13570.0
       51100.0       13300.0
       51300.0       13170.0
       51500.0       12970.0
       51700.0       12880.0
       51900.0       12620.0
       52100.0       12430.0
       52300.0       12250.0
       52500.0       12140.0
       52700.0       12020.0
       52900.0       11740.0
       53100.0       11610.0
       53300.0       11470.0
       53500.0       11320.0
       53700.0       11160.0
       53900.0       11040.0
       54100.0       10880.0
       54300.0       10670.0
       54500.0       10600.0
       54700.0       10430.0
       54900.0       10290.0
       55100.0       10170.0
       55300.0       10100.0
       55500.0       9871.00
       55700.0       9829.00
       55900.0       9631.00
       56100.0       9533.00
       56300.0       9384.00
       56500.0       9314.00
       56700.0       9193.00
       56900.0       9019.00
       57100.0       8961.00
       57300.0       8841.00
       57500.0       8726.00
       57700.0       8602.00
       57900.0       8519.00
       58100.0       8385.00
       58300.0       8287.00
       58500.0       8196.00
       58700.0       8067.00
       58900.0       7958.00
       59100.0       7882.00
       59300.0       7784.00
       59500.0       7665.00
       59700.0       7601.00
       59900.0       7505.00
       60100.0       7405.00
       60300.0       7319.00
       60500.0       7218.00
       60700.0       7129.00
       60900.0       7033.00
       61100.0       6933.00
       61300.0       6871.00
       61500.0       6794.00
       61700.0       6715.00
       61900.0       6637.00
       62100.0       6558.00
       62300.0       6455.00
       62500.0       6378.00
       62700.0       6306.00
       62900.0       6240.00
       63100.0       6150.00
       63300.0       6101.00
       63500.0       6018.00
       63700.0       5955.00
       63900.0       5874.00
       64200.0       5778.00
       64600.0       5635.00
       65000.0       5502.00
       65400.0       5382.00
       65800.0       5260.00
       66200.0       5135.00
       66600.0       5020.00
       67000.0       4903.00
       67400.0       4787.00
       67800.0       4684.00
       68200.0       4578.00
       68600.0       4476.00
       69000.0       4375.00
       69400.0       4276.00
       69800.0       4185.00
       70200.0       4086.00
       70600.0       4002.00
       71000.0       3916.00
       71400.0       3830.00
       71800.0       3747.00
       72200.0       3667.00
       72600.0       3588.00
       73000.0       3514.00
       73400.0       3437.00
       73800.0       3367.00
       74200.0       3294.00
       74600.0       3221.00
       75000.0       3159.00
       75400.0       3094.00
       75800.0       3032.00
       76200.0       2970.00
       76600.0       2910.00
       77000.0       2849.00
       77400.0       2794.00
       77800.0       2738.00
       78200.0       2683.00
       78600.0       2630.00
       79000.0       2578.00
       79400.0       2528.00
       79800.0       2478.00
       80200.0       2429.00
       80600.0       2381.00
       81000.0       2337.00
       81400.0       2290.00
       81800.0       2248.00
       82200.0       2206.00
       82600.0       2164.00
       83000.0       2124.00
       83400.0       2083.00
       83800.0       2044.00
       84200.0       2008.00
       84600.0       1970.00
       85000.0       1934.00
       85400.0       1899.00
       85800.0       1864.00
       86200.0       1830.00
       86600.0       1798.00
       87000.0       1766.00
       87400.0       1734.00
       87800.0       1703.00
       88200.0       1672.00
       88600.0       1642.00
       89000.0       1613.00
       89400.0       1586.00
       89800.0       1557.00
       90200.0       1531.00
       90600.0       1505.00
       91000.0       1478.00
       91400.0       1453.00
       91800.0       1429.00
       92200.0       1405.00
       92600.0       1381.00
       93000.0       1358.00
       93400.0       1335.00
       93800.0       1313.00
       94200.0       1291.00
       94600.0       1269.00
       95000.0       1249.00
       95400.0       1228.00
       95800.0       1208.00
       96200.0       1189.00
       96600.0       1169.00
       97000.0       1151.00
       97400.0       1131.00
       97800.0       1112.00
       98200.0       1096.00
       98600.0       1079.00
       99000.0       1061.00
       99400.0       1044.00
       99800.0       1029.00
       100200.       1013.00
       200000.       65.4600
       400000.       4.11000
       600000.      0.808000
       800000.      0.254100
   1.00000e+06      0.103400
   1.20000e+06     0.0495900
   1.40000e+06     0.0266200
   1.60000e+06     0.0155300
