       90.9000   3.72800e-15
       93.5000   1.85600e-14
       96.1000   8.50800e-14
       97.7000   2.10300e-13
       99.6000   5.92800e-13
       102.000   2.08600e-12
       103.800   5.18000e-12
       105.600   1.24900e-11
       107.700   3.37000e-11
       110.400   1.14500e-10
       114.000   5.36900e-10
       117.800   2.49100e-09
       121.300   9.43200e-09
       124.800   3.31800e-08
       127.100   7.30900e-08
       128.400   1.12800e-07
       130.500   2.23200e-07
       132.400   4.06600e-07
       133.900   6.44900e-07
       136.600   1.44400e-06
       139.800   3.60900e-06
       143.300   9.37600e-06
       147.200   2.56800e-05
       151.000   6.56300e-05
       155.200   0.000174900
       158.800   0.000389200
       162.000   0.000769200
       166.000    0.00174300
       170.300    0.00401900
       173.400    0.00718000
       176.800     0.0132800
       180.200     0.0239400
       181.700     0.0309800
       186.100     0.0637100
       191.000      0.137200
       193.900      0.212200
       198.400      0.408500
       201.800      0.655900
       205.000       1.01100
       210.500       2.06900
       216.200       4.16500
       219.800       6.42300
       223.000       9.29100
       226.800       14.2400
       230.000       14560.0
       234.000       33550.0
       240.000       49030.0
       246.500       76310.0
       252.400       121000.
       256.800       160400.
       260.000       279900.
       264.000       586400.
       268.500       886500.
       273.500   1.12900e+06
       278.500   1.24900e+06
       284.000   2.42800e+06
       290.000   3.31700e+06
       296.000   3.99700e+06
       301.000   8.50100e+06
       308.000   1.83400e+07
       318.000   4.37300e+07
       328.000   6.12400e+07
       338.000   1.10000e+08
       348.000   1.60600e+08
       357.000   3.20700e+08
       366.000   6.66000e+08
       375.000   7.38900e+08
       385.000   8.86100e+08
       395.000   1.47000e+09
       405.000   1.87400e+09
       414.000   1.98900e+09
       422.000   2.13700e+09
       430.000   2.12800e+09
       441.000   2.52000e+09
       451.000   2.61900e+09
       460.000   2.48500e+09
       470.000   2.76300e+09
       480.000   3.17700e+09
       490.000   2.95300e+09
       500.000   3.64000e+09
       506.000   5.21100e+09
       512.000   2.28800e+10
       520.000   2.15200e+10
       530.000   1.89700e+10
       540.000   1.71900e+10
       550.000   1.80800e+10
       560.000   2.43900e+10
       570.000   2.70700e+10
       580.000   2.52000e+10
       590.000   2.59600e+10
       600.000   1.96300e+10
       610.000   2.33200e+10
       620.000   2.91400e+10
       630.000   2.78500e+10
       640.000   2.90700e+10
       650.000   2.76400e+10
       658.000   2.23700e+10
       665.000   2.72100e+10
       675.000   3.08800e+10
       685.000   2.36300e+10
       695.000   3.06200e+10
       705.000   2.35100e+10
       716.000   3.23000e+10
       726.000   3.17000e+10
       735.000   3.19300e+10
       745.000   2.91200e+10
       755.000   2.91000e+10
       765.000   2.82400e+10
       775.000   2.98000e+10
       785.000   2.92900e+10
       795.000   3.04500e+10
       805.000   2.90500e+10
       815.000   2.88900e+10
       825.000   3.00700e+10
       835.000   2.41600e+10
       845.000   2.85500e+10
       855.000   2.80000e+10
       865.000   2.88000e+10
       875.000   2.87000e+10
       885.000   2.87100e+10
       895.000   2.86000e+10
       905.000   2.76400e+10
       915.000   2.73300e+10
       925.000   6.01200e+10
       935.000   8.56800e+10
       945.000   9.83800e+10
       955.000   1.04700e+11
       965.000   1.12800e+11
       975.000   6.40100e+10
       985.000   9.43500e+10
       995.000   8.57800e+10
       1005.00   8.70400e+10
       1015.00   9.08000e+10
       1025.00   7.98600e+10
       1035.00   8.97900e+10
       1045.00   9.73200e+10
       1055.00   9.34000e+10
       1065.00   8.51100e+10
       1075.00   8.56100e+10
       1085.00   7.99600e+10
       1095.00   8.29000e+10
       1105.00   7.97000e+10
       1115.00   7.81600e+10
       1125.00   6.85100e+10
       1135.00   7.53200e+10
       1145.00   7.36500e+10
       1155.00   6.93600e+10
       1165.00   6.71100e+10
       1175.00   4.91100e+10
       1185.00   6.13300e+10
       1195.00   5.95400e+10
       1205.00   5.78800e+10
       1215.00   4.91500e+10
       1225.00   5.51800e+10
       1235.00   5.78000e+10
       1245.00   5.59400e+10
       1255.00   5.55500e+10
       1265.00   5.65700e+10
       1275.00   5.75700e+10
       1285.00   5.71600e+10
       1295.00   5.47300e+10
       1305.00   5.36600e+10
       1315.00   5.52400e+10
       1325.00   5.36400e+10
       1335.00   5.20400e+10
       1345.00   5.21400e+10
       1355.00   5.02000e+10
       1365.00   4.88100e+10
       1375.00   4.73000e+10
       1385.00   4.61900e+10
       1395.00   4.02800e+10
       1405.00   3.97800e+10
       1415.00   4.41700e+10
       1425.00   3.98300e+10
       1435.00   4.19200e+10
       1442.00   4.10600e+10
       1447.00   4.09100e+10
       1455.00   3.91300e+10
       1465.00   3.85900e+10
       1475.00   3.85000e+10
       1485.00   3.85000e+10
       1495.00   3.72500e+10
       1505.00   3.68700e+10
       1512.00   3.63100e+10
       1517.00   3.63000e+10
       1525.00   3.50600e+10
       1535.00   3.14000e+10
       1545.00   2.61300e+10
       1555.00   2.65600e+10
       1565.00   2.95700e+10
       1575.00   3.07400e+10
       1585.00   3.07200e+10
       1595.00   3.03900e+10
       1605.00   2.85200e+10
       1615.00   2.74300e+10
       1625.00   2.78800e+10
       1635.00   2.78800e+10
       1645.00   2.74400e+10
       1655.00   2.77900e+10
       1665.00   2.72700e+10
       1672.00   2.53100e+10
       1677.00   2.87700e+10
       1685.00   2.75700e+10
       1695.00   2.67700e+10
       1705.00   2.63900e+10
       1715.00   2.52400e+10
       1725.00   2.45300e+10
       1735.00   2.52400e+10
       1745.00   2.49100e+10
       1755.00   2.43700e+10
       1765.00   2.41100e+10
       1775.00   2.34100e+10
       1785.00   2.35600e+10
       1795.00   2.29000e+10
       1805.00   2.27600e+10
       1815.00   2.22900e+10
       1825.00   2.18300e+10
       1835.00   2.18200e+10
       1845.00   2.11400e+10
       1855.00   2.11200e+10
       1865.00   2.09400e+10
       1875.00   2.04100e+10
       1885.00   1.97600e+10
       1895.00   1.96300e+10
       1905.00   1.97400e+10
       1915.00   1.93100e+10
       1925.00   1.82700e+10
       1935.00   1.89300e+10
       1945.00   1.88900e+10
       1955.00   1.76200e+10
       1967.00   1.80700e+10
       1976.00   1.80700e+10
       1984.00   1.77400e+10
       1995.00   1.72300e+10
       2005.00   1.74100e+10
       2015.00   1.72300e+10
       2025.00   1.70300e+10
       2035.00   1.65900e+10
       2045.00   1.63000e+10
       2055.00   1.29300e+10
       2065.00   1.24900e+10
       2074.00   1.29900e+10
       2078.00   1.30900e+10
       2085.00   1.41500e+10
       2095.00   1.48500e+10
       2105.00   1.48700e+10
       2115.00   1.49500e+10
       2125.00   1.46300e+10
       2135.00   1.45300e+10
       2145.00   1.42900e+10
       2155.00   1.42700e+10
       2165.00   1.36400e+10
       2175.00   1.39000e+10
       2185.00   1.34500e+10
       2195.00   1.36200e+10
       2205.00   1.34100e+10
       2215.00   1.29100e+10
       2225.00   1.29900e+10
       2235.00   1.28100e+10
       2245.00   1.25900e+10
       2255.00   1.22100e+10
       2265.00   1.22700e+10
       2275.00   1.21400e+10
       2285.00   1.18600e+10
       2295.00   1.10300e+10
       2305.00   1.13300e+10
       2315.00   1.13300e+10
       2325.00   1.12600e+10
       2335.00   1.10900e+10
       2345.00   1.09100e+10
       2355.00   1.07100e+10
       2365.00   1.05500e+10
       2375.00   1.03500e+10
       2385.00   9.92400e+09
       2395.00   9.99000e+09
       2405.00   9.94200e+09
       2415.00   9.82400e+09
       2425.00   9.75000e+09
       2435.00   9.59000e+09
       2445.00   9.47100e+09
       2455.00   9.32900e+09
       2465.00   9.21200e+09
       2475.00   9.10100e+09
       2485.00   8.86300e+09
       2495.00   7.10900e+09
       2505.00   8.54900e+09
       2513.00   8.21300e+09
       2518.00   8.37800e+09
       2525.00   8.48400e+09
       2535.00   8.42000e+09
       2545.00   8.29200e+09
       2555.00   8.17700e+09
       2565.00   8.08500e+09
       2575.00   7.97700e+09
       2585.00   7.87900e+09
       2595.00   7.72600e+09
       2605.00   7.69400e+09
       2615.00   7.55000e+09
       2625.00   7.49300e+09
       2635.00   7.41300e+09
       2645.00   7.29300e+09
       2655.00   7.21700e+09
       2665.00   7.09400e+09
       2675.00   6.93400e+09
       2685.00   6.93300e+09
       2695.00   6.81300e+09
       2705.00   6.76700e+09
       2715.00   6.65800e+09
       2725.00   6.58700e+09
       2735.00   6.40100e+09
       2745.00   6.45400e+09
       2755.00   6.36700e+09
       2765.00   6.27100e+09
       2775.00   6.22600e+09
       2785.00   6.12500e+09
       2795.00   5.97500e+09
       2805.00   5.97100e+09
       2815.00   5.92200e+09
       2825.00   5.84100e+09
       2835.00   5.76200e+09
       2845.00   5.72200e+09
       2855.00   5.64700e+09
       2865.00   5.55800e+09
       2875.00   5.50200e+09
       2885.00   5.44200e+09
       2895.00   5.37700e+09
       2910.00   5.26700e+09
       2930.00   5.16700e+09
       2950.00   5.03100e+09
       2970.00   4.91600e+09
       2990.00   4.77700e+09
       3010.00   4.66300e+09
       3030.00   4.54000e+09
       3050.00   4.46300e+09
       3070.00   4.37500e+09
       3090.00   4.27000e+09
       3110.00   4.19200e+09
       3130.00   4.09300e+09
       3150.00   4.01200e+09
       3170.00   3.92100e+09
       3190.00   3.83800e+09
       3210.00   3.72200e+09
       3230.00   3.67700e+09
       3250.00   3.60800e+09
       3270.00   3.50300e+09
       3290.00   3.44700e+09
       3310.00   3.37200e+09
       3330.00   3.29800e+09
       3350.00   3.21400e+09
       3370.00   3.15800e+09
       3390.00   3.10700e+09
       3410.00   3.04100e+09
       3430.00   2.98200e+09
       3450.00   2.90800e+09
       3470.00   2.86100e+09
       3490.00   2.80500e+09
       3510.00   2.75200e+09
       3530.00   2.69700e+09
       3550.00   2.64200e+09
       3570.00   2.59500e+09
       3590.00   2.53700e+09
       3610.00   2.48300e+09
       3630.00   2.43700e+09
       3640.00   2.39600e+09
       3650.00   2.23900e+09
       3670.00   2.20100e+09
       3690.00   2.16200e+09
       3710.00   2.11500e+09
       3730.00   2.09200e+09
       3750.00   2.11000e+09
       3770.00   2.09200e+09
       3790.00   2.12200e+09
       3810.00   2.14500e+09
       3830.00   1.99500e+09
       3850.00   2.11100e+09
       3870.00   2.06600e+09
       3890.00   1.88500e+09
       3910.00   2.02600e+09
       3930.00   1.96800e+09
       3950.00   1.93600e+09
       3970.00   1.73900e+09
       3990.00   1.88100e+09
       4010.00   1.84500e+09
       4030.00   1.78400e+09
       4050.00   1.78700e+09
       4070.00   1.73600e+09
       4090.00   1.66600e+09
       4110.00   1.55600e+09
       4130.00   1.64800e+09
       4150.00   1.62300e+09
       4170.00   1.60600e+09
       4190.00   1.57500e+09
       4210.00   1.54000e+09
       4230.00   1.52900e+09
       4250.00   1.49600e+09
       4270.00   1.46700e+09
       4290.00   1.44500e+09
       4310.00   1.41300e+09
       4330.00   1.35400e+09
       4350.00   1.27700e+09
       4370.00   1.34700e+09
       4390.00   1.31600e+09
       4410.00   1.30000e+09
       4430.00   1.28600e+09
       4450.00   1.26500e+09
       4470.00   1.22900e+09
       4490.00   1.22500e+09
       4510.00   1.19700e+09
       4530.00   1.18200e+09
       4550.00   1.15300e+09
       4570.00   1.14900e+09
       4590.00   1.12700e+09
       4610.00   1.11000e+09
       4630.00   1.08700e+09
       4650.00   1.04000e+09
       4670.00   1.05400e+09
       4690.00   1.02100e+09
       4710.00   1.02000e+09
       4730.00   1.01600e+09
       4750.00   1.00000e+09
       4770.00   9.86100e+08
       4790.00   9.70900e+08
       4810.00   9.55300e+08
       4830.00   9.39600e+08
       4850.00   9.07800e+08
       4870.00   8.42200e+08
       4890.00   8.96900e+08
       4910.00   8.83900e+08
       4930.00   8.63200e+08
       4950.00   8.56800e+08
       4970.00   8.47000e+08
       4990.00   8.34500e+08
       5010.00   8.14200e+08
       5030.00   8.08400e+08
       5050.00   7.95500e+08
       5070.00   7.86500e+08
       5090.00   7.75000e+08
       5110.00   7.63700e+08
       5130.00   7.52300e+08
       5150.00   7.41500e+08
       5170.00   7.30800e+08
       5190.00   7.20700e+08
       5210.00   7.10700e+08
       5230.00   7.00700e+08
       5250.00   6.89200e+08
       5270.00   6.79400e+08
       5290.00   6.71500e+08
       5310.00   6.62000e+08
       5330.00   6.52800e+08
       5350.00   6.43800e+08
       5370.00   6.34900e+08
       5390.00   6.26000e+08
       5410.00   6.10800e+08
       5430.00   6.09100e+08
       5450.00   6.00800e+08
       5470.00   5.92500e+08
       5490.00   5.84500e+08
       5510.00   5.76200e+08
       5530.00   5.68800e+08
       5550.00   5.61300e+08
       5570.00   5.53500e+08
       5590.00   5.44900e+08
       5610.00   5.39100e+08
       5630.00   5.32000e+08
       5650.00   5.24900e+08
       5670.00   5.17700e+08
       5690.00   5.04400e+08
       5710.00   4.85800e+08
       5730.00   4.79800e+08
       5750.00   4.73400e+08
       5770.00   4.67900e+08
       5790.00   4.62100e+08
       5810.00   4.55600e+08
       5830.00   4.51000e+08
       5850.00   4.47500e+08
       5870.00   4.36500e+08
       5890.00   4.38700e+08
       5910.00   4.35000e+08
       5930.00   4.31200e+08
       5950.00   4.27800e+08
       5970.00   4.24500e+08
       5990.00   4.20500e+08
       6010.00   4.16200e+08
       6030.00   4.10700e+08
       6050.00   4.05800e+08
       6070.00   4.00800e+08
       6090.00   3.96200e+08
       6110.00   3.91000e+08
       6130.00   3.86200e+08
       6150.00   3.81500e+08
       6170.00   3.76300e+08
       6190.00   3.72600e+08
       6210.00   3.68200e+08
       6230.00   3.63000e+08
       6250.00   3.59100e+08
       6270.00   3.55000e+08
       6290.00   3.50800e+08
       6310.00   3.45500e+08
       6330.00   3.42500e+08
       6350.00   3.38300e+08
       6370.00   3.34400e+08
       6390.00   3.30400e+08
       6410.00   3.25500e+08
       6430.00   3.22700e+08
       6450.00   3.18800e+08
       6470.00   3.14800e+08
       6490.00   3.11300e+08
       6510.00   3.07700e+08
       6530.00   3.02600e+08
       6550.00   2.97200e+08
       6570.00   2.73400e+08
       6590.00   2.93100e+08
       6610.00   2.90500e+08
       6630.00   2.87300e+08
       6650.00   2.84000e+08
       6670.00   2.78700e+08
       6690.00   2.74600e+08
       6710.00   2.74000e+08
       6730.00   2.70900e+08
       6750.00   2.68000e+08
       6770.00   2.65300e+08
       6790.00   2.62300e+08
       6810.00   2.59600e+08
       6830.00   2.56700e+08
       6850.00   2.53800e+08
       6870.00   2.50900e+08
       6890.00   2.46700e+08
       6910.00   2.45300e+08
       6930.00   2.42900e+08
       6950.00   2.40200e+08
       6970.00   2.37600e+08
       6990.00   2.35000e+08
       7010.00   2.32300e+08
       7030.00   2.29500e+08
       7050.00   2.27300e+08
       7070.00   2.22700e+08
       7090.00   2.22700e+08
       7110.00   2.20200e+08
       7130.00   2.17900e+08
       7150.00   2.15600e+08
       7170.00   2.12400e+08
       7190.00   2.10700e+08
       7210.00   2.08900e+08
       7230.00   2.06200e+08
       7250.00   2.04400e+08
       7270.00   2.02400e+08
       7290.00   1.99300e+08
       7310.00   1.98100e+08
       7330.00   1.96100e+08
       7350.00   1.94100e+08
       7370.00   1.92000e+08
       7390.00   1.90100e+08
       7410.00   1.88100e+08
       7430.00   1.86200e+08
       7450.00   1.84200e+08
       7470.00   1.82300e+08
       7490.00   1.80100e+08
       7510.00   1.78700e+08
       7530.00   1.76900e+08
       7550.00   1.75100e+08
       7570.00   1.73300e+08
       7590.00   1.70400e+08
       7610.00   1.69700e+08
       7630.00   1.68100e+08
       7650.00   1.66500e+08
       7670.00   1.64900e+08
       7690.00   1.63000e+08
       7710.00   1.61500e+08
       7730.00   1.59700e+08
       7750.00   1.58400e+08
       7770.00   1.56900e+08
       7790.00   1.55400e+08
       7810.00   1.53800e+08
       7830.00   1.52300e+08
       7850.00   1.50800e+08
       7870.00   1.49300e+08
       7890.00   1.47900e+08
       7910.00   1.46600e+08
       7930.00   1.45100e+08
       7950.00   1.43800e+08
       7970.00   1.42300e+08
       7990.00   1.41000e+08
       8010.00   1.39700e+08
       8030.00   1.38200e+08
       8050.00   1.37000e+08
       8070.00   1.35700e+08
       8090.00   1.34400e+08
       8110.00   1.33000e+08
       8130.00   1.31900e+08
       8150.00   1.30600e+08
       8170.00   1.29400e+08
       8190.00   1.27900e+08
       8210.00   1.24500e+08
       8230.00   1.22900e+08
       8250.00   1.22300e+08
       8270.00   1.20900e+08
       8290.00   1.20100e+08
       8310.00   1.19100e+08
       8330.00   1.17800e+08
       8350.00   1.16500e+08
       8370.00   1.15700e+08
       8390.00   1.14800e+08
       8410.00   1.13800e+08
       8430.00   1.12800e+08
       8450.00   1.11600e+08
       8470.00   1.10800e+08
       8490.00   1.09900e+08
       8510.00   1.08500e+08
       8530.00   1.08100e+08
       8550.00   1.06600e+08
       8570.00   1.06800e+08
       8590.00   1.04500e+08
       8610.00   1.03900e+08
       8630.00   1.04600e+08
       8650.00   1.02900e+08
       8670.00   9.94200e+07
       8690.00   1.02200e+08
       8710.00   1.01900e+08
       8730.00   1.00200e+08
       8750.00   9.47000e+07
       8770.00   9.79800e+07
       8790.00   9.88600e+07
       8810.00   9.81600e+07
       8830.00   9.71700e+07
       8850.00   9.38400e+07
       8870.00   8.92200e+07
       8890.00   9.43200e+07
       8910.00   9.40800e+07
       8930.00   9.32800e+07
       8950.00   9.25800e+07
       8970.00   9.18000e+07
       8990.00   9.01700e+07
       9010.00   8.39200e+07
       9030.00   8.62900e+07
       9050.00   8.84300e+07
       9070.00   8.75500e+07
       9090.00   8.71400e+07
       9110.00   8.65200e+07
       9130.00   8.58600e+07
       9150.00   8.51500e+07
       9170.00   8.43000e+07
       9190.00   8.35200e+07
       9210.00   8.13500e+07
       9230.00   7.49800e+07
       9250.00   8.01000e+07
       9270.00   8.07100e+07
       9290.00   8.02400e+07
       9310.00   7.94400e+07
       9330.00   7.89000e+07
       9350.00   7.75100e+07
       9370.00   7.74900e+07
       9390.00   7.70000e+07
       9410.00   7.63100e+07
       9430.00   7.57100e+07
       9450.00   7.51100e+07
       9470.00   7.43100e+07
       9490.00   7.38700e+07
       9510.00   7.27300e+07
       9530.00   7.09100e+07
       9550.00   6.55500e+07
       9570.00   7.06000e+07
       9590.00   7.08200e+07
       9610.00   7.02800e+07
       9630.00   6.96100e+07
       9650.00   6.92800e+07
       9670.00   6.87400e+07
       9690.00   6.81600e+07
       9710.00   6.65800e+07
       9730.00   6.69500e+07
       9750.00   6.65600e+07
       9770.00   6.59100e+07
       9790.00   6.55200e+07
       9810.00   6.50000e+07
       9830.00   6.44800e+07
       9850.00   6.39800e+07
       9870.00   6.34700e+07
       9890.00   6.29500e+07
       9910.00   6.23800e+07
       9930.00   6.20100e+07
       9950.00   6.15300e+07
       9970.00   6.10400e+07
       9990.00   6.05800e+07
       10025.0   5.83900e+07
       10075.0   5.66700e+07
       10125.0   5.68800e+07
       10175.0   5.64100e+07
       10225.0   5.53300e+07
       10275.0   5.42900e+07
       10325.0   5.31500e+07
       10375.0   5.23000e+07
       10425.0   5.12600e+07
       10475.0   5.03900e+07
       10525.0   4.94600e+07
       10575.0   4.85600e+07
       10625.0   4.76700e+07
       10675.0   4.67700e+07
       10725.0   4.59700e+07
       10775.0   4.51400e+07
       10825.0   4.40100e+07
       10875.0   4.35100e+07
       10925.0   4.06700e+07
       10975.0   4.15800e+07
       11025.0   4.11700e+07
       11075.0   4.05500e+07
       11125.0   3.98500e+07
       11175.0   3.91700e+07
       11225.0   3.84800e+07
       11275.0   3.78300e+07
       11325.0   3.71700e+07
       11375.0   3.65400e+07
       11425.0   3.59200e+07
       11475.0   3.53200e+07
       11525.0   3.47300e+07
       11575.0   3.41400e+07
       11625.0   3.34300e+07
       11675.0   3.29300e+07
       11725.0   3.24700e+07
       11775.0   3.19400e+07
       11825.0   3.14000e+07
       11875.0   3.08900e+07
       11925.0   3.03900e+07
       11975.0   2.97000e+07
       12025.0   2.94200e+07
       12075.0   2.89400e+07
       12125.0   2.84700e+07
       12175.0   2.80300e+07
       12225.0   2.75800e+07
       12275.0   2.71500e+07
       12325.0   2.67100e+07
       12375.0   2.62900e+07
       12425.0   2.58900e+07
       12475.0   2.54800e+07
       12525.0   2.50500e+07
       12575.0   2.46900e+07
       12625.0   2.43100e+07
       12675.0   2.39400e+07
       12725.0   2.35800e+07
       12775.0   2.29900e+07
       12825.0   2.17300e+07
       12875.0   2.24700e+07
       12925.0   2.21800e+07
       12975.0   2.17700e+07
       13025.0   2.15100e+07
       13075.0   2.12000e+07
       13125.0   2.08900e+07
       13175.0   2.05800e+07
       13225.0   2.02700e+07
       13275.0   1.99800e+07
       13325.0   1.96800e+07
       13375.0   1.93900e+07
       13425.0   1.91000e+07
       13475.0   1.88400e+07
       13525.0   1.85600e+07
       13575.0   1.83000e+07
       13625.0   1.80300e+07
       13675.0   1.77800e+07
       13725.0   1.75200e+07
       13775.0   1.72800e+07
       13825.0   1.70400e+07
       13875.0   1.68000e+07
       13925.0   1.65600e+07
       13975.0   1.63300e+07
       14025.0   1.61000e+07
       14075.0   1.58800e+07
       14125.0   1.56600e+07
       14175.0   1.54400e+07
       14225.0   1.52300e+07
       14275.0   1.50200e+07
       14325.0   1.48200e+07
       14375.0   1.46200e+07
       14425.0   1.44200e+07
       14475.0   1.42200e+07
       14525.0   1.40300e+07
       14570.0   1.38600e+07
       14620.0   1.36800e+07
       14675.0   1.34800e+07
       14725.0   1.33000e+07
       14775.0   1.30800e+07
       14825.0   1.29500e+07
       14875.0   1.27800e+07
       14925.0   1.26100e+07
       14975.0   1.24500e+07
       15025.0   1.22900e+07
       15075.0   1.21100e+07
       15125.0   1.19700e+07
       15175.0   1.18100e+07
       15225.0   1.16600e+07
       15275.0   1.15100e+07
       15325.0   1.13600e+07
       15375.0   1.12200e+07
       15425.0   1.10700e+07
       15475.0   1.09400e+07
       15525.0   1.08000e+07
       15575.0   1.06400e+07
       15625.0   1.05400e+07
       15675.0   1.03800e+07
       15725.0   1.02300e+07
       15775.0   1.01600e+07
       15825.0   1.00300e+07
       15875.0   9.79400e+06
       15925.0   9.76400e+06
       15975.0   9.68000e+06
       16050.0   9.48000e+06
       16150.0   9.17700e+06
       16250.0   9.07000e+06
       16350.0   8.80500e+06
       16450.0   8.50400e+06
       16550.0   8.43900e+06
       16650.0   8.24000e+06
       16750.0   7.99700e+06
       16850.0   7.71300e+06
       16950.0   7.68000e+06
       17050.0   7.47800e+06
       17150.0   7.33300e+06
       17250.0   7.16500e+06
       17350.0   6.82200e+06
       17450.0   6.83400e+06
       17550.0   6.69500e+06
       17650.0   6.54600e+06
       17750.0   6.40100e+06
       17850.0   6.26000e+06
       17950.0   6.12400e+06
       18050.0   5.99100e+06
       18150.0   5.70700e+06
       18250.0   5.71300e+06
       18350.0   5.61300e+06
       18450.0   5.49400e+06
       18550.0   5.37500e+06
       18650.0   5.21900e+06
       18750.0   5.00500e+06
       18850.0   5.04600e+06
       18950.0   4.94200e+06
       19050.0   4.82900e+06
       19150.0   4.74200e+06
       19250.0   4.64500e+06
       19350.0   4.54700e+06
       19450.0   4.32000e+06
       19550.0   4.36200e+06
       19650.0   4.28200e+06
       19750.0   4.19700e+06
       19850.0   4.11400e+06
       19950.0   4.03300e+06
       20050.0   3.95400e+06
       20150.0   3.87600e+06
       20250.0   3.80100e+06
       20350.0   3.72800e+06
       20450.0   3.65500e+06
       20550.0   3.58200e+06
       20650.0   3.51800e+06
       20750.0   3.45100e+06
       20850.0   3.38600e+06
       20950.0   3.32200e+06
       21050.0   3.26000e+06
       21150.0   3.19200e+06
       21250.0   3.14000e+06
       21350.0   3.08300e+06
       21450.0   3.02600e+06
       21550.0   2.96900e+06
       21650.0   2.82000e+06
       21750.0   2.85900e+06
       21850.0   2.81100e+06
       21950.0   2.76200e+06
       22050.0   2.71200e+06
       22150.0   2.66400e+06
       22250.0   2.61700e+06
       22350.0   2.57100e+06
       22450.0   2.52600e+06
       22550.0   2.48200e+06
       22650.0   2.43800e+06
       22750.0   2.39600e+06
       22850.0   2.35500e+06
       22950.0   2.31400e+06
       23050.0   2.27400e+06
       23150.0   2.23600e+06
       23250.0   2.19800e+06
       23350.0   2.16100e+06
       23450.0   2.12500e+06
       23550.0   2.08900e+06
       23650.0   2.05400e+06
       23750.0   2.02000e+06
       23850.0   1.98700e+06
       23950.0   1.95500e+06
       24050.0   1.92300e+06
       24150.0   1.89100e+06
       24250.0   1.86100e+06
       24350.0   1.83100e+06
       24450.0   1.80100e+06
       24550.0   1.77300e+06
       24650.0   1.74300e+06
       24750.0   1.71400e+06
       24850.0   1.69000e+06
       24950.0   1.65900e+06
       25050.0   1.63700e+06
       25150.0   1.61200e+06
       25250.0   1.58100e+06
       25350.0   1.56100e+06
       25450.0   1.53800e+06
       25550.0   1.51200e+06
       25650.0   1.48200e+06
       25750.0   1.46700e+06
       25850.0   1.44600e+06
       25950.0   1.42400e+06
       26050.0   1.39800e+06
       26150.0   1.36500e+06
       26250.0   1.31300e+06
       26350.0   1.33600e+06
       26450.0   1.31900e+06
       26550.0   1.29900e+06
       26650.0   1.27800e+06
       26750.0   1.24300e+06
       26850.0   1.24000e+06
       26950.0   1.22500e+06
       27050.0   1.20700e+06
       27150.0   1.18900e+06
       27250.0   1.17200e+06
       27350.0   1.15500e+06
       27450.0   1.13800e+06
       27550.0   1.10300e+06
       27650.0   1.09900e+06
       27750.0   1.09000e+06
       27850.0   1.07500e+06
       27950.0   1.05900e+06
       28050.0   1.04500e+06
       28150.0   1.03000e+06
       28250.0   1.01500e+06
       28350.0   1.00100e+06
       28450.0       987300.
       28550.0       973300.
       28650.0       955700.
       28750.0       924800.
       28850.0       932900.
       28950.0       921100.
       29050.0       908500.
       29150.0       896200.
       29250.0       884000.
       29350.0       872100.
       29450.0       860400.
       29550.0       848800.
       29650.0       837500.
       29750.0       826400.
       29850.0       815400.
       29950.0       804600.
       30050.0       794000.
       30150.0       783400.
       30250.0       772900.
       30350.0       746600.
       30450.0       744600.
       30550.0       743400.
       30650.0       733800.
       30750.0       724200.
       30850.0       714900.
       30950.0       705900.
       31050.0       696800.
       31150.0       687900.
       31250.0       679200.
       31350.0       670700.
       31450.0       662200.
       31550.0       653900.
       31650.0       645700.
       31750.0       637600.
       31850.0       629600.
       31950.0       621800.
       32100.0       610300.
       32300.0       595400.
       32500.0       580900.
       32700.0       566900.
       32900.0       542800.
       33100.0       538200.
       33300.0       527700.
       33500.0       515300.
       33700.0       503200.
       33900.0       491400.
       34100.0       480100.
       34300.0       469000.
       34500.0       458200.
       34700.0       447800.
       34900.0       437600.
       35100.0       427700.
       35300.0       418200.
       35500.0       408800.
       35700.0       399800.
       35900.0       391000.
       36100.0       382400.
       36300.0       374000.
       36500.0       365900.
       36700.0       358000.
       36900.0       350100.
       37100.0       342500.
       37300.0       332400.
       37500.0       323400.
       37700.0       321600.
       37900.0       314800.
       38100.0       307800.
       38300.0       301600.
       38500.0       295700.
       38700.0       289600.
       38900.0       283700.
       39100.0       276900.
       39300.0       272400.
       39500.0       266900.
       39700.0       261500.
       39900.0       256300.
       40100.0       250600.
       40300.0       244900.
       40500.0       236800.
       40700.0       236800.
       40900.0       232200.
       41100.0       227700.
       41300.0       223200.
       41500.0       219000.
       41700.0       212800.
       41900.0       210700.
       42100.0       206800.
       42300.0       203000.
       42500.0       199100.
       42700.0       195500.
       42900.0       191600.
       43100.0       188300.
       43300.0       184800.
       43500.0       181500.
       43700.0       176100.
       43900.0       174400.
       44100.0       171800.
       44300.0       168700.
       44500.0       165700.
       44700.0       162800.
       44900.0       160000.
       45100.0       157100.
       45300.0       154400.
       45500.0       151700.
       45700.0       149000.
       45900.0       146500.
       46100.0       143900.
       46300.0       141400.
       46500.0       135500.
       46700.0       134200.
       46900.0       134000.
       47100.0       132100.
       47300.0       129900.
       47500.0       127700.
       47700.0       125600.
       47900.0       123500.
       48100.0       121400.
       48300.0       119400.
       48500.0       117500.
       48700.0       115500.
       48900.0       113700.
       49100.0       111800.
       49300.0       110000.
       49500.0       108200.
       49700.0       106500.
       49900.0       104800.
       50100.0       103100.
       50300.0       101500.
       50500.0       99910.0
       50700.0       98340.0
       50900.0       96800.0
       51100.0       95140.0
       51300.0       91860.0
       51500.0       92270.0
       51700.0       90940.0
       51900.0       89540.0
       52100.0       88170.0
       52300.0       86830.0
       52500.0       85510.0
       52700.0       84220.0
       52900.0       82950.0
       53100.0       81700.0
       53300.0       80480.0
       53500.0       79280.0
       53700.0       78080.0
       53900.0       76940.0
       54100.0       75820.0
       54300.0       74700.0
       54500.0       73610.0
       54700.0       72540.0
       54900.0       71480.0
       55100.0       70440.0
       55300.0       69310.0
       55500.0       68430.0
       55700.0       67450.0
       55900.0       66490.0
       56100.0       65550.0
       56300.0       64620.0
       56500.0       63710.0
       56700.0       62810.0
       56900.0       61930.0
       57100.0       60830.0
       57300.0       60200.0
       57500.0       59380.0
       57700.0       58560.0
       57900.0       57750.0
       58100.0       56950.0
       58300.0       56170.0
       58500.0       55430.0
       58700.0       54670.0
       58900.0       53810.0
       59100.0       51870.0
       59300.0       52400.0
       59500.0       51460.0
       59700.0       50960.0
       59900.0       50410.0
       60100.0       49740.0
       60300.0       49080.0
       60500.0       48430.0
       60700.0       47800.0
       60900.0       47170.0
       61100.0       46550.0
       61300.0       45950.0
       61500.0       45350.0
       61700.0       44760.0
       61900.0       44180.0
       62100.0       43620.0
       62300.0       43060.0
       62500.0       42510.0
       62700.0       41920.0
       62900.0       40960.0
       63100.0       40820.0
       63300.0       40390.0
       63500.0       39880.0
       63700.0       39380.0
       63900.0       38890.0
       64200.0       38160.0
       64600.0       37220.0
       65000.0       36310.0
       65400.0       35430.0
       65800.0       34570.0
       66200.0       33740.0
       66600.0       32930.0
       67000.0       32150.0
       67400.0       31370.0
       67800.0       30370.0
       68200.0       29940.0
       68600.0       29240.0
       69000.0       28570.0
       69400.0       27910.0
       69800.0       27270.0
       70200.0       26660.0
       70600.0       26050.0
       71000.0       25470.0
       71400.0       24900.0
       71800.0       24350.0
       72200.0       23810.0
       72600.0       23290.0
       73000.0       22780.0
       73400.0       22280.0
       73800.0       21800.0
       74200.0       21310.0
       74600.0       20510.0
       75000.0       19920.0
       75400.0       19970.0
       75800.0       19580.0
       76200.0       19170.0
       76600.0       18770.0
       77000.0       18380.0
       77400.0       18000.0
       77800.0       17610.0
       78200.0       17280.0
       78600.0       16920.0
       79000.0       16580.0
       79400.0       16250.0
       79800.0       15920.0
       80200.0       15610.0
       80600.0       15300.0
       81000.0       15000.0
       81400.0       14670.0
       81800.0       14410.0
       82200.0       14140.0
       82600.0       13860.0
       83000.0       13600.0
       83400.0       13340.0
       83800.0       13080.0
       84200.0       12830.0
       84600.0       12590.0
       85000.0       12350.0
       85400.0       12120.0
       85800.0       11900.0
       86200.0       11680.0
       86600.0       11400.0
       87000.0       11250.0
       87400.0       10950.0
       87800.0       10750.0
       88200.0       10650.0
       88600.0       10460.0
       89000.0       10270.0
       89400.0       10080.0
       89800.0       9905.00
       90200.0       9729.00
       90600.0       9558.00
       91000.0       9390.00
       91400.0       9225.00
       91800.0       9065.00
       92200.0       8908.00
       92600.0       8754.00
       93000.0       8603.00
       93400.0       8456.00
       93800.0       8246.00
       94200.0       8155.00
       94600.0       8032.00
       95000.0       7897.00
       95400.0       7765.00
       95800.0       7635.00
       96200.0       7508.00
       96600.0       7384.00
       97000.0       7262.00
       97400.0       7142.00
       97800.0       7025.00
       98200.0       6911.00
       98600.0       6799.00
       99000.0       6689.00
       99400.0       6581.00
       99800.0       6476.00
       100200.       6372.00
       200000.       392.300
       400000.       23.7900
       600000.       4.60900
       800000.       1.43800
   1.00000e+06      0.582400
   1.20000e+06      0.278400
   1.40000e+06      0.149200
   1.60000e+06     0.0868800
