       90.9000       0.00000
       93.5000       0.00000
       96.1000       0.00000
       97.7000       0.00000
       99.6000       0.00000
       102.000       0.00000
       103.800       0.00000
       105.600       0.00000
       107.700       0.00000
       110.400       0.00000
       114.000       0.00000
       117.800       0.00000
       121.300       0.00000
       124.800       0.00000
       127.100       0.00000
       128.400       0.00000
       130.500       0.00000
       132.400       0.00000
       133.900       0.00000
       136.600       0.00000
       139.800       0.00000
       143.300       0.00000
       147.200       0.00000
       151.000       0.00000
       155.200       0.00000
       158.800       0.00000
       162.000       0.00000
       166.000       0.00000
       170.300       0.00000
       173.400       0.00000
       176.800       0.00000
       180.200       0.00000
       181.700       0.00000
       186.100       0.00000
       191.000       0.00000
       193.900       0.00000
       198.400   1.52500e-22
       201.800   6.43200e-22
       205.000   2.25200e-21
       210.500   1.73800e-20
       216.200   1.29400e-19
       219.800   4.36100e-19
       223.000   1.24000e-18
       226.800   4.11900e-18
       230.000   1.08900e-17
       234.000   3.62100e-17
       240.000   1.99100e-16
       246.500   1.14900e-15
       252.400   5.19900e-15
       256.800   1.52800e-14
       260.000   3.27300e-14
       264.000   8.25700e-14
       268.500   2.26300e-13
       273.500   6.65200e-13
       278.500   1.88100e-12
       284.000   5.64200e-12
       290.000   1.78100e-11
       296.000   5.35800e-11
       301.000   1.29700e-10
       308.000   4.25000e-10
       318.000   2.10700e-09
       328.000   9.43300e-09
       338.000   3.85700e-08
       348.000   1.44800e-07
       357.000   4.45900e-07
       366.000   1.29700e-06
       375.000   3.57000e-06
       385.000   1.03700e-05
       395.000   2.84500e-05
       405.000   7.41000e-05
       414.000   0.000168300
       422.000   0.000338000
       430.000   0.000659600
       441.000    0.00158900
       451.000    0.00339600
       460.000    0.00652800
       470.000     0.0130800
       480.000     0.0253900
       490.000     0.0478900
       500.000     0.0878700
       506.000      0.825400
       512.000       3.60500
       520.000       5.27000
       530.000       8.72400
       540.000       11.8700
       550.000       20.4600
       560.000       29.9600
       570.000       44.0100
       580.000       61.8100
       590.000       98.0500
       600.000       140.900
       610.000       198.600
       620.000       262.200
       630.000       350.600
       640.000       447.900
       650.000       594.900
       658.000       746.100
       665.000       869.100
       675.000       1105.00
       685.000       1414.00
       695.000       1811.00
       705.000       2259.00
       716.000       2851.00
       726.000       3534.00
       735.000       4189.00
       745.000       5222.00
       755.000       6391.00
       765.000       7743.00
       775.000       9398.00
       785.000       11320.0
       795.000       13360.0
       805.000       15880.0
       815.000       18500.0
       825.000       21960.0
       835.000       25190.0
       845.000       29610.0
       855.000       34630.0
       865.000       40220.0
       875.000       46760.0
       885.000       54460.0
       895.000       62350.0
       905.000       69120.0
       915.000       635200.
       925.000   6.00900e+06
       935.000   2.37100e+07
       945.000   9.46300e+07
       955.000   1.83000e+08
       965.000   2.47200e+08
       975.000   4.42100e+07
       985.000   2.44600e+08
       995.000   2.57400e+08
       1005.00   3.29200e+08
       1015.00   3.62200e+08
       1025.00   1.06800e+08
       1035.00   1.46600e+08
       1045.00   4.71900e+08
       1055.00   5.08300e+08
       1065.00   3.96900e+08
       1075.00   5.40300e+08
       1085.00   4.28800e+08
       1095.00   5.77900e+08
       1105.00   5.10900e+08
       1115.00   5.52100e+08
       1125.00   5.26200e+08
       1135.00   7.59200e+08
       1145.00   6.96700e+08
       1155.00   7.84500e+08
       1165.00   8.68900e+08
       1175.00   7.17400e+08
       1185.00   8.24400e+08
       1195.00   2.29200e+08
       1205.00   1.47700e+08
       1215.00   4.97800e+07
       1225.00   4.43000e+08
       1235.00   9.45900e+08
       1245.00   1.14000e+09
       1255.00   1.12500e+09
       1265.00   8.33900e+08
       1275.00   1.08300e+09
       1285.00   1.18900e+09
       1295.00   6.76100e+08
       1305.00   5.12700e+08
       1315.00   1.06500e+09
       1325.00   1.07000e+09
       1335.00   7.65500e+08
       1345.00   1.16900e+09
       1355.00   1.13000e+09
       1365.00   9.46000e+08
       1375.00   1.04200e+09
       1385.00   1.07200e+09
       1395.00   9.88300e+08
       1405.00   1.04100e+09
       1415.00   9.69700e+08
       1425.00   1.03200e+09
       1435.00   1.01600e+09
       1442.00   1.09600e+09
       1447.00   1.11100e+09
       1455.00   1.08700e+09
       1465.00   1.01400e+09
       1475.00   9.89700e+08
       1485.00   1.01900e+09
       1495.00   1.03000e+09
       1505.00   9.82800e+08
       1512.00   8.78300e+08
       1517.00   9.51700e+08
       1525.00   9.32600e+08
       1535.00   8.33500e+08
       1545.00   9.05200e+08
       1555.00   8.46200e+08
       1565.00   8.49300e+08
       1575.00   8.77700e+08
       1585.00   9.32700e+08
       1595.00   9.53700e+08
       1605.00   9.09500e+08
       1615.00   9.25600e+08
       1625.00   8.59300e+08
       1635.00   9.17600e+08
       1645.00   9.24100e+08
       1655.00   8.31200e+08
       1665.00   9.22700e+08
       1672.00   8.05300e+08
       1677.00   8.94700e+08
       1685.00   9.50600e+08
       1695.00   8.90000e+08
       1705.00   8.41700e+08
       1715.00   7.72800e+08
       1725.00   7.74100e+08
       1735.00   8.27200e+08
       1745.00   8.08600e+08
       1755.00   8.65600e+08
       1765.00   7.79400e+08
       1775.00   8.02200e+08
       1785.00   8.23400e+08
       1795.00   8.75500e+08
       1805.00   8.72000e+08
       1815.00   7.84900e+08
       1825.00   8.07400e+08
       1835.00   7.68500e+08
       1845.00   7.11700e+08
       1855.00   6.33900e+08
       1865.00   6.71900e+08
       1875.00   7.92700e+08
       1885.00   7.17200e+08
       1895.00   6.66200e+08
       1905.00   7.33100e+08
       1915.00   6.81300e+08
       1925.00   6.72000e+08
       1935.00   7.14200e+08
       1945.00   7.22000e+08
       1955.00   6.67300e+08
       1967.00   7.43400e+08
       1976.00   7.67200e+08
       1984.00   7.16000e+08
       1995.00   6.86700e+08
       2005.00   7.19100e+08
       2015.00   6.80900e+08
       2025.00   7.32900e+08
       2035.00   6.71000e+08
       2045.00   7.00300e+08
       2055.00   6.54900e+08
       2065.00   6.68200e+08
       2074.00   7.17000e+08
       2078.00   6.55600e+08
       2085.00   6.94200e+08
       2095.00   6.48800e+08
       2105.00   6.55900e+08
       2115.00   6.62600e+08
       2125.00   6.71900e+08
       2135.00   6.18500e+08
       2145.00   6.31900e+08
       2155.00   6.63300e+08
       2165.00   6.39700e+08
       2175.00   6.31500e+08
       2185.00   6.05100e+08
       2195.00   6.36600e+08
       2205.00   6.19000e+08
       2215.00   5.87000e+08
       2225.00   5.58200e+08
       2235.00   6.04200e+08
       2245.00   5.69000e+08
       2255.00   5.45700e+08
       2265.00   5.62700e+08
       2275.00   5.81500e+08
       2285.00   5.91900e+08
       2295.00   5.63000e+08
       2305.00   5.44500e+08
       2315.00   5.18400e+08
       2325.00   5.11100e+08
       2335.00   4.86200e+08
       2345.00   4.77600e+08
       2355.00   5.02600e+08
       2365.00   4.70400e+08
       2375.00   4.79200e+08
       2385.00   4.47500e+08
       2395.00   4.84200e+08
       2405.00   4.55300e+08
       2415.00   4.64200e+08
       2425.00   4.81500e+08
       2435.00   4.56500e+08
       2445.00   4.84800e+08
       2455.00   4.70200e+08
       2465.00   4.70600e+08
       2475.00   4.50700e+08
       2485.00   4.77900e+08
       2495.00   4.61800e+08
       2505.00   4.84900e+08
       2513.00   4.45800e+08
       2518.00   4.67900e+08
       2525.00   4.38500e+08
       2535.00   4.41800e+08
       2545.00   4.25400e+08
       2555.00   4.46300e+08
       2565.00   4.38100e+08
       2575.00   4.65100e+08
       2585.00   4.57700e+08
       2595.00   4.61200e+08
       2605.00   4.43300e+08
       2615.00   4.38800e+08
       2625.00   4.44600e+08
       2635.00   4.46300e+08
       2645.00   4.65900e+08
       2655.00   4.60300e+08
       2665.00   4.36000e+08
       2675.00   4.50000e+08
       2685.00   4.43200e+08
       2695.00   4.31600e+08
       2705.00   4.37200e+08
       2715.00   4.22600e+08
       2725.00   4.21600e+08
       2735.00   4.36700e+08
       2745.00   3.98500e+08
       2755.00   3.95700e+08
       2765.00   4.04400e+08
       2775.00   4.16500e+08
       2785.00   4.16800e+08
       2795.00   3.90000e+08
       2805.00   4.05100e+08
       2815.00   4.13800e+08
       2825.00   4.09100e+08
       2835.00   3.89400e+08
       2845.00   3.80700e+08
       2855.00   3.84200e+08
       2865.00   3.92800e+08
       2875.00   3.84600e+08
       2885.00   3.88100e+08
       2895.00   3.82700e+08
       2910.00   3.93100e+08
       2930.00   3.81600e+08
       2950.00   3.75500e+08
       2970.00   3.72500e+08
       2990.00   3.67800e+08
       3010.00   3.69000e+08
       3030.00   3.65500e+08
       3050.00   3.58200e+08
       3070.00   3.52600e+08
       3090.00   3.50200e+08
       3110.00   3.42200e+08
       3130.00   3.37700e+08
       3150.00   3.34800e+08
       3170.00   3.28800e+08
       3190.00   3.18300e+08
       3210.00   3.19200e+08
       3230.00   3.15000e+08
       3250.00   3.11100e+08
       3270.00   3.08000e+08
       3290.00   3.04200e+08
       3310.00   3.01600e+08
       3330.00   2.96500e+08
       3350.00   2.91000e+08
       3370.00   2.87400e+08
       3390.00   2.83200e+08
       3410.00   2.80800e+08
       3430.00   2.76600e+08
       3450.00   2.73000e+08
       3470.00   2.68800e+08
       3490.00   2.65800e+08
       3510.00   2.63400e+08
       3530.00   2.60500e+08
       3550.00   2.57300e+08
       3570.00   2.53800e+08
       3590.00   2.49600e+08
       3610.00   2.46700e+08
       3630.00   2.43500e+08
       3640.00   2.42700e+08
       3650.00   2.40600e+08
       3670.00   2.36600e+08
       3690.00   2.28900e+08
       3710.00   2.49900e+08
       3730.00   2.69900e+08
       3750.00   3.19500e+08
       3770.00   3.19600e+08
       3790.00   3.31900e+08
       3810.00   3.48800e+08
       3830.00   3.07900e+08
       3850.00   3.50300e+08
       3870.00   3.49000e+08
       3890.00   2.95000e+08
       3910.00   3.44200e+08
       3930.00   3.33500e+08
       3950.00   3.34600e+08
       3970.00   2.75300e+08
       3990.00   3.23400e+08
       4010.00   3.19600e+08
       4030.00   3.08600e+08
       4050.00   3.12600e+08
       4070.00   3.05500e+08
       4090.00   2.94400e+08
       4110.00   2.57700e+08
       4130.00   2.88800e+08
       4150.00   2.87300e+08
       4170.00   2.84300e+08
       4190.00   2.82000e+08
       4210.00   2.78700e+08
       4230.00   2.74000e+08
       4250.00   2.70000e+08
       4270.00   2.63600e+08
       4290.00   2.62700e+08
       4310.00   2.58500e+08
       4330.00   2.43200e+08
       4350.00   2.20100e+08
       4370.00   2.47400e+08
       4390.00   2.41600e+08
       4410.00   2.41600e+08
       4430.00   2.36900e+08
       4450.00   2.35500e+08
       4470.00   2.27800e+08
       4490.00   2.26600e+08
       4510.00   2.25700e+08
       4530.00   2.21900e+08
       4550.00   2.18500e+08
       4570.00   2.17000e+08
       4590.00   2.13400e+08
       4610.00   2.11200e+08
       4630.00   2.07200e+08
       4650.00   2.05200e+08
       4670.00   2.02700e+08
       4690.00   2.00500e+08
       4710.00   1.94700e+08
       4730.00   1.93900e+08
       4750.00   1.91200e+08
       4770.00   1.90500e+08
       4790.00   1.87700e+08
       4810.00   1.84500e+08
       4830.00   1.81900e+08
       4850.00   1.73700e+08
       4870.00   1.54300e+08
       4890.00   1.75400e+08
       4910.00   1.73300e+08
       4930.00   1.68800e+08
       4950.00   1.69100e+08
       4970.00   1.67300e+08
       4990.00   1.64800e+08
       5010.00   1.59600e+08
       5030.00   1.59800e+08
       5050.00   1.56100e+08
       5070.00   1.56400e+08
       5090.00   1.54400e+08
       5110.00   1.52000e+08
       5130.00   1.50400e+08
       5150.00   1.48100e+08
       5170.00   1.46700e+08
       5190.00   1.45100e+08
       5210.00   1.41900e+08
       5230.00   1.41300e+08
       5250.00   1.40000e+08
       5270.00   1.37800e+08
       5290.00   1.37000e+08
       5310.00   1.34900e+08
       5330.00   1.33500e+08
       5350.00   1.31600e+08
       5370.00   1.30500e+08
       5390.00   1.29000e+08
       5410.00   1.27300e+08
       5430.00   1.25400e+08
       5450.00   1.24200e+08
       5470.00   1.22600e+08
       5490.00   1.21600e+08
       5510.00   1.20000e+08
       5530.00   1.18700e+08
       5550.00   1.17500e+08
       5570.00   1.16000e+08
       5590.00   1.14800e+08
       5610.00   1.13400e+08
       5630.00   1.12400e+08
       5650.00   1.10100e+08
       5670.00   1.09100e+08
       5690.00   1.08300e+08
       5710.00   1.07300e+08
       5730.00   1.06100e+08
       5750.00   1.04900e+08
       5770.00   1.03800e+08
       5790.00   1.02500e+08
       5810.00   1.01400e+08
       5830.00   1.00300e+08
       5850.00   9.91700e+07
       5870.00   9.64300e+07
       5890.00   9.66200e+07
       5910.00   9.58800e+07
       5930.00   9.49200e+07
       5950.00   9.33700e+07
       5970.00   9.27600e+07
       5990.00   9.15500e+07
       6010.00   9.08700e+07
       6030.00   8.98300e+07
       6050.00   8.88800e+07
       6070.00   8.79000e+07
       6090.00   8.69000e+07
       6110.00   8.60900e+07
       6130.00   8.51600e+07
       6150.00   8.38500e+07
       6170.00   8.33000e+07
       6190.00   8.24800e+07
       6210.00   8.16000e+07
       6230.00   8.06300e+07
       6250.00   7.94900e+07
       6270.00   7.90200e+07
       6290.00   7.81400e+07
       6310.00   7.72000e+07
       6330.00   7.65400e+07
       6350.00   7.51400e+07
       6370.00   7.45400e+07
       6390.00   7.41200e+07
       6410.00   7.33000e+07
       6430.00   7.27200e+07
       6450.00   7.18500e+07
       6470.00   7.11900e+07
       6490.00   7.04200e+07
       6510.00   6.95900e+07
       6530.00   6.88100e+07
       6550.00   6.65500e+07
       6570.00   5.85400e+07
       6590.00   6.63500e+07
       6610.00   6.62800e+07
       6630.00   6.56600e+07
       6650.00   6.50400e+07
       6670.00   6.40600e+07
       6690.00   6.34500e+07
       6710.00   6.30900e+07
       6730.00   6.24800e+07
       6750.00   6.18800e+07
       6770.00   6.12800e+07
       6790.00   6.05700e+07
       6810.00   6.00500e+07
       6830.00   5.94000e+07
       6850.00   5.88800e+07
       6870.00   5.83200e+07
       6890.00   5.77600e+07
       6910.00   5.71900e+07
       6930.00   5.65300e+07
       6950.00   5.61000e+07
       6970.00   5.55800e+07
       6990.00   5.50400e+07
       7010.00   5.45000e+07
       7030.00   5.39800e+07
       7050.00   5.33200e+07
       7070.00   5.24700e+07
       7090.00   5.24900e+07
       7110.00   5.19200e+07
       7130.00   5.14400e+07
       7150.00   5.09900e+07
       7170.00   5.05100e+07
       7190.00   5.00600e+07
       7210.00   4.96000e+07
       7230.00   4.88200e+07
       7250.00   4.86300e+07
       7270.00   4.82300e+07
       7290.00   4.76100e+07
       7310.00   4.73300e+07
       7330.00   4.69000e+07
       7350.00   4.64900e+07
       7370.00   4.60600e+07
       7390.00   4.56400e+07
       7410.00   4.52200e+07
       7430.00   4.47500e+07
       7450.00   4.43700e+07
       7470.00   4.39200e+07
       7490.00   4.35600e+07
       7510.00   4.31600e+07
       7530.00   4.28000e+07
       7550.00   4.24300e+07
       7570.00   4.20500e+07
       7590.00   4.16500e+07
       7610.00   4.13100e+07
       7630.00   4.09400e+07
       7650.00   4.05700e+07
       7670.00   4.02100e+07
       7690.00   3.98500e+07
       7710.00   3.95000e+07
       7730.00   3.91500e+07
       7750.00   3.88100e+07
       7770.00   3.80800e+07
       7790.00   3.81400e+07
       7810.00   3.78100e+07
       7830.00   3.74800e+07
       7850.00   3.70400e+07
       7870.00   3.67300e+07
       7890.00   3.63600e+07
       7910.00   3.61900e+07
       7930.00   3.59000e+07
       7950.00   3.54900e+07
       7970.00   3.52700e+07
       7990.00   3.48100e+07
       8010.00   3.46800e+07
       8030.00   3.43700e+07
       8050.00   3.40800e+07
       8070.00   3.38000e+07
       8090.00   3.34900e+07
       8110.00   3.32000e+07
       8130.00   3.29400e+07
       8150.00   3.26600e+07
       8170.00   3.24100e+07
       8190.00   3.21100e+07
       8210.00   3.17300e+07
       8230.00   3.14400e+07
       8250.00   3.13100e+07
       8270.00   3.10300e+07
       8290.00   3.07500e+07
       8310.00   3.05200e+07
       8330.00   3.02500e+07
       8350.00   2.99400e+07
       8370.00   2.95800e+07
       8390.00   2.93500e+07
       8410.00   2.90300e+07
       8430.00   2.89800e+07
       8450.00   2.85800e+07
       8470.00   2.79000e+07
       8490.00   2.89300e+07
       8510.00   2.73200e+07
       8530.00   2.88900e+07
       8550.00   2.64800e+07
       8570.00   2.89000e+07
       8590.00   2.73600e+07
       8610.00   2.68200e+07
       8630.00   2.86900e+07
       8650.00   2.80900e+07
       8670.00   2.49700e+07
       8690.00   2.81700e+07
       8710.00   2.82200e+07
       8730.00   2.76400e+07
       8750.00   2.41800e+07
       8770.00   2.69400e+07
       8790.00   2.73300e+07
       8810.00   2.71700e+07
       8830.00   2.68300e+07
       8850.00   2.57900e+07
       8870.00   2.32400e+07
       8890.00   2.61500e+07
       8910.00   2.60800e+07
       8930.00   2.58400e+07
       8950.00   2.57400e+07
       8970.00   2.55200e+07
       8990.00   2.51100e+07
       9010.00   2.23600e+07
       9030.00   2.37500e+07
       9050.00   2.46500e+07
       9070.00   2.43600e+07
       9090.00   2.42000e+07
       9110.00   2.41200e+07
       9130.00   2.39300e+07
       9150.00   2.37900e+07
       9170.00   2.35500e+07
       9190.00   2.33100e+07
       9210.00   2.27800e+07
       9230.00   1.99200e+07
       9250.00   2.23600e+07
       9270.00   2.23800e+07
       9290.00   2.24900e+07
       9310.00   2.23300e+07
       9330.00   2.21700e+07
       9350.00   2.20300e+07
       9370.00   2.18600e+07
       9390.00   2.16800e+07
       9410.00   2.13700e+07
       9430.00   2.13700e+07
       9450.00   2.12200e+07
       9470.00   2.10100e+07
       9490.00   2.08900e+07
       9510.00   2.06200e+07
       9530.00   2.01100e+07
       9550.00   1.77900e+07
       9570.00   2.00300e+07
       9590.00   2.01000e+07
       9610.00   1.99500e+07
       9630.00   1.96800e+07
       9650.00   1.96900e+07
       9670.00   1.95200e+07
       9690.00   1.93900e+07
       9710.00   1.92400e+07
       9730.00   1.91200e+07
       9750.00   1.89700e+07
       9770.00   1.88400e+07
       9790.00   1.87000e+07
       9810.00   1.85700e+07
       9830.00   1.84200e+07
       9850.00   1.82900e+07
       9870.00   1.81600e+07
       9890.00   1.80100e+07
       9910.00   1.78800e+07
       9930.00   1.77700e+07
       9950.00   1.76400e+07
       9970.00   1.75200e+07
       9990.00   1.73900e+07
       10025.0   1.67400e+07
       10075.0   1.60900e+07
       10125.0   1.65000e+07
       10175.0   1.62700e+07
       10225.0   1.60000e+07
       10275.0   1.57200e+07
       10325.0   1.54200e+07
       10375.0   1.51800e+07
       10425.0   1.49200e+07
       10475.0   1.46600e+07
       10525.0   1.44100e+07
       10575.0   1.41700e+07
       10625.0   1.39300e+07
       10675.0   1.36500e+07
       10725.0   1.34600e+07
       10775.0   1.32400e+07
       10825.0   1.29300e+07
       10875.0   1.28000e+07
       10925.0   1.18200e+07
       10975.0   1.22600e+07
       11025.0   1.21700e+07
       11075.0   1.19900e+07
       11125.0   1.18000e+07
       11175.0   1.16000e+07
       11225.0   1.14200e+07
       11275.0   1.11900e+07
       11325.0   1.10300e+07
       11375.0   1.08800e+07
       11425.0   1.07100e+07
       11475.0   1.05400e+07
       11525.0   1.03800e+07
       11575.0   1.02100e+07
       11625.0   1.00400e+07
       11675.0   9.88800e+06
       11725.0   9.74200e+06
       11775.0   9.56800e+06
       11825.0   9.44600e+06
       11875.0   9.29800e+06
       11925.0   9.16300e+06
       11975.0   9.00300e+06
       12025.0   8.88800e+06
       12075.0   8.75400e+06
       12125.0   8.62200e+06
       12175.0   8.49300e+06
       12225.0   8.36700e+06
       12275.0   8.24200e+06
       12325.0   8.12000e+06
       12375.0   8.00100e+06
       12425.0   7.88500e+06
       12475.0   7.76200e+06
       12525.0   7.65200e+06
       12575.0   7.54000e+06
       12625.0   7.43500e+06
       12675.0   7.32900e+06
       12725.0   7.22400e+06
       12775.0   7.07600e+06
       12825.0   6.60000e+06
       12875.0   6.90800e+06
       12925.0   6.82200e+06
       12975.0   6.71800e+06
       13025.0   6.63200e+06
       13075.0   6.53900e+06
       13125.0   6.44800e+06
       13175.0   6.35300e+06
       13225.0   6.27100e+06
       13275.0   6.18400e+06
       13325.0   6.09900e+06
       13375.0   6.01500e+06
       13425.0   5.93100e+06
       13475.0   5.85200e+06
       13525.0   5.77100e+06
       13575.0   5.69400e+06
       13625.0   5.61700e+06
       13675.0   5.54000e+06
       13725.0   5.46600e+06
       13775.0   5.39600e+06
       13825.0   5.32400e+06
       13875.0   5.25300e+06
       13925.0   5.18300e+06
       13975.0   5.11500e+06
       14025.0   5.04900e+06
       14075.0   4.98200e+06
       14125.0   4.91700e+06
       14175.0   4.85400e+06
       14225.0   4.79100e+06
       14275.0   4.72900e+06
       14325.0   4.66800e+06
       14375.0   4.60800e+06
       14425.0   4.54500e+06
       14475.0   4.49000e+06
       14525.0   4.43300e+06
       14570.0   4.38400e+06
       14620.0   4.32800e+06
       14675.0   4.26900e+06
       14725.0   4.21600e+06
       14775.0   4.16300e+06
       14825.0   4.11300e+06
       14875.0   4.06200e+06
       14925.0   4.01100e+06
       14975.0   3.96100e+06
       15025.0   3.91000e+06
       15075.0   3.85800e+06
       15125.0   3.81000e+06
       15175.0   3.76300e+06
       15225.0   3.72900e+06
       15275.0   3.66000e+06
       15325.0   3.61600e+06
       15375.0   3.59900e+06
       15425.0   3.51000e+06
       15475.0   3.52100e+06
       15525.0   3.48600e+06
       15575.0   3.36100e+06
       15625.0   3.42700e+06
       15675.0   3.34700e+06
       15725.0   3.24400e+06
       15775.0   3.31700e+06
       15825.0   3.27800e+06
       15875.0   3.08600e+06
       15925.0   3.19200e+06
       15975.0   3.17700e+06
       16050.0   3.11200e+06
       16150.0   2.96900e+06
       16250.0   2.98900e+06
       16350.0   2.90300e+06
       16450.0   2.77300e+06
       16550.0   2.79100e+06
       16650.0   2.72800e+06
       16750.0   2.65000e+06
       16850.0   2.53200e+06
       16950.0   2.54900e+06
       17050.0   2.49100e+06
       17150.0   2.44000e+06
       17250.0   2.38700e+06
       17350.0   2.25600e+06
       17450.0   2.28200e+06
       17550.0   2.23700e+06
       17650.0   2.18900e+06
       17750.0   2.14300e+06
       17850.0   2.09800e+06
       17950.0   2.05500e+06
       18050.0   2.01000e+06
       18150.0   1.90800e+06
       18250.0   1.92200e+06
       18350.0   1.89000e+06
       18450.0   1.85200e+06
       18550.0   1.81400e+06
       18650.0   1.77400e+06
       18750.0   1.68500e+06
       18850.0   1.70700e+06
       18950.0   1.67400e+06
       19050.0   1.64000e+06
       19150.0   1.60900e+06
       19250.0   1.57700e+06
       19350.0   1.54600e+06
       19450.0   1.46600e+06
       19550.0   1.48600e+06
       19650.0   1.45900e+06
       19750.0   1.43100e+06
       19850.0   1.40400e+06
       19950.0   1.37800e+06
       20050.0   1.35200e+06
       20150.0   1.32600e+06
       20250.0   1.30200e+06
       20350.0   1.27700e+06
       20450.0   1.25400e+06
       20550.0   1.23000e+06
       20650.0   1.20800e+06
       20750.0   1.18600e+06
       20850.0   1.16500e+06
       20950.0   1.14400e+06
       21050.0   1.12300e+06
       21150.0   1.10200e+06
       21250.0   1.08300e+06
       21350.0   1.06400e+06
       21450.0   1.04500e+06
       21550.0   1.02700e+06
       21650.0       975600.
       21750.0       990300.
       21850.0       974300.
       21950.0       957400.
       22050.0       941200.
       22150.0       925000.
       22250.0       909300.
       22350.0       893800.
       22450.0       878700.
       22550.0       863900.
       22650.0       849500.
       22750.0       835300.
       22850.0       821500.
       22950.0       807900.
       23050.0       794600.
       23150.0       781700.
       23250.0       768900.
       23350.0       756500.
       23450.0       744200.
       23550.0       732200.
       23650.0       720300.
       23750.0       708800.
       23850.0       697500.
       23950.0       686300.
       24050.0       675000.
       24150.0       664000.
       24250.0       654800.
       24350.0       643300.
       24450.0       632600.
       24550.0       624800.
       24650.0       613500.
       24750.0       604100.
       24850.0       597900.
       24950.0       581300.
       25050.0       580000.
       25150.0       571500.
       25250.0       553100.
       25350.0       554200.
       25450.0       546700.
       25550.0       537900.
       25650.0       518200.
       25750.0       522500.
       25850.0       516200.
       25950.0       508700.
       26050.0       498700.
       26150.0       479100.
       26250.0       468800.
       26350.0       478400.
       26450.0       472600.
       26550.0       465700.
       26650.0       458500.
       26750.0       437500.
       26850.0       445300.
       26950.0       439700.
       27050.0       433500.
       27150.0       427400.
       27250.0       421400.
       27350.0       415400.
       27450.0       409600.
       27550.0       391800.
       27650.0       395400.
       27750.0       392800.
       27850.0       387400.
       27950.0       382100.
       28050.0       376800.
       28150.0       371700.
       28250.0       366600.
       28350.0       361600.
       28450.0       356800.
       28550.0       352000.
       28650.0       346000.
       28750.0       331200.
       28850.0       337800.
       28950.0       333500.
       29050.0       329200.
       29150.0       324800.
       29250.0       320500.
       29350.0       316300.
       29450.0       312200.
       29550.0       308100.
       29650.0       304100.
       29750.0       300200.
       29850.0       296300.
       29950.0       292500.
       30050.0       288800.
       30150.0       285100.
       30250.0       281400.
       30350.0       270500.
       30450.0       271300.
       30550.0       270800.
       30650.0       267500.
       30750.0       264100.
       30850.0       260700.
       30950.0       257600.
       31050.0       254400.
       31150.0       251200.
       31250.0       248100.
       31350.0       245100.
       31450.0       242100.
       31550.0       239100.
       31650.0       236200.
       31750.0       233300.
       31850.0       230500.
       31950.0       227700.
       32100.0       223600.
       32300.0       218300.
       32500.0       213100.
       32700.0       208100.
       32900.0       199100.
       33100.0       197800.
       33300.0       193700.
       33500.0       189300.
       33700.0       184900.
       33900.0       180800.
       34100.0       176700.
       34300.0       172700.
       34500.0       168900.
       34700.0       165100.
       34900.0       161500.
       35100.0       157900.
       35300.0       154500.
       35500.0       151100.
       35700.0       147800.
       35900.0       144800.
       36100.0       141400.
       36300.0       138700.
       36500.0       135400.
       36700.0       133000.
       36900.0       129600.
       37100.0       127500.
       37300.0       124000.
       37500.0       120000.
       37700.0       119900.
       37900.0       117600.
       38100.0       114400.
       38300.0       112300.
       38500.0       110700.
       38700.0       108400.
       38900.0       106200.
       39100.0       102700.
       39300.0       102100.
       39500.0       100100.
       39700.0       98160.0
       39900.0       96250.0
       40100.0       93820.0
       40300.0       91430.0
       40500.0       89120.0
       40700.0       89060.0
       40900.0       87380.0
       41100.0       85730.0
       41300.0       84110.0
       41500.0       82540.0
       41700.0       79440.0
       41900.0       79470.0
       42100.0       78030.0
       42300.0       76600.0
       42500.0       75200.0
       42700.0       73830.0
       42900.0       72480.0
       43100.0       71180.0
       43300.0       69910.0
       43500.0       68660.0
       43700.0       66210.0
       43900.0       66060.0
       44100.0       65070.0
       44300.0       63930.0
       44500.0       62810.0
       44700.0       61760.0
       44900.0       60640.0
       45100.0       59590.0
       45300.0       58560.0
       45500.0       57560.0
       45700.0       56580.0
       45900.0       55620.0
       46100.0       54680.0
       46300.0       53740.0
       46500.0       51740.0
       46700.0       50840.0
       46900.0       51040.0
       47100.0       50280.0
       47300.0       49510.0
       47500.0       48700.0
       47700.0       47910.0
       47900.0       47120.0
       48100.0       46350.0
       48300.0       45630.0
       48500.0       44850.0
       48700.0       44160.0
       48900.0       43420.0
       49100.0       42760.0
       49300.0       42040.0
       49500.0       41440.0
       49700.0       40700.0
       49900.0       40150.0
       50100.0       39510.0
       50300.0       38810.0
       50500.0       38300.0
       50700.0       37710.0
       50900.0       37000.0
       51100.0       36500.0
       51300.0       35170.0
       51500.0       35420.0
       51700.0       34760.0
       51900.0       34400.0
       52100.0       33880.0
       52300.0       33380.0
       52500.0       32830.0
       52700.0       32220.0
       52900.0       31910.0
       53100.0       31440.0
       53300.0       30980.0
       53500.0       30520.0
       53700.0       29940.0
       53900.0       29520.0
       54100.0       29210.0
       54300.0       28790.0
       54500.0       28380.0
       54700.0       27970.0
       54900.0       27570.0
       55100.0       27140.0
       55300.0       26510.0
       55500.0       26420.0
       55700.0       26040.0
       55900.0       25680.0
       56100.0       25320.0
       56300.0       24970.0
       56500.0       24620.0
       56700.0       24280.0
       56900.0       23940.0
       57100.0       23270.0
       57300.0       23280.0
       57500.0       22980.0
       57700.0       22660.0
       57900.0       22360.0
       58100.0       22050.0
       58300.0       21760.0
       58500.0       21490.0
       58700.0       21200.0
       58900.0       20870.0
       59100.0       20130.0
       59300.0       20320.0
       59500.0       19740.0
       59700.0       19730.0
       59900.0       19570.0
       60100.0       19320.0
       60300.0       19070.0
       60500.0       18820.0
       60700.0       18580.0
       60900.0       18340.0
       61100.0       18100.0
       61300.0       17870.0
       61500.0       17640.0
       61700.0       17420.0
       61900.0       17200.0
       62100.0       16980.0
       62300.0       16760.0
       62500.0       16550.0
       62700.0       16320.0
       62900.0       15770.0
       63100.0       15900.0
       63300.0       15740.0
       63500.0       15550.0
       63700.0       15350.0
       63900.0       15170.0
       64200.0       14890.0
       64600.0       14530.0
       65000.0       14180.0
       65400.0       13840.0
       65800.0       13510.0
       66200.0       13180.0
       66600.0       12880.0
       67000.0       12580.0
       67400.0       12270.0
       67800.0       11840.0
       68200.0       11710.0
       68600.0       11450.0
       69000.0       11190.0
       69400.0       10920.0
       69800.0       10690.0
       70200.0       10460.0
       70600.0       10220.0
       71000.0       9975.00
       71400.0       9776.00
       71800.0       9563.00
       72200.0       9354.00
       72600.0       9124.00
       73000.0       8953.00
       73400.0       8763.00
       73800.0       8576.00
       74200.0       8392.00
       74600.0       8089.00
       75000.0       7823.00
       75400.0       7867.00
       75800.0       7715.00
       76200.0       7555.00
       76600.0       7400.00
       77000.0       7249.00
       77400.0       7102.00
       77800.0       6906.00
       78200.0       6818.00
       78600.0       6682.00
       79000.0       6549.00
       79400.0       6419.00
       79800.0       6292.00
       80200.0       6169.00
       80600.0       6048.00
       81000.0       5931.00
       81400.0       5766.00
       81800.0       5693.00
       82200.0       5594.00
       82600.0       5488.00
       83000.0       5384.00
       83400.0       5282.00
       83800.0       5183.00
       84200.0       5086.00
       84600.0       4991.00
       85000.0       4898.00
       85400.0       4808.00
       85800.0       4719.00
       86200.0       4633.00
       86600.0       4488.00
       87000.0       4463.00
       87400.0       4348.00
       87800.0       4271.00
       88200.0       4230.00
       88600.0       4154.00
       89000.0       4081.00
       89400.0       4009.00
       89800.0       3938.00
       90200.0       3869.00
       90600.0       3799.00
       91000.0       3736.00
       91400.0       3671.00
       91800.0       3608.00
       92200.0       3546.00
       92600.0       3480.00
       93000.0       3427.00
       93400.0       3369.00
       93800.0       3263.00
       94200.0       3250.00
       94600.0       3202.00
       95000.0       3145.00
       95400.0       3091.00
       95800.0       3045.00
       96200.0       2995.00
       96600.0       2946.00
       97000.0       2898.00
       97400.0       2851.00
       97800.0       2805.00
       98200.0       2758.00
       98600.0       2707.00
       99000.0       2672.00
       99400.0       2630.00
       99800.0       2588.00
       100200.       2547.00
       200000.       160.600
       400000.       9.87400
       600000.       1.92200
       800000.      0.601200
   1.00000e+06      0.243900
   1.20000e+06      0.116700
   1.40000e+06     0.0625500
   1.60000e+06     0.0364500
