       90.9000       0.00000
       93.5000       0.00000
       96.1000       0.00000
       97.7000       0.00000
       99.6000       0.00000
       102.000       0.00000
       103.800       0.00000
       105.600       0.00000
       107.700       0.00000
       110.400       0.00000
       114.000       0.00000
       117.800       0.00000
       121.300       0.00000
       124.800       0.00000
       127.100       0.00000
       128.400       0.00000
       130.500       0.00000
       132.400       0.00000
       133.900       0.00000
       136.600       0.00000
       139.800       0.00000
       143.300       0.00000
       147.200       0.00000
       151.000       0.00000
       155.200       0.00000
       158.800       0.00000
       162.000       0.00000
       166.000       0.00000
       170.300       0.00000
       173.400       0.00000
       176.800       0.00000
       180.200       0.00000
       181.700       0.00000
       186.100       0.00000
       191.000       0.00000
       193.900       0.00000
       198.400       0.00000
       201.800       0.00000
       205.000       0.00000
       210.500       0.00000
       216.200       0.00000
       219.800       0.00000
       223.000       0.00000
       226.800       0.00000
       230.000       0.00000
       234.000       0.00000
       240.000       0.00000
       246.500       0.00000
       252.400       0.00000
       256.800       0.00000
       260.000       0.00000
       264.000       0.00000
       268.500       0.00000
       273.500       0.00000
       278.500       0.00000
       284.000       0.00000
       290.000   4.06900e-23
       296.000   2.25900e-22
       301.000   8.02800e-22
       308.000   4.35800e-21
       318.000   4.30700e-20
       328.000   3.74500e-19
       338.000   2.89000e-18
       348.000   1.99400e-17
       357.000   1.04000e-16
       366.000   5.02600e-16
       375.000   2.25200e-15
       385.000   1.10100e-14
       395.000   4.98400e-14
       405.000   2.09300e-13
       414.000   7.17800e-13
       422.000   2.05700e-12
       430.000   5.66100e-12
       441.000   2.14400e-11
       451.000   6.80000e-11
       460.000   1.83900e-10
       470.000   5.30500e-10
       480.000   1.46300e-09
       490.000   3.86700e-09
       500.000   9.81700e-09
       506.000   1.74500e-08
       512.000   3.04700e-08
       520.000   5.99400e-08
       530.000   1.35700e-07
       540.000   2.97500e-07
       550.000   6.34500e-07
       560.000   1.31500e-06
       570.000   2.65400e-06
       580.000   5.22200e-06
       590.000   1.00400e-05
       600.000   1.88700e-05
       610.000   3.47100e-05
       620.000   6.25300e-05
       630.000   0.000110400
       640.000   0.000191400
       650.000   0.000326100
       658.000   0.000493000
       665.000   0.000701800
       675.000    0.00114700
       685.000    0.00184500
       695.000    0.00292700
       705.000    0.00457700
       716.000    0.00737000
       726.000     0.0112100
       735.000     0.0161900
       745.000     0.0240700
       755.000     0.0353800
       765.000     0.0514500
       775.000     0.0740500
       785.000      0.105500
       795.000      0.148800
       805.000      0.208100
       815.000      0.288200
       825.000      0.395900
       835.000      0.539300
       845.000      0.728700
       855.000      0.977000
       865.000       1.30000
       875.000       1.71800
       885.000       2.25500
       895.000       2.93900
       905.000       3.80600
       915.000       66.7300
       925.000       442.800
       935.000       677.200
       945.000       1002.00
       955.000       1407.00
       965.000       1806.00
       975.000       1732.00
       985.000       2468.00
       995.000       2724.00
       1005.00       3439.00
       1015.00       3987.00
       1025.00       3529.00
       1035.00       5267.00
       1045.00       6281.00
       1055.00       7254.00
       1065.00       8052.00
       1075.00       9557.00
       1085.00       10930.0
       1095.00       11980.0
       1105.00       21730.0
       1115.00       55510.0
       1125.00       84550.0
       1135.00       127900.
       1145.00       137500.
       1155.00       153900.
       1165.00       166200.
       1175.00       146400.
       1185.00       141900.
       1195.00       66330.0
       1205.00       60570.0
       1215.00       12940.0
       1225.00       63180.0
       1235.00       140000.
       1245.00       252000.
       1255.00   1.84300e+06
       1265.00   3.65200e+06
       1275.00   1.08600e+07
       1285.00   2.10100e+07
       1295.00   2.34700e+07
       1305.00   1.13900e+07
       1315.00   2.82600e+07
       1325.00   3.53800e+07
       1335.00   3.29600e+07
       1345.00   4.48500e+07
       1355.00   4.18200e+07
       1365.00   3.73800e+07
       1375.00   4.09200e+07
       1385.00   3.65200e+07
       1395.00   3.90800e+07
       1405.00   4.46800e+07
       1415.00   4.46400e+07
       1425.00   5.21800e+07
       1435.00   4.54700e+07
       1442.00   5.39700e+07
       1447.00   5.90300e+07
       1455.00   6.07300e+07
       1465.00   5.52900e+07
       1475.00   5.35800e+07
       1485.00   5.81800e+07
       1495.00   6.45900e+07
       1505.00   6.60900e+07
       1512.00   5.77800e+07
       1517.00   6.46900e+07
       1525.00   5.94700e+07
       1535.00   6.31000e+07
       1545.00   8.10100e+07
       1555.00   6.32000e+07
       1565.00   5.43500e+07
       1575.00   7.38200e+07
       1585.00   8.61800e+07
       1595.00   9.49100e+07
       1605.00   8.93400e+07
       1615.00   8.68300e+07
       1625.00   7.50200e+07
       1635.00   7.93200e+07
       1645.00   9.18400e+07
       1655.00   6.93000e+07
       1665.00   8.99400e+07
       1672.00   5.66900e+07
       1677.00   8.52500e+07
       1685.00   9.73300e+07
       1695.00   8.47100e+07
       1705.00   8.16900e+07
       1715.00   8.34700e+07
       1725.00   8.21500e+07
       1735.00   8.96200e+07
       1745.00   8.66900e+07
       1755.00   9.78100e+07
       1765.00   7.89200e+07
       1775.00   9.21200e+07
       1785.00   9.07700e+07
       1795.00   1.02100e+08
       1805.00   9.46700e+07
       1815.00   9.48200e+07
       1825.00   8.93500e+07
       1835.00   8.57700e+07
       1845.00   7.77700e+07
       1855.00   8.36100e+07
       1865.00   8.48300e+07
       1875.00   8.80000e+07
       1885.00   8.71100e+07
       1895.00   8.78300e+07
       1905.00   8.17000e+07
       1915.00   8.72500e+07
       1925.00   8.81900e+07
       1935.00   8.26000e+07
       1945.00   9.00700e+07
       1955.00   8.87300e+07
       1967.00   9.24900e+07
       1976.00   9.07000e+07
       1984.00   8.76200e+07
       1995.00   8.45200e+07
       2005.00   8.24700e+07
       2015.00   7.89700e+07
       2025.00   7.78700e+07
       2035.00   8.14400e+07
       2045.00   8.55900e+07
       2055.00   8.09600e+07
       2065.00   7.91600e+07
       2074.00   8.48900e+07
       2078.00   8.72000e+07
       2085.00   8.51900e+07
       2095.00   8.18300e+07
       2105.00   7.85100e+07
       2115.00   7.86900e+07
       2125.00   8.03900e+07
       2135.00   6.67300e+07
       2145.00   7.57700e+07
       2155.00   7.66400e+07
       2165.00   7.22400e+07
       2175.00   7.10400e+07
       2185.00   7.18500e+07
       2195.00   7.63200e+07
       2205.00   7.30100e+07
       2215.00   6.61800e+07
       2225.00   6.50300e+07
       2235.00   7.32200e+07
       2245.00   6.52800e+07
       2255.00   6.34400e+07
       2265.00   6.40300e+07
       2275.00   6.81600e+07
       2285.00   7.05800e+07
       2295.00   6.58400e+07
       2305.00   6.47100e+07
       2315.00   6.24100e+07
       2325.00   6.18300e+07
       2335.00   5.77600e+07
       2345.00   5.27100e+07
       2355.00   6.18800e+07
       2365.00   5.33700e+07
       2375.00   5.75500e+07
       2385.00   4.93100e+07
       2395.00   5.50300e+07
       2405.00   5.20800e+07
       2415.00   5.38500e+07
       2425.00   5.85300e+07
       2435.00   5.58700e+07
       2445.00   5.98100e+07
       2455.00   5.75200e+07
       2465.00   5.73300e+07
       2475.00   5.46900e+07
       2485.00   5.75900e+07
       2495.00   5.53100e+07
       2505.00   6.20800e+07
       2513.00   5.47000e+07
       2518.00   5.60100e+07
       2525.00   5.18400e+07
       2535.00   5.08200e+07
       2545.00   5.05500e+07
       2555.00   5.44800e+07
       2565.00   5.42300e+07
       2575.00   5.85000e+07
       2585.00   5.85100e+07
       2595.00   5.70400e+07
       2605.00   5.44500e+07
       2615.00   5.36200e+07
       2625.00   5.78200e+07
       2635.00   5.80500e+07
       2645.00   6.52500e+07
       2655.00   6.43300e+07
       2665.00   5.82500e+07
       2675.00   6.11100e+07
       2685.00   6.05700e+07
       2695.00   5.78800e+07
       2705.00   5.94100e+07
       2715.00   5.61700e+07
       2725.00   5.68100e+07
       2735.00   6.13700e+07
       2745.00   5.13400e+07
       2755.00   5.23000e+07
       2765.00   5.40500e+07
       2775.00   5.84700e+07
       2785.00   5.67200e+07
       2795.00   4.13400e+07
       2805.00   4.72100e+07
       2815.00   5.97200e+07
       2825.00   6.08400e+07
       2835.00   5.82600e+07
       2845.00   5.60100e+07
       2855.00   5.40300e+07
       2865.00   5.80300e+07
       2875.00   5.62500e+07
       2885.00   5.74500e+07
       2895.00   5.49400e+07
       2910.00   6.10000e+07
       2930.00   5.84200e+07
       2950.00   5.81500e+07
       2970.00   5.90600e+07
       2990.00   5.93000e+07
       3010.00   6.00900e+07
       3030.00   5.93000e+07
       3050.00   5.86900e+07
       3070.00   5.80800e+07
       3090.00   5.87600e+07
       3110.00   5.72400e+07
       3130.00   5.69300e+07
       3150.00   5.77000e+07
       3170.00   5.72600e+07
       3190.00   5.50000e+07
       3210.00   5.60300e+07
       3230.00   5.47300e+07
       3250.00   5.53400e+07
       3270.00   5.54200e+07
       3290.00   5.57600e+07
       3310.00   5.58600e+07
       3330.00   5.46300e+07
       3350.00   5.37400e+07
       3370.00   5.36400e+07
       3390.00   5.32300e+07
       3410.00   5.39400e+07
       3430.00   5.37500e+07
       3450.00   5.32800e+07
       3470.00   5.25800e+07
       3490.00   5.22800e+07
       3510.00   5.27200e+07
       3530.00   5.26700e+07
       3550.00   5.26100e+07
       3570.00   5.15500e+07
       3590.00   5.12400e+07
       3610.00   5.10200e+07
       3630.00   5.08500e+07
       3640.00   5.05100e+07
       3650.00   5.12900e+07
       3670.00   5.10200e+07
       3690.00   4.91100e+07
       3710.00   4.99400e+07
       3730.00   5.09300e+07
       3750.00   6.42400e+07
       3770.00   6.90400e+07
       3790.00   8.72100e+07
       3810.00   1.03500e+08
       3830.00   8.05300e+07
       3850.00   1.14700e+08
       3870.00   1.31800e+08
       3890.00   6.94700e+07
       3910.00   1.30700e+08
       3930.00   1.34100e+08
       3950.00   1.30500e+08
       3970.00   6.60500e+07
       3990.00   1.24400e+08
       4010.00   1.39400e+08
       4030.00   1.38800e+08
       4050.00   1.37100e+08
       4070.00   1.30200e+08
       4090.00   9.82700e+07
       4110.00   7.33600e+07
       4130.00   1.22000e+08
       4150.00   1.28400e+08
       4170.00   1.27100e+08
       4190.00   1.25800e+08
       4210.00   1.24500e+08
       4230.00   1.21800e+08
       4250.00   1.20300e+08
       4270.00   1.17300e+08
       4290.00   1.16400e+08
       4310.00   1.08500e+08
       4330.00   7.91800e+07
       4350.00   6.67400e+07
       4370.00   1.05300e+08
       4390.00   1.07700e+08
       4410.00   1.07300e+08
       4430.00   1.06500e+08
       4450.00   1.06400e+08
       4470.00   1.05000e+08
       4490.00   1.02600e+08
       4510.00   1.02700e+08
       4530.00   1.00800e+08
       4550.00   9.84300e+07
       4570.00   9.89800e+07
       4590.00   9.68800e+07
       4610.00   9.73000e+07
       4630.00   9.46300e+07
       4650.00   9.47700e+07
       4670.00   9.34200e+07
       4690.00   9.11400e+07
       4710.00   8.82200e+07
       4730.00   8.98700e+07
       4750.00   8.88100e+07
       4770.00   8.75400e+07
       4790.00   8.61900e+07
       4810.00   8.40600e+07
       4830.00   7.97000e+07
       4850.00   6.01800e+07
       4870.00   4.81700e+07
       4890.00   7.46600e+07
       4910.00   7.87100e+07
       4930.00   7.80300e+07
       4950.00   7.81600e+07
       4970.00   7.77600e+07
       4990.00   7.65100e+07
       5010.00   7.46300e+07
       5030.00   7.46000e+07
       5050.00   7.32700e+07
       5070.00   7.32200e+07
       5090.00   7.23700e+07
       5110.00   7.15100e+07
       5130.00   7.06100e+07
       5150.00   6.95300e+07
       5170.00   6.78800e+07
       5190.00   6.72800e+07
       5210.00   6.71800e+07
       5230.00   6.58200e+07
       5250.00   6.59300e+07
       5270.00   6.40700e+07
       5290.00   6.44200e+07
       5310.00   6.31400e+07
       5330.00   6.23500e+07
       5350.00   6.23900e+07
       5370.00   6.14700e+07
       5390.00   6.08500e+07
       5410.00   5.98900e+07
       5430.00   5.94300e+07
       5450.00   5.90000e+07
       5470.00   5.83200e+07
       5490.00   5.77500e+07
       5510.00   5.71100e+07
       5530.00   5.63600e+07
       5550.00   5.59400e+07
       5570.00   5.52800e+07
       5590.00   5.47000e+07
       5610.00   5.42000e+07
       5630.00   5.36500e+07
       5650.00   5.30100e+07
       5670.00   5.24300e+07
       5690.00   5.19400e+07
       5710.00   5.14000e+07
       5730.00   5.09200e+07
       5750.00   5.03200e+07
       5770.00   4.98200e+07
       5790.00   4.92600e+07
       5810.00   4.87800e+07
       5830.00   4.82800e+07
       5850.00   4.77900e+07
       5870.00   4.72400e+07
       5890.00   4.64200e+07
       5910.00   4.63100e+07
       5930.00   4.58500e+07
       5950.00   4.53000e+07
       5970.00   4.48900e+07
       5990.00   4.43500e+07
       6010.00   4.39200e+07
       6030.00   4.35500e+07
       6050.00   4.30800e+07
       6070.00   4.26900e+07
       6090.00   4.22500e+07
       6110.00   4.18200e+07
       6130.00   4.13600e+07
       6150.00   4.05500e+07
       6170.00   4.05200e+07
       6190.00   4.02100e+07
       6210.00   3.98100e+07
       6230.00   3.93900e+07
       6250.00   3.87600e+07
       6270.00   3.86600e+07
       6290.00   3.82900e+07
       6310.00   3.78400e+07
       6330.00   3.75200e+07
       6350.00   3.68500e+07
       6370.00   3.66000e+07
       6390.00   3.64300e+07
       6410.00   3.60100e+07
       6430.00   3.57000e+07
       6450.00   3.50800e+07
       6470.00   3.49300e+07
       6490.00   3.44000e+07
       6510.00   3.38600e+07
       6530.00   3.26500e+07
       6550.00   2.78900e+07
       6570.00   2.23900e+07
       6590.00   3.06200e+07
       6610.00   3.20900e+07
       6630.00   3.22100e+07
       6650.00   3.20600e+07
       6670.00   3.18100e+07
       6690.00   3.15800e+07
       6710.00   3.13300e+07
       6730.00   3.10100e+07
       6750.00   3.07400e+07
       6770.00   3.05000e+07
       6790.00   3.02100e+07
       6810.00   2.99400e+07
       6830.00   2.96500e+07
       6850.00   2.93900e+07
       6870.00   2.91300e+07
       6890.00   2.88800e+07
       6910.00   2.86100e+07
       6930.00   2.83400e+07
       6950.00   2.81000e+07
       6970.00   2.78400e+07
       6990.00   2.76100e+07
       7010.00   2.72900e+07
       7030.00   2.71000e+07
       7050.00   2.68600e+07
       7070.00   2.66400e+07
       7090.00   2.64100e+07
       7110.00   2.59600e+07
       7130.00   2.59100e+07
       7150.00   2.56800e+07
       7170.00   2.54800e+07
       7190.00   2.52500e+07
       7210.00   2.50500e+07
       7230.00   2.48200e+07
       7250.00   2.45800e+07
       7270.00   2.44100e+07
       7290.00   2.41700e+07
       7310.00   2.39700e+07
       7330.00   2.37700e+07
       7350.00   2.35800e+07
       7370.00   2.33900e+07
       7390.00   2.31800e+07
       7410.00   2.29600e+07
       7430.00   2.27100e+07
       7450.00   2.25500e+07
       7470.00   2.22900e+07
       7490.00   2.21600e+07
       7510.00   2.20000e+07
       7530.00   2.18400e+07
       7550.00   2.16700e+07
       7570.00   2.14900e+07
       7590.00   2.13100e+07
       7610.00   2.11400e+07
       7630.00   2.09600e+07
       7650.00   2.07800e+07
       7670.00   2.05900e+07
       7690.00   2.04300e+07
       7710.00   2.02600e+07
       7730.00   2.01100e+07
       7750.00   1.99500e+07
       7770.00   1.94100e+07
       7790.00   1.96300e+07
       7810.00   1.94700e+07
       7830.00   1.92900e+07
       7850.00   1.91100e+07
       7870.00   1.89100e+07
       7890.00   1.87200e+07
       7910.00   1.86500e+07
       7930.00   1.85200e+07
       7950.00   1.83000e+07
       7970.00   1.82500e+07
       7990.00   1.79300e+07
       8010.00   1.79600e+07
       8030.00   1.78100e+07
       8050.00   1.76800e+07
       8070.00   1.75300e+07
       8090.00   1.73900e+07
       8110.00   1.72600e+07
       8130.00   1.71300e+07
       8150.00   1.70000e+07
       8170.00   1.68700e+07
       8190.00   1.66400e+07
       8210.00   1.65600e+07
       8230.00   1.64200e+07
       8250.00   1.63300e+07
       8270.00   1.63200e+07
       8290.00   1.61900e+07
       8310.00   1.60800e+07
       8330.00   1.58800e+07
       8350.00   1.58400e+07
       8370.00   1.57300e+07
       8390.00   1.55800e+07
       8410.00   1.54400e+07
       8430.00   1.53000e+07
       8450.00   1.50000e+07
       8470.00   1.48500e+07
       8490.00   1.49900e+07
       8510.00   1.43000e+07
       8530.00   1.49100e+07
       8550.00   1.34900e+07
       8570.00   1.49800e+07
       8590.00   1.38700e+07
       8610.00   1.35300e+07
       8630.00   1.50600e+07
       8650.00   1.43300e+07
       8670.00   1.18900e+07
       8690.00   1.45800e+07
       8710.00   1.52400e+07
       8730.00   1.44800e+07
       8750.00   1.13200e+07
       8770.00   1.36800e+07
       8790.00   1.51600e+07
       8810.00   1.53100e+07
       8830.00   1.47700e+07
       8850.00   1.28600e+07
       8870.00   1.08600e+07
       8890.00   1.39100e+07
       8910.00   1.47300e+07
       8930.00   1.48600e+07
       8950.00   1.48700e+07
       8970.00   1.45300e+07
       8990.00   1.35900e+07
       9010.00   1.06100e+07
       9030.00   1.16200e+07
       9050.00   1.36200e+07
       9070.00   1.38900e+07
       9090.00   1.38700e+07
       9110.00   1.40500e+07
       9130.00   1.40200e+07
       9150.00   1.39200e+07
       9170.00   1.36900e+07
       9190.00   1.32100e+07
       9210.00   1.20000e+07
       9230.00   9.26700e+06
       9250.00   1.14800e+07
       9270.00   1.25100e+07
       9290.00   1.30800e+07
       9310.00   1.31300e+07
       9330.00   1.30700e+07
       9350.00   1.30100e+07
       9370.00   1.29300e+07
       9390.00   1.27700e+07
       9410.00   1.25200e+07
       9430.00   1.26000e+07
       9450.00   1.25100e+07
       9470.00   1.23700e+07
       9490.00   1.21600e+07
       9510.00   1.17100e+07
       9530.00   1.04700e+07
       9550.00   8.38000e+06
       9570.00   1.05800e+07
       9590.00   1.14700e+07
       9610.00   1.16300e+07
       9630.00   1.15300e+07
       9650.00   1.16400e+07
       9670.00   1.15000e+07
       9690.00   1.14900e+07
       9710.00   1.14700e+07
       9730.00   1.13900e+07
       9750.00   1.13000e+07
       9770.00   1.12400e+07
       9790.00   1.11600e+07
       9810.00   1.10700e+07
       9830.00   1.09800e+07
       9850.00   1.08900e+07
       9870.00   1.08100e+07
       9890.00   1.06800e+07
       9910.00   1.06400e+07
       9930.00   1.05500e+07
       9950.00   1.04700e+07
       9970.00   1.03700e+07
       9990.00   1.02000e+07
       10025.0   9.08500e+06
       10075.0   8.60100e+06
       10125.0   9.71900e+06
       10175.0   9.71100e+06
       10225.0   9.59000e+06
       10275.0   9.43500e+06
       10325.0   9.26900e+06
       10375.0   9.11700e+06
       10425.0   8.96700e+06
       10475.0   8.77700e+06
       10525.0   8.64500e+06
       10575.0   8.51600e+06
       10625.0   8.38300e+06
       10675.0   8.14400e+06
       10725.0   8.07200e+06
       10775.0   7.95200e+06
       10825.0   7.80000e+06
       10875.0   7.55000e+06
       10925.0   6.27200e+06
       10975.0   6.86500e+06
       11025.0   7.28600e+06
       11075.0   7.23700e+06
       11125.0   7.14100e+06
       11175.0   7.03500e+06
       11225.0   6.92900e+06
       11275.0   6.74300e+06
       11325.0   6.64700e+06
       11375.0   6.59900e+06
       11425.0   6.49100e+06
       11475.0   6.41300e+06
       11525.0   6.31700e+06
       11575.0   6.22000e+06
       11625.0   6.09400e+06
       11675.0   5.97800e+06
       11725.0   5.94500e+06
       11775.0   5.78900e+06
       11825.0   5.74000e+06
       11875.0   5.64300e+06
       11925.0   5.60200e+06
       11975.0   5.49500e+06
       12025.0   5.43100e+06
       12075.0   5.34400e+06
       12125.0   5.27000e+06
       12175.0   5.20100e+06
       12225.0   5.12400e+06
       12275.0   5.04400e+06
       12325.0   4.97400e+06
       12375.0   4.90700e+06
       12425.0   4.84300e+06
       12475.0   4.76100e+06
       12525.0   4.70300e+06
       12575.0   4.61800e+06
       12625.0   4.55900e+06
       12675.0   4.49500e+06
       12725.0   4.40600e+06
       12775.0   4.18600e+06
       12825.0   3.57200e+06
       12875.0   4.11700e+06
       12925.0   4.17400e+06
       12975.0   4.13800e+06
       13025.0   4.09300e+06
       13075.0   4.04000e+06
       13125.0   3.98500e+06
       13175.0   3.92100e+06
       13225.0   3.87900e+06
       13275.0   3.82700e+06
       13325.0   3.77600e+06
       13375.0   3.72600e+06
       13425.0   3.67600e+06
       13475.0   3.62700e+06
       13525.0   3.57400e+06
       13575.0   3.52900e+06
       13625.0   3.48500e+06
       13675.0   3.43700e+06
       13725.0   3.38300e+06
       13775.0   3.35000e+06
       13825.0   3.30700e+06
       13875.0   3.26700e+06
       13925.0   3.22100e+06
       13975.0   3.18300e+06
       14025.0   3.14300e+06
       14075.0   3.10400e+06
       14125.0   3.06300e+06
       14175.0   3.02500e+06
       14225.0   2.98700e+06
       14275.0   2.94900e+06
       14325.0   2.91200e+06
       14375.0   2.87700e+06
       14425.0   2.81600e+06
       14475.0   2.80500e+06
       14525.0   2.75900e+06
       14570.0   2.74000e+06
       14620.0   2.70500e+06
       14675.0   2.67400e+06
       14725.0   2.64100e+06
       14775.0   2.60300e+06
       14825.0   2.57700e+06
       14875.0   2.54000e+06
       14925.0   2.52100e+06
       14975.0   2.48800e+06
       15025.0   2.45500e+06
       15075.0   2.42700e+06
       15125.0   2.40200e+06
       15175.0   2.37300e+06
       15225.0   2.34600e+06
       15275.0   2.31400e+06
       15325.0   2.28400e+06
       15375.0   2.26200e+06
       15425.0   2.21800e+06
       15475.0   2.20700e+06
       15525.0   2.18000e+06
       15575.0   2.12200e+06
       15625.0   2.15200e+06
       15675.0   2.08300e+06
       15725.0   2.03000e+06
       15775.0   2.08600e+06
       15825.0   2.05800e+06
       15875.0   1.89500e+06
       15925.0   1.98100e+06
       15975.0   2.01400e+06
       16050.0   1.94300e+06
       16150.0   1.82800e+06
       16250.0   1.91600e+06
       16350.0   1.81000e+06
       16450.0   1.69600e+06
       16550.0   1.80200e+06
       16650.0   1.76600e+06
       16750.0   1.65300e+06
       16850.0   1.54500e+06
       16950.0   1.65100e+06
       17050.0   1.62200e+06
       17150.0   1.58800e+06
       17250.0   1.53700e+06
       17350.0   1.35400e+06
       17450.0   1.45000e+06
       17550.0   1.45300e+06
       17650.0   1.42600e+06
       17750.0   1.39900e+06
       17850.0   1.37000e+06
       17950.0   1.34100e+06
       18050.0   1.30100e+06
       18150.0   1.15900e+06
       18250.0   1.21500e+06
       18350.0   1.23100e+06
       18450.0   1.21000e+06
       18550.0   1.18300e+06
       18650.0   1.14900e+06
       18750.0   1.02000e+06
       18850.0   1.09800e+06
       18950.0   1.09200e+06
       19050.0   1.07600e+06
       19150.0   1.05500e+06
       19250.0   1.03100e+06
       19350.0       998000.
       19450.0       887500.
       19550.0       960100.
       19650.0       955600.
       19750.0       939600.
       19850.0       922600.
       19950.0       905400.
       20050.0       888700.
       20150.0       872300.
       20250.0       856100.
       20350.0       840300.
       20450.0       825300.
       20550.0       810300.
       20650.0       795300.
       20750.0       781100.
       20850.0       767300.
       20950.0       753500.
       21050.0       740000.
       21150.0       726100.
       21250.0       713300.
       21350.0       700800.
       21450.0       687500.
       21550.0       668100.
       21650.0       598600.
       21750.0       639500.
       21850.0       640700.
       21950.0       632300.
       22050.0       621300.
       22150.0       610400.
       22250.0       600800.
       22350.0       590700.
       22450.0       580900.
       22550.0       570900.
       22650.0       561700.
       22750.0       552500.
       22850.0       543600.
       22950.0       534700.
       23050.0       526300.
       23150.0       517800.
       23250.0       509500.
       23350.0       501400.
       23450.0       493500.
       23550.0       485700.
       23650.0       478000.
       23750.0       470500.
       23850.0       463100.
       23950.0       455800.
       24050.0       448600.
       24150.0       441600.
       24250.0       434800.
       24350.0       428000.
       24450.0       421100.
       24550.0       414900.
       24650.0       408000.
       24750.0       401800.
       24850.0       396500.
       24950.0       387400.
       25050.0       385000.
       25150.0       379300.
       25250.0       368100.
       25350.0       367500.
       25450.0       363800.
       25550.0       356200.
       25650.0       342900.
       25750.0       346600.
       25850.0       343300.
       25950.0       338100.
       26050.0       327900.
       26150.0       311900.
       26250.0       293100.
       26350.0       312700.
       26450.0       314500.
       26550.0       310600.
       26650.0       302700.
       26750.0       282500.
       26850.0       294300.
       26950.0       294300.
       27050.0       290800.
       27150.0       287100.
       27250.0       283000.
       27350.0       278700.
       27450.0       272400.
       27550.0       252300.
       27650.0       257500.
       27750.0       262700.
       27850.0       260500.
       27950.0       257500.
       28050.0       254000.
       28150.0       250500.
       28250.0       247200.
       28350.0       243900.
       28450.0       240000.
       28550.0       235800.
       28650.0       226700.
       28750.0       211800.
       28850.0       224500.
       28950.0       224000.
       29050.0       222000.
       29150.0       219000.
       29250.0       216300.
       29350.0       213500.
       29450.0       210800.
       29550.0       208100.
       29650.0       205400.
       29750.0       202700.
       29850.0       200100.
       29950.0       197600.
       30050.0       195000.
       30150.0       191900.
       30250.0       188000.
       30350.0       174600.
       30450.0       176200.
       30550.0       181500.
       30650.0       180300.
       30750.0       178500.
       30850.0       176200.
       30950.0       174100.
       31050.0       172000.
       31150.0       169800.
       31250.0       167800.
       31350.0       165700.
       31450.0       163700.
       31550.0       161800.
       31650.0       159800.
       31750.0       157900.
       31850.0       156000.
       31950.0       154100.
       32100.0       151400.
       32300.0       147800.
       32500.0       144400.
       32700.0       140500.
       32900.0       129900.
       33100.0       131700.
       33300.0       130900.
       33500.0       128100.
       33700.0       125100.
       33900.0       122400.
       34100.0       119700.
       34300.0       117100.
       34500.0       114500.
       34700.0       112000.
       34900.0       109600.
       35100.0       107200.
       35300.0       104900.
       35500.0       102600.
       35700.0       100400.
       35900.0       98290.0
       36100.0       96150.0
       36300.0       94190.0
       36500.0       92100.0
       36700.0       90310.0
       36900.0       88120.0
       37100.0       86420.0
       37300.0       82340.0
       37500.0       79700.0
       37700.0       81260.0
       37900.0       79850.0
       38100.0       77750.0
       38300.0       76290.0
       38500.0       75250.0
       38700.0       73750.0
       38900.0       72050.0
       39100.0       69690.0
       39300.0       69440.0
       39500.0       68230.0
       39700.0       66940.0
       39900.0       65540.0
       40100.0       63390.0
       40300.0       61790.0
       40500.0       58910.0
       40700.0       60440.0
       40900.0       59650.0
       41100.0       58660.0
       41300.0       57490.0
       41500.0       56120.0
       41700.0       53200.0
       41900.0       54000.0
       42100.0       53400.0
       42300.0       52500.0
       42500.0       51550.0
       42700.0       50610.0
       42900.0       49700.0
       43100.0       48810.0
       43300.0       47940.0
       43500.0       46870.0
       43700.0       44320.0
       43900.0       44590.0
       44100.0       44550.0
       44300.0       43860.0
       44500.0       43100.0
       44700.0       42420.0
       44900.0       41620.0
       45100.0       40910.0
       45300.0       40200.0
       45500.0       39520.0
       45700.0       38840.0
       45900.0       38170.0
       46100.0       37500.0
       46300.0       36680.0
       46500.0       34290.0
       46700.0       33780.0
       46900.0       34670.0
       47100.0       34470.0
       47300.0       33960.0
       47500.0       33420.0
       47700.0       32890.0
       47900.0       32360.0
       48100.0       31850.0
       48300.0       31340.0
       48500.0       30840.0
       48700.0       30350.0
       48900.0       29860.0
       49100.0       29390.0
       49300.0       28930.0
       49500.0       28480.0
       49700.0       28030.0
       49900.0       27600.0
       50100.0       27170.0
       50300.0       26740.0
       50500.0       26330.0
       50700.0       25920.0
       50900.0       25470.0
       51100.0       24870.0
       51300.0       23450.0
       51500.0       24190.0
       51700.0       23960.0
       51900.0       23660.0
       52100.0       23330.0
       52300.0       22980.0
       52500.0       22610.0
       52700.0       22250.0
       52900.0       21970.0
       53100.0       21670.0
       53300.0       21350.0
       53500.0       21030.0
       53700.0       20650.0
       53900.0       20360.0
       54100.0       20130.0
       54300.0       19880.0
       54500.0       19610.0
       54700.0       19330.0
       54900.0       19010.0
       55100.0       18680.0
       55300.0       18330.0
       55500.0       18200.0
       55700.0       17990.0
       55900.0       17750.0
       56100.0       17510.0
       56300.0       17270.0
       56500.0       17030.0
       56700.0       16780.0
       56900.0       16480.0
       57100.0       16060.0
       57300.0       16020.0
       57500.0       15870.0
       57700.0       15690.0
       57900.0       15470.0
       58100.0       15270.0
       58300.0       15050.0
       58500.0       14830.0
       58700.0       14610.0
       58900.0       14270.0
       59100.0       13480.0
       59300.0       13920.0
       59500.0       13570.0
       59700.0       13530.0
       59900.0       13500.0
       60100.0       13350.0
       60300.0       13180.0
       60500.0       13020.0
       60700.0       12850.0
       60900.0       12690.0
       61100.0       12530.0
       61300.0       12370.0
       61500.0       12210.0
       61700.0       12060.0
       61900.0       11900.0
       62100.0       11750.0
       62300.0       11600.0
       62500.0       11440.0
       62700.0       11230.0
       62900.0       10770.0
       63100.0       10910.0
       63300.0       10880.0
       63500.0       10760.0
       63700.0       10640.0
       63900.0       10510.0
       64200.0       10330.0
       64600.0       10090.0
       65000.0       9845.00
       65400.0       9612.00
       65800.0       9382.00
       66200.0       9159.00
       66600.0       8942.00
       67000.0       8719.00
       67400.0       8470.00
       67800.0       8091.00
       68200.0       8118.00
       68600.0       7956.00
       69000.0       7783.00
       69400.0       7596.00
       69800.0       7436.00
       70200.0       7273.00
       70600.0       7108.00
       71000.0       6941.00
       71400.0       6803.00
       71800.0       6656.00
       72200.0       6510.00
       72600.0       6351.00
       73000.0       6226.00
       73400.0       6102.00
       73800.0       5964.00
       74200.0       5812.00
       74600.0       5504.00
       75000.0       5323.00
       75400.0       5428.00
       75800.0       5357.00
       76200.0       5253.00
       76600.0       5148.00
       77000.0       5043.00
       77400.0       4937.00
       77800.0       4813.00
       78200.0       4741.00
       78600.0       4658.00
       79000.0       4568.00
       79400.0       4478.00
       79800.0       4390.00
       80200.0       4304.00
       80600.0       4221.00
       81000.0       4131.00
       81400.0       4018.00
       81800.0       3957.00
       82200.0       3902.00
       82600.0       3832.00
       83000.0       3760.00
       83400.0       3689.00
       83800.0       3619.00
       84200.0       3552.00
       84600.0       3487.00
       85000.0       3423.00
       85400.0       3360.00
       85800.0       3297.00
       86200.0       3227.00
       86600.0       3120.00
       87000.0       3102.00
       87400.0       2997.00
       87800.0       2944.00
       88200.0       2951.00
       88600.0       2905.00
       89000.0       2854.00
       89400.0       2804.00
       89800.0       2755.00
       90200.0       2707.00
       90600.0       2660.00
       91000.0       2614.00
       91400.0       2569.00
       91800.0       2525.00
       92200.0       2481.00
       92600.0       2434.00
       93000.0       2394.00
       93400.0       2350.00
       93800.0       2263.00
       94200.0       2257.00
       94600.0       2236.00
       95000.0       2200.00
       95400.0       2164.00
       95800.0       2133.00
       96200.0       2099.00
       96600.0       2064.00
       97000.0       2031.00
       97400.0       1998.00
       97800.0       1966.00
       98200.0       1931.00
       98600.0       1898.00
       99000.0       1873.00
       99400.0       1844.00
       99800.0       1815.00
       100200.       1786.00
       200000.       114.200
       400000.       7.08700
       600000.       1.38600
       800000.      0.434700
   1.00000e+06      0.176700
   1.20000e+06     0.0846800
   1.40000e+06     0.0454500
   1.60000e+06     0.0265100
