       90.9000       0.00000
       93.5000       0.00000
       96.1000       0.00000
       97.7000       0.00000
       99.6000       0.00000
       102.000       0.00000
       103.800       0.00000
       105.600       0.00000
       107.700       0.00000
       110.400       0.00000
       114.000       0.00000
       117.800       0.00000
       121.300       0.00000
       124.800       0.00000
       127.100       0.00000
       128.400       0.00000
       130.500       0.00000
       132.400       0.00000
       133.900       0.00000
       136.600       0.00000
       139.800       0.00000
       143.300       0.00000
       147.200       0.00000
       151.000       0.00000
       155.200       0.00000
       158.800       0.00000
       162.000       0.00000
       166.000       0.00000
       170.300       0.00000
       173.400       0.00000
       176.800       0.00000
       180.200       0.00000
       181.700       0.00000
       186.100       0.00000
       191.000       0.00000
       193.900       0.00000
       198.400       0.00000
       201.800       0.00000
       205.000       0.00000
       210.500       0.00000
       216.200       0.00000
       219.800       0.00000
       223.000       0.00000
       226.800       0.00000
       230.000       0.00000
       234.000       0.00000
       240.000       0.00000
       246.500       0.00000
       252.400       0.00000
       256.800       0.00000
       260.000       0.00000
       264.000       0.00000
       268.500       0.00000
       273.500       0.00000
       278.500       0.00000
       284.000       0.00000
       290.000       0.00000
       296.000       0.00000
       301.000   7.82600e-23
       308.000   4.83100e-22
       318.000   5.40800e-21
       328.000   5.23300e-20
       338.000   4.45400e-19
       348.000   3.36200e-18
       357.000   1.88800e-17
       366.000   9.74200e-17
       375.000   4.64900e-16
       385.000   2.42300e-15
       395.000   1.16000e-14
       405.000   5.13700e-14
       414.000   1.84100e-13
       422.000   5.46400e-13
       430.000   1.55600e-12
       441.000   6.15400e-12
       451.000   2.02300e-11
       460.000   5.63900e-11
       470.000   1.67900e-10
       480.000   4.77000e-10
       490.000   1.29600e-09
       500.000   3.37700e-09
       506.000   5.85800e-09
       512.000   1.02600e-08
       520.000   2.06600e-08
       530.000   4.80600e-08
       540.000   1.08200e-07
       550.000   2.36100e-07
       560.000   5.00700e-07
       570.000   1.03200e-06
       580.000   2.07300e-06
       590.000   4.06200e-06
       600.000   7.77200e-06
       610.000   1.45400e-05
       620.000   2.66200e-05
       630.000   4.77500e-05
       640.000   8.40100e-05
       650.000   0.000145100
       658.000   0.000221800
       665.000   0.000318700
       675.000   0.000527300
       685.000   0.000858900
       695.000    0.00137800
       705.000    0.00218000
       716.000    0.00355200
       726.000    0.00546100
       735.000    0.00795600
       745.000     0.0119500
       755.000     0.0177300
       765.000     0.0260300
       775.000     0.0377900
       785.000     0.0543100
       795.000     0.0772800
       805.000      0.108900
       815.000      0.152100
       825.000      0.210600
       835.000      0.289000
       845.000      0.393400
       855.000      0.531400
       865.000      0.712200
       875.000      0.947500
       885.000       1.25200
       895.000       1.64200
       905.000       2.14100
       915.000       31.3700
       925.000       185.600
       935.000       270.100
       945.000       381.500
       955.000       529.700
       965.000       674.000
       975.000       682.000
       985.000       931.800
       995.000       1041.00
       1005.00       1323.00
       1015.00       1550.00
       1025.00       1465.00
       1035.00       2083.00
       1045.00       2487.00
       1055.00       2892.00
       1065.00       3246.00
       1075.00       3869.00
       1085.00       4462.00
       1095.00       4950.00
       1105.00       9877.00
       1115.00       23050.0
       1125.00       30420.0
       1135.00       39530.0
       1145.00       45430.0
       1155.00       48240.0
       1165.00       59240.0
       1175.00       64340.0
       1185.00       66040.0
       1195.00       35130.0
       1205.00       31870.0
       1215.00       6642.00
       1225.00       33530.0
       1235.00       75560.0
       1245.00       128400.
       1255.00       451500.
       1265.00   1.00300e+06
       1275.00   3.33800e+06
       1285.00   7.81700e+06
       1295.00   9.57500e+06
       1305.00   4.68700e+06
       1315.00   1.24500e+07
       1325.00   1.59900e+07
       1335.00   1.52500e+07
       1345.00   2.13900e+07
       1355.00   1.99800e+07
       1365.00   1.82600e+07
       1375.00   1.96700e+07
       1385.00   1.68300e+07
       1395.00   1.81300e+07
       1405.00   2.18700e+07
       1415.00   2.26800e+07
       1425.00   2.69900e+07
       1435.00   2.33500e+07
       1442.00   2.83100e+07
       1447.00   3.09300e+07
       1455.00   3.26700e+07
       1465.00   3.02100e+07
       1475.00   2.97300e+07
       1485.00   3.24800e+07
       1495.00   3.63800e+07
       1505.00   3.74900e+07
       1512.00   3.26200e+07
       1517.00   3.64600e+07
       1525.00   3.38100e+07
       1535.00   3.96300e+07
       1545.00   5.51000e+07
       1555.00   4.23100e+07
       1565.00   3.63000e+07
       1575.00   5.27500e+07
       1585.00   6.30000e+07
       1595.00   7.06300e+07
       1605.00   6.67700e+07
       1615.00   6.43900e+07
       1625.00   5.48900e+07
       1635.00   5.89000e+07
       1645.00   7.13500e+07
       1655.00   5.13800e+07
       1665.00   7.01400e+07
       1672.00   4.18700e+07
       1677.00   6.71400e+07
       1685.00   7.75000e+07
       1695.00   6.58400e+07
       1705.00   6.41300e+07
       1715.00   6.69700e+07
       1725.00   6.60000e+07
       1735.00   7.30500e+07
       1745.00   7.02900e+07
       1755.00   8.01700e+07
       1765.00   6.32800e+07
       1775.00   7.53800e+07
       1785.00   7.40700e+07
       1795.00   8.44400e+07
       1805.00   7.74500e+07
       1815.00   7.80300e+07
       1825.00   7.28500e+07
       1835.00   6.97900e+07
       1845.00   6.28800e+07
       1855.00   6.81700e+07
       1865.00   6.97500e+07
       1875.00   7.17600e+07
       1885.00   7.13500e+07
       1895.00   7.26100e+07
       1905.00   6.70300e+07
       1915.00   7.22200e+07
       1925.00   7.30600e+07
       1935.00   6.68200e+07
       1945.00   7.46900e+07
       1955.00   7.37200e+07
       1967.00   7.72200e+07
       1976.00   7.54900e+07
       1984.00   7.28700e+07
       1995.00   7.02600e+07
       2005.00   6.80000e+07
       2015.00   6.55000e+07
       2025.00   6.37100e+07
       2035.00   6.75900e+07
       2045.00   7.16400e+07
       2055.00   6.76400e+07
       2065.00   6.59300e+07
       2074.00   7.15600e+07
       2078.00   7.35900e+07
       2085.00   7.16000e+07
       2095.00   6.86900e+07
       2105.00   6.54000e+07
       2115.00   6.57000e+07
       2125.00   6.74500e+07
       2135.00   5.52400e+07
       2145.00   6.33600e+07
       2155.00   6.39800e+07
       2165.00   6.00200e+07
       2175.00   5.90700e+07
       2185.00   6.02000e+07
       2195.00   6.41300e+07
       2205.00   6.13200e+07
       2215.00   5.53400e+07
       2225.00   5.44500e+07
       2235.00   6.18200e+07
       2245.00   5.49300e+07
       2255.00   5.31300e+07
       2265.00   5.35300e+07
       2275.00   5.71300e+07
       2285.00   5.93300e+07
       2295.00   5.51800e+07
       2305.00   5.45300e+07
       2315.00   5.26400e+07
       2325.00   5.19700e+07
       2335.00   4.82200e+07
       2345.00   4.35000e+07
       2355.00   5.21900e+07
       2365.00   4.43000e+07
       2375.00   4.82600e+07
       2385.00   4.06600e+07
       2395.00   4.56800e+07
       2405.00   4.32600e+07
       2415.00   4.48000e+07
       2425.00   4.93900e+07
       2435.00   4.72000e+07
       2445.00   5.05700e+07
       2455.00   4.87500e+07
       2465.00   4.86200e+07
       2475.00   4.62000e+07
       2485.00   4.85500e+07
       2495.00   4.64900e+07
       2505.00   5.28700e+07
       2513.00   4.60900e+07
       2518.00   4.72700e+07
       2525.00   4.35300e+07
       2535.00   4.25500e+07
       2545.00   4.21100e+07
       2555.00   4.57200e+07
       2565.00   4.55200e+07
       2575.00   4.95000e+07
       2585.00   4.96000e+07
       2595.00   4.82000e+07
       2605.00   4.59600e+07
       2615.00   4.50400e+07
       2625.00   4.92500e+07
       2635.00   4.94800e+07
       2645.00   5.63200e+07
       2655.00   5.56500e+07
       2665.00   4.99100e+07
       2675.00   5.26000e+07
       2685.00   5.21500e+07
       2695.00   4.96300e+07
       2705.00   5.10600e+07
       2715.00   4.80500e+07
       2725.00   4.86800e+07
       2735.00   5.28000e+07
       2745.00   4.34800e+07
       2755.00   4.46300e+07
       2765.00   4.62200e+07
       2775.00   5.04200e+07
       2785.00   4.86400e+07
       2795.00   3.39300e+07
       2805.00   3.92500e+07
       2815.00   5.17000e+07
       2825.00   5.29100e+07
       2835.00   5.06000e+07
       2845.00   4.85800e+07
       2855.00   4.66300e+07
       2865.00   5.04800e+07
       2875.00   4.89000e+07
       2885.00   4.99500e+07
       2895.00   4.76300e+07
       2910.00   5.33100e+07
       2930.00   5.10100e+07
       2950.00   5.07500e+07
       2970.00   5.17400e+07
       2990.00   5.20000e+07
       3010.00   5.27000e+07
       3030.00   5.20300e+07
       3050.00   5.15600e+07
       3070.00   5.11400e+07
       3090.00   5.18000e+07
       3110.00   5.04200e+07
       3130.00   5.01800e+07
       3150.00   5.10200e+07
       3170.00   5.06800e+07
       3190.00   4.85300e+07
       3210.00   4.95400e+07
       3230.00   4.83000e+07
       3250.00   4.90000e+07
       3270.00   4.91600e+07
       3290.00   4.95300e+07
       3310.00   4.97000e+07
       3330.00   4.85900e+07
       3350.00   4.78100e+07
       3370.00   4.77000e+07
       3390.00   4.74100e+07
       3410.00   4.80800e+07
       3430.00   4.79600e+07
       3450.00   4.75400e+07
       3470.00   4.69200e+07
       3490.00   4.66800e+07
       3510.00   4.71800e+07
       3530.00   4.71500e+07
       3550.00   4.72000e+07
       3570.00   4.61300e+07
       3590.00   4.58700e+07
       3610.00   4.57200e+07
       3630.00   4.56600e+07
       3640.00   4.53000e+07
       3650.00   4.61000e+07
       3670.00   4.58800e+07
       3690.00   4.41200e+07
       3710.00   4.49800e+07
       3730.00   4.58900e+07
       3750.00   5.76500e+07
       3770.00   6.17500e+07
       3790.00   7.77800e+07
       3810.00   9.25000e+07
       3830.00   7.20100e+07
       3850.00   1.03100e+08
       3870.00   1.18800e+08
       3890.00   6.25100e+07
       3910.00   1.18200e+08
       3930.00   1.20200e+08
       3950.00   1.18100e+08
       3970.00   5.94200e+07
       3990.00   1.12900e+08
       4010.00   1.28100e+08
       4030.00   1.27900e+08
       4050.00   1.26200e+08
       4070.00   1.19400e+08
       4090.00   8.91200e+07
       4110.00   6.64600e+07
       4130.00   1.11800e+08
       4150.00   1.18400e+08
       4170.00   1.17500e+08
       4190.00   1.16200e+08
       4210.00   1.15200e+08
       4230.00   1.12600e+08
       4250.00   1.11400e+08
       4270.00   1.08200e+08
       4290.00   1.07500e+08
       4310.00   9.94400e+07
       4330.00   7.21100e+07
       4350.00   6.08000e+07
       4370.00   9.68200e+07
       4390.00   9.97600e+07
       4410.00   9.93200e+07
       4430.00   9.85600e+07
       4450.00   9.87900e+07
       4470.00   9.75400e+07
       4490.00   9.54000e+07
       4510.00   9.56700e+07
       4530.00   9.37400e+07
       4550.00   9.15300e+07
       4570.00   9.22600e+07
       4590.00   9.02000e+07
       4610.00   9.07200e+07
       4630.00   8.81800e+07
       4650.00   8.83700e+07
       4670.00   8.71700e+07
       4690.00   8.47900e+07
       4710.00   8.19900e+07
       4730.00   8.38200e+07
       4750.00   8.29300e+07
       4770.00   8.16700e+07
       4790.00   8.04000e+07
       4810.00   7.83000e+07
       4830.00   7.38900e+07
       4850.00   5.54400e+07
       4870.00   4.43500e+07
       4890.00   6.90400e+07
       4910.00   7.33100e+07
       4930.00   7.27800e+07
       4950.00   7.30000e+07
       4970.00   7.27600e+07
       4990.00   7.14800e+07
       5010.00   6.96700e+07
       5030.00   6.97800e+07
       5050.00   6.85500e+07
       5070.00   6.85900e+07
       5090.00   6.77900e+07
       5110.00   6.70300e+07
       5130.00   6.61300e+07
       5150.00   6.50900e+07
       5170.00   6.34800e+07
       5190.00   6.29400e+07
       5210.00   6.29100e+07
       5230.00   6.16200e+07
       5250.00   6.18600e+07
       5270.00   5.99200e+07
       5290.00   6.04300e+07
       5310.00   5.92200e+07
       5330.00   5.83500e+07
       5350.00   5.85500e+07
       5370.00   5.76700e+07
       5390.00   5.71000e+07
       5410.00   5.61500e+07
       5430.00   5.57900e+07
       5450.00   5.54100e+07
       5470.00   5.47900e+07
       5490.00   5.42900e+07
       5510.00   5.37000e+07
       5530.00   5.29700e+07
       5550.00   5.26300e+07
       5570.00   5.19900e+07
       5590.00   5.14400e+07
       5610.00   5.09900e+07
       5630.00   5.05100e+07
       5650.00   4.99100e+07
       5670.00   4.93500e+07
       5690.00   4.89200e+07
       5710.00   4.84200e+07
       5730.00   4.80000e+07
       5750.00   4.74200e+07
       5770.00   4.69600e+07
       5790.00   4.64500e+07
       5810.00   4.60000e+07
       5830.00   4.55400e+07
       5850.00   4.50800e+07
       5870.00   4.45800e+07
       5890.00   4.37600e+07
       5910.00   4.37100e+07
       5930.00   4.32800e+07
       5950.00   4.27700e+07
       5970.00   4.23900e+07
       5990.00   4.18800e+07
       6010.00   4.14600e+07
       6030.00   4.11300e+07
       6050.00   4.07000e+07
       6070.00   4.03400e+07
       6090.00   3.99300e+07
       6110.00   3.95200e+07
       6130.00   3.90700e+07
       6150.00   3.83000e+07
       6170.00   3.82800e+07
       6190.00   3.80200e+07
       6210.00   3.76500e+07
       6230.00   3.72500e+07
       6250.00   3.66300e+07
       6270.00   3.65900e+07
       6290.00   3.62300e+07
       6310.00   3.58000e+07
       6330.00   3.55100e+07
       6350.00   3.48800e+07
       6370.00   3.46500e+07
       6390.00   3.44900e+07
       6410.00   3.40800e+07
       6430.00   3.37900e+07
       6450.00   3.31800e+07
       6470.00   3.30700e+07
       6490.00   3.25400e+07
       6510.00   3.20300e+07
       6530.00   3.08300e+07
       6550.00   2.62700e+07
       6570.00   2.10500e+07
       6590.00   2.88600e+07
       6610.00   3.03600e+07
       6630.00   3.05200e+07
       6650.00   3.03900e+07
       6670.00   3.01600e+07
       6690.00   2.99500e+07
       6710.00   2.97300e+07
       6730.00   2.94300e+07
       6750.00   2.91700e+07
       6770.00   2.89500e+07
       6790.00   2.86900e+07
       6810.00   2.84300e+07
       6830.00   2.81500e+07
       6850.00   2.79100e+07
       6870.00   2.76700e+07
       6890.00   2.74300e+07
       6910.00   2.71800e+07
       6930.00   2.69300e+07
       6950.00   2.67000e+07
       6970.00   2.64600e+07
       6990.00   2.62400e+07
       7010.00   2.59300e+07
       7030.00   2.57600e+07
       7050.00   2.55400e+07
       7070.00   2.53400e+07
       7090.00   2.51200e+07
       7110.00   2.46500e+07
       7130.00   2.46300e+07
       7150.00   2.44300e+07
       7170.00   2.42400e+07
       7190.00   2.40200e+07
       7210.00   2.38300e+07
       7230.00   2.36100e+07
       7250.00   2.33900e+07
       7270.00   2.32300e+07
       7290.00   2.30100e+07
       7310.00   2.28200e+07
       7330.00   2.26400e+07
       7350.00   2.24600e+07
       7370.00   2.22800e+07
       7390.00   2.20700e+07
       7410.00   2.18600e+07
       7430.00   2.16200e+07
       7450.00   2.14800e+07
       7470.00   2.12300e+07
       7490.00   2.11100e+07
       7510.00   2.09700e+07
       7530.00   2.08200e+07
       7550.00   2.06600e+07
       7570.00   2.04900e+07
       7590.00   2.03300e+07
       7610.00   2.01600e+07
       7630.00   1.99900e+07
       7650.00   1.98100e+07
       7670.00   1.96400e+07
       7690.00   1.94900e+07
       7710.00   1.93200e+07
       7730.00   1.91900e+07
       7750.00   1.90300e+07
       7770.00   1.85100e+07
       7790.00   1.87400e+07
       7810.00   1.85800e+07
       7830.00   1.84100e+07
       7850.00   1.82400e+07
       7870.00   1.80500e+07
       7890.00   1.78700e+07
       7910.00   1.78000e+07
       7930.00   1.76800e+07
       7950.00   1.74700e+07
       7970.00   1.74400e+07
       7990.00   1.71300e+07
       8010.00   1.71500e+07
       8030.00   1.70100e+07
       8050.00   1.68900e+07
       8070.00   1.67500e+07
       8090.00   1.66200e+07
       8110.00   1.65000e+07
       8130.00   1.63800e+07
       8150.00   1.62500e+07
       8170.00   1.61300e+07
       8190.00   1.58900e+07
       8210.00   1.58200e+07
       8230.00   1.56900e+07
       8250.00   1.56000e+07
       8270.00   1.56000e+07
       8290.00   1.54800e+07
       8310.00   1.53700e+07
       8330.00   1.51800e+07
       8350.00   1.51500e+07
       8370.00   1.50400e+07
       8390.00   1.49000e+07
       8410.00   1.47700e+07
       8430.00   1.46300e+07
       8450.00   1.43500e+07
       8470.00   1.42100e+07
       8490.00   1.43500e+07
       8510.00   1.36700e+07
       8530.00   1.42700e+07
       8550.00   1.28700e+07
       8570.00   1.43400e+07
       8590.00   1.32900e+07
       8610.00   1.29600e+07
       8630.00   1.43900e+07
       8650.00   1.37100e+07
       8670.00   1.13600e+07
       8690.00   1.39200e+07
       8710.00   1.45500e+07
       8730.00   1.38400e+07
       8750.00   1.08300e+07
       8770.00   1.30900e+07
       8790.00   1.44600e+07
       8810.00   1.45900e+07
       8830.00   1.40700e+07
       8850.00   1.22900e+07
       8870.00   1.03800e+07
       8890.00   1.32800e+07
       8910.00   1.40600e+07
       8930.00   1.42000e+07
       8950.00   1.42200e+07
       8970.00   1.38800e+07
       8990.00   1.29800e+07
       9010.00   1.01500e+07
       9030.00   1.11200e+07
       9050.00   1.30100e+07
       9070.00   1.32700e+07
       9090.00   1.32500e+07
       9110.00   1.34500e+07
       9130.00   1.34300e+07
       9150.00   1.33400e+07
       9170.00   1.31000e+07
       9190.00   1.26300e+07
       9210.00   1.14700e+07
       9230.00   8.86400e+06
       9250.00   1.09800e+07
       9270.00   1.19600e+07
       9290.00   1.25300e+07
       9310.00   1.25900e+07
       9330.00   1.25400e+07
       9350.00   1.24900e+07
       9370.00   1.24100e+07
       9390.00   1.22500e+07
       9410.00   1.19900e+07
       9430.00   1.20800e+07
       9450.00   1.20000e+07
       9470.00   1.18600e+07
       9490.00   1.16500e+07
       9510.00   1.12100e+07
       9530.00   1.00300e+07
       9550.00   8.02400e+06
       9570.00   1.01400e+07
       9590.00   1.09800e+07
       9610.00   1.11400e+07
       9630.00   1.10600e+07
       9650.00   1.11800e+07
       9670.00   1.10400e+07
       9690.00   1.10300e+07
       9710.00   1.10100e+07
       9730.00   1.09400e+07
       9750.00   1.08500e+07
       9770.00   1.08000e+07
       9790.00   1.07200e+07
       9810.00   1.06500e+07
       9830.00   1.05500e+07
       9850.00   1.04600e+07
       9870.00   1.03800e+07
       9890.00   1.02500e+07
       9910.00   1.02300e+07
       9930.00   1.01400e+07
       9950.00   1.00600e+07
       9970.00   9.96700e+06
       9990.00   9.80100e+06
       10025.0   8.71700e+06
       10075.0   8.25300e+06
       10125.0   9.33800e+06
       10175.0   9.34300e+06
       10225.0   9.23100e+06
       10275.0   9.08500e+06
       10325.0   8.92700e+06
       10375.0   8.78200e+06
       10425.0   8.63800e+06
       10475.0   8.44700e+06
       10525.0   8.32700e+06
       10575.0   8.20500e+06
       10625.0   8.07800e+06
       10675.0   7.83900e+06
       10725.0   7.77700e+06
       10775.0   7.66000e+06
       10825.0   7.51400e+06
       10875.0   7.26700e+06
       10925.0   6.03100e+06
       10975.0   6.60600e+06
       11025.0   7.02400e+06
       11075.0   6.98300e+06
       11125.0   6.88900e+06
       11175.0   6.79200e+06
       11225.0   6.69000e+06
       11275.0   6.50500e+06
       11325.0   6.41300e+06
       11375.0   6.37100e+06
       11425.0   6.26400e+06
       11475.0   6.19600e+06
       11525.0   6.10500e+06
       11575.0   6.01100e+06
       11625.0   5.88400e+06
       11675.0   5.77000e+06
       11725.0   5.74800e+06
       11775.0   5.58900e+06
       11825.0   5.54600e+06
       11875.0   5.44900e+06
       11925.0   5.42000e+06
       11975.0   5.31200e+06
       12025.0   5.25300e+06
       12075.0   5.16800e+06
       12125.0   5.09700e+06
       12175.0   5.03300e+06
       12225.0   4.95800e+06
       12275.0   4.88000e+06
       12325.0   4.81400e+06
       12375.0   4.75000e+06
       12425.0   4.69000e+06
       12475.0   4.61100e+06
       12525.0   4.55400e+06
       12575.0   4.46900e+06
       12625.0   4.41300e+06
       12675.0   4.35300e+06
       12725.0   4.26600e+06
       12775.0   4.04800e+06
       12825.0   3.44700e+06
       12875.0   3.98200e+06
       12925.0   4.04300e+06
       12975.0   4.01000e+06
       13025.0   3.96700e+06
       13075.0   3.91700e+06
       13125.0   3.86300e+06
       13175.0   3.80100e+06
       13225.0   3.76200e+06
       13275.0   3.71200e+06
       13325.0   3.66300e+06
       13375.0   3.61400e+06
       13425.0   3.56600e+06
       13475.0   3.51800e+06
       13525.0   3.46700e+06
       13575.0   3.42300e+06
       13625.0   3.38200e+06
       13675.0   3.33500e+06
       13725.0   3.28000e+06
       13775.0   3.25000e+06
       13825.0   3.21000e+06
       13875.0   3.17200e+06
       13925.0   3.12600e+06
       13975.0   3.09000e+06
       14025.0   3.05100e+06
       14075.0   3.01400e+06
       14125.0   2.97400e+06
       14175.0   2.93700e+06
       14225.0   2.90000e+06
       14275.0   2.86400e+06
       14325.0   2.82900e+06
       14375.0   2.79500e+06
       14425.0   2.73100e+06
       14475.0   2.72500e+06
       14525.0   2.67800e+06
       14570.0   2.66200e+06
       14620.0   2.62600e+06
       14675.0   2.59700e+06
       14725.0   2.56500e+06
       14775.0   2.52800e+06
       14825.0   2.50300e+06
       14875.0   2.46600e+06
       14925.0   2.45000e+06
       14975.0   2.41800e+06
       15025.0   2.38500e+06
       15075.0   2.35800e+06
       15125.0   2.33500e+06
       15175.0   2.30600e+06
       15225.0   2.28000e+06
       15275.0   2.25000e+06
       15325.0   2.22100e+06
       15375.0   2.20000e+06
       15425.0   2.15600e+06
       15475.0   2.14600e+06
       15525.0   2.12000e+06
       15575.0   2.06300e+06
       15625.0   2.09300e+06
       15675.0   2.02600e+06
       15725.0   1.97400e+06
       15775.0   2.02700e+06
       15825.0   2.00100e+06
       15875.0   1.84200e+06
       15925.0   1.92700e+06
       15975.0   1.95900e+06
       16050.0   1.88900e+06
       16150.0   1.77700e+06
       16250.0   1.86400e+06
       16350.0   1.76100e+06
       16450.0   1.64800e+06
       16550.0   1.75300e+06
       16650.0   1.71900e+06
       16750.0   1.60700e+06
       16850.0   1.50100e+06
       16950.0   1.60700e+06
       17050.0   1.57900e+06
       17150.0   1.54600e+06
       17250.0   1.49500e+06
       17350.0   1.31400e+06
       17450.0   1.41000e+06
       17550.0   1.41400e+06
       17650.0   1.38900e+06
       17750.0   1.36300e+06
       17850.0   1.33400e+06
       17950.0   1.30700e+06
       18050.0   1.26600e+06
       18150.0   1.12600e+06
       18250.0   1.18200e+06
       18350.0   1.19900e+06
       18450.0   1.17900e+06
       18550.0   1.15200e+06
       18650.0   1.11900e+06
       18750.0       990500.
       18850.0   1.06900e+06
       18950.0   1.06300e+06
       19050.0   1.04900e+06
       19150.0   1.02800e+06
       19250.0   1.00500e+06
       19350.0       972000.
       19450.0       862500.
       19550.0       935200.
       19650.0       931300.
       19750.0       915800.
       19850.0       899600.
       19950.0       882800.
       20050.0       866600.
       20150.0       850600.
       20250.0       834800.
       20350.0       819400.
       20450.0       804800.
       20550.0       790200.
       20650.0       775500.
       20750.0       761700.
       20850.0       748300.
       20950.0       734900.
       21050.0       721700.
       21150.0       707900.
       21250.0       695500.
       21350.0       683400.
       21450.0       670400.
       21550.0       651200.
       21650.0       582200.
       21750.0       623200.
       21850.0       624800.
       21950.0       616700.
       22050.0       606000.
       22150.0       595300.
       22250.0       586200.
       22350.0       576300.
       22450.0       566700.
       22550.0       556900.
       22650.0       548000.
       22750.0       539000.
       22850.0       530400.
       22950.0       521600.
       23050.0       513500.
       23150.0       505200.
       23250.0       497200.
       23350.0       489200.
       23450.0       481500.
       23550.0       473900.
       23650.0       466500.
       23750.0       459100.
       23850.0       451900.
       23950.0       444800.
       24050.0       437700.
       24150.0       430900.
       24250.0       424400.
       24350.0       417600.
       24450.0       411000.
       24550.0       404900.
       24650.0       398200.
       24750.0       392200.
       24850.0       386900.
       24950.0       378100.
       25050.0       375800.
       25150.0       370200.
       25250.0       359300.
       25350.0       358700.
       25450.0       355100.
       25550.0       347700.
       25650.0       334600.
       25750.0       338300.
       25850.0       335000.
       25950.0       330000.
       26050.0       319900.
       26150.0       304200.
       26250.0       285400.
       26350.0       305000.
       26450.0       307000.
       26550.0       303200.
       26650.0       295400.
       26750.0       275600.
       26850.0       287200.
       26950.0       287300.
       27050.0       284000.
       27150.0       280300.
       27250.0       276400.
       27350.0       272100.
       27450.0       266000.
       27550.0       246000.
       27650.0       251300.
       27750.0       256500.
       27850.0       254300.
       27950.0       251500.
       28050.0       248100.
       28150.0       244700.
       28250.0       241400.
       28350.0       238200.
       28450.0       234400.
       28550.0       230300.
       28650.0       221200.
       28750.0       206400.
       28850.0       219100.
       28950.0       218800.
       29050.0       216800.
       29150.0       213900.
       29250.0       211300.
       29350.0       208600.
       29450.0       205900.
       29550.0       203200.
       29650.0       200600.
       29750.0       198000.
       29850.0       195500.
       29950.0       193000.
       30050.0       190500.
       30150.0       187500.
       30250.0       183600.
       30350.0       170200.
       30450.0       171900.
       30550.0       177200.
       30650.0       176100.
       30750.0       174400.
       30850.0       172100.
       30950.0       170100.
       31050.0       168000.
       31150.0       165900.
       31250.0       163900.
       31350.0       161900.
       31450.0       159900.
       31550.0       158100.
       31650.0       156200.
       31750.0       154200.
       31850.0       152400.
       31950.0       150600.
       32100.0       147900.
       32300.0       144400.
       32500.0       141000.
       32700.0       137300.
       32900.0       126700.
       33100.0       128500.
       33300.0       127800.
       33500.0       125100.
       33700.0       122200.
       33900.0       119600.
       34100.0       116900.
       34300.0       114400.
       34500.0       111900.
       34700.0       109400.
       34900.0       107100.
       35100.0       104700.
       35300.0       102500.
       35500.0       100300.
       35700.0       98110.0
       35900.0       96050.0
       36100.0       93960.0
       36300.0       92050.0
       36500.0       90010.0
       36700.0       88260.0
       36900.0       86110.0
       37100.0       84440.0
       37300.0       80400.0
       37500.0       77810.0
       37700.0       79410.0
       37900.0       78040.0
       38100.0       75980.0
       38300.0       74560.0
       38500.0       73550.0
       38700.0       72080.0
       38900.0       70410.0
       39100.0       68100.0
       39300.0       67870.0
       39500.0       66690.0
       39700.0       65430.0
       39900.0       64050.0
       40100.0       61950.0
       40300.0       60380.0
       40500.0       57500.0
       40700.0       59070.0
       40900.0       58300.0
       41100.0       57310.0
       41300.0       56190.0
       41500.0       54860.0
       41700.0       51980.0
       41900.0       52780.0
       42100.0       52200.0
       42300.0       51330.0
       42500.0       50390.0
       42700.0       49490.0
       42900.0       48600.0
       43100.0       47720.0
       43300.0       46860.0
       43500.0       45820.0
       43700.0       43300.0
       43900.0       43580.0
       44100.0       43550.0
       44300.0       42890.0
       44500.0       42140.0
       44700.0       41480.0
       44900.0       40690.0
       45100.0       40000.0
       45300.0       39310.0
       45500.0       38640.0
       45700.0       37980.0
       45900.0       37320.0
       46100.0       36660.0
       46300.0       35860.0
       46500.0       33480.0
       46700.0       32990.0
       46900.0       33890.0
       47100.0       33700.0
       47300.0       33210.0
       47500.0       32680.0
       47700.0       32160.0
       47900.0       31650.0
       48100.0       31140.0
       48300.0       30640.0
       48500.0       30150.0
       48700.0       29680.0
       48900.0       29200.0
       49100.0       28740.0
       49300.0       28290.0
       49500.0       27850.0
       49700.0       27410.0
       49900.0       26990.0
       50100.0       26570.0
       50300.0       26150.0
       50500.0       25750.0
       50700.0       25350.0
       50900.0       24910.0
       51100.0       24310.0
       51300.0       22910.0
       51500.0       23650.0
       51700.0       23430.0
       51900.0       23140.0
       52100.0       22810.0
       52300.0       22470.0
       52500.0       22110.0
       52700.0       21760.0
       52900.0       21490.0
       53100.0       21190.0
       53300.0       20880.0
       53500.0       20570.0
       53700.0       20200.0
       53900.0       19910.0
       54100.0       19690.0
       54300.0       19440.0
       54500.0       19180.0
       54700.0       18900.0
       54900.0       18600.0
       55100.0       18270.0
       55300.0       17930.0
       55500.0       17800.0
       55700.0       17600.0
       55900.0       17360.0
       56100.0       17130.0
       56300.0       16890.0
       56500.0       16660.0
       56700.0       16410.0
       56900.0       16120.0
       57100.0       15710.0
       57300.0       15670.0
       57500.0       15530.0
       57700.0       15340.0
       57900.0       15130.0
       58100.0       14930.0
       58300.0       14720.0
       58500.0       14510.0
       58700.0       14290.0
       58900.0       13950.0
       59100.0       13170.0
       59300.0       13610.0
       59500.0       13270.0
       59700.0       13240.0
       59900.0       13200.0
       60100.0       13060.0
       60300.0       12900.0
       60500.0       12730.0
       60700.0       12570.0
       60900.0       12410.0
       61100.0       12250.0
       61300.0       12100.0
       61500.0       11940.0
       61700.0       11790.0
       61900.0       11640.0
       62100.0       11500.0
       62300.0       11350.0
       62500.0       11190.0
       62700.0       10980.0
       62900.0       10530.0
       63100.0       10680.0
       63300.0       10640.0
       63500.0       10530.0
       63700.0       10400.0
       63900.0       10280.0
       64200.0       10100.0
       64600.0       9868.00
       65000.0       9631.00
       65400.0       9402.00
       65800.0       9179.00
       66200.0       8961.00
       66600.0       8747.00
       67000.0       8530.00
       67400.0       8286.00
       67800.0       7912.00
       68200.0       7941.00
       68600.0       7782.00
       69000.0       7613.00
       69400.0       7430.00
       69800.0       7275.00
       70200.0       7115.00
       70600.0       6954.00
       71000.0       6790.00
       71400.0       6655.00
       71800.0       6511.00
       72200.0       6368.00
       72600.0       6213.00
       73000.0       6091.00
       73400.0       5969.00
       73800.0       5835.00
       74200.0       5686.00
       74600.0       5381.00
       75000.0       5204.00
       75400.0       5310.00
       75800.0       5241.00
       76200.0       5140.00
       76600.0       5036.00
       77000.0       4934.00
       77400.0       4830.00
       77800.0       4709.00
       78200.0       4638.00
       78600.0       4557.00
       79000.0       4470.00
       79400.0       4382.00
       79800.0       4295.00
       80200.0       4211.00
       80600.0       4130.00
       81000.0       4042.00
       81400.0       3932.00
       81800.0       3872.00
       82200.0       3818.00
       82600.0       3749.00
       83000.0       3679.00
       83400.0       3609.00
       83800.0       3541.00
       84200.0       3476.00
       84600.0       3412.00
       85000.0       3349.00
       85400.0       3287.00
       85800.0       3226.00
       86200.0       3157.00
       86600.0       3053.00
       87000.0       3036.00
       87400.0       2932.00
       87800.0       2880.00
       88200.0       2887.00
       88600.0       2842.00
       89000.0       2793.00
       89400.0       2744.00
       89800.0       2696.00
       90200.0       2649.00
       90600.0       2603.00
       91000.0       2558.00
       91400.0       2514.00
       91800.0       2471.00
       92200.0       2428.00
       92600.0       2382.00
       93000.0       2342.00
       93400.0       2299.00
       93800.0       2214.00
       94200.0       2208.00
       94600.0       2188.00
       95000.0       2153.00
       95400.0       2118.00
       95800.0       2088.00
       96200.0       2053.00
       96600.0       2020.00
       97000.0       1987.00
       97400.0       1955.00
       97800.0       1924.00
       98200.0       1890.00
       98600.0       1857.00
       99000.0       1833.00
       99400.0       1804.00
       99800.0       1776.00
       100200.       1748.00
       200000.       111.800
       400000.       6.94100
       600000.       1.35800
       800000.      0.425900
   1.00000e+06      0.173200
   1.20000e+06     0.0829700
   1.40000e+06     0.0445400
   1.60000e+06     0.0259800
