       90.9000   1.09400e-08
       93.5000   3.66500e-08
       96.1000   1.13900e-07
       97.7000   2.25900e-07
       99.6000   4.89300e-07
       102.000   1.24800e-06
       103.800   2.45300e-06
       105.600   4.71500e-06
       107.700   9.83900e-06
       110.400   2.43500e-05
       114.000   7.64200e-05
       117.800   0.000238100
       121.300   0.000640300
       124.800    0.00163200
       127.100    0.00294100
       128.400    0.00406700
       130.500    0.00677100
       132.400     0.0106100
       133.900     0.0150100
       136.600     0.0274600
       139.800     0.0551900
       143.300      0.113700
       147.200      0.241400
       151.000      0.503800
       155.200       1.07200
       158.800       1.98900
       162.000       3.38400
       166.000       6.43600
       170.300       12.3000
       173.400       19.3100
       176.800       31.4200
       180.200       49.9300
       181.700       60.3500
       186.100       107.700
       191.000       197.100
       193.900       279.100
       198.400       466.500
       201.800       674.000
       205.000       952.500
       210.500       1672.00
       216.200       2889.00
       219.800       4064.00
       223.000       5404.00
       226.800       7525.00
       230.000   4.16100e+06
       234.000   1.43100e+07
       240.000   2.01700e+07
       246.500   3.07300e+07
       252.400   5.56100e+07
       256.800   7.69400e+07
       260.000   1.05600e+08
       264.000   7.73400e+08
       268.500   9.93200e+08
       273.500   1.26000e+09
       278.500   7.50600e+08
       284.000   1.97800e+09
       290.000   3.19000e+09
       296.000   2.18900e+09
       301.000   2.45900e+09
       308.000   9.37600e+09
       318.000   3.87800e+09
       328.000   6.53500e+09
       338.000   5.35800e+09
       348.000   6.07300e+09
       357.000   1.63200e+10
       366.000   3.42900e+10
       375.000   4.46800e+10
       385.000   4.04100e+10
       395.000   6.73400e+10
       405.000   1.01600e+11
       414.000   9.54400e+10
       422.000   9.08300e+10
       430.000   8.34100e+10
       441.000   9.95600e+10
       451.000   1.02600e+11
       460.000   8.48200e+10
       470.000   9.08300e+10
       480.000   1.03900e+11
       490.000   7.60300e+10
       500.000   1.07300e+11
       506.000   8.22400e+10
       512.000   1.40900e+11
       520.000   1.29400e+11
       530.000   1.16100e+11
       540.000   9.91100e+10
       550.000   8.71900e+10
       560.000   1.17600e+11
       570.000   1.33900e+11
       580.000   1.28200e+11
       590.000   1.28600e+11
       600.000   1.03600e+11
       610.000   9.90200e+10
       620.000   1.26900e+11
       630.000   1.17000e+11
       640.000   1.28400e+11
       650.000   1.19200e+11
       658.000   1.03000e+11
       665.000   1.20300e+11
       675.000   1.26100e+11
       685.000   1.06800e+11
       695.000   1.20500e+11
       705.000   1.00000e+11
       716.000   1.20000e+11
       726.000   1.19600e+11
       735.000   1.18900e+11
       745.000   1.11000e+11
       755.000   1.08500e+11
       765.000   9.84000e+10
       775.000   1.05200e+11
       785.000   9.43500e+10
       795.000   1.02000e+11
       805.000   1.01000e+11
       815.000   1.00100e+11
       825.000   9.98300e+10
       835.000   8.56500e+10
       845.000   9.49600e+10
       855.000   9.06200e+10
       865.000   9.32500e+10
       875.000   9.22000e+10
       885.000   8.98500e+10
       895.000   8.83800e+10
       905.000   8.52300e+10
       915.000   6.66300e+10
       925.000   1.11300e+11
       935.000   1.48800e+11
       945.000   1.67900e+11
       955.000   1.84400e+11
       965.000   1.97200e+11
       975.000   1.44300e+11
       985.000   1.74100e+11
       995.000   1.55200e+11
       1005.00   1.55200e+11
       1015.00   1.59600e+11
       1025.00   1.41800e+11
       1035.00   1.61300e+11
       1045.00   1.65800e+11
       1055.00   1.60700e+11
       1065.00   1.51100e+11
       1075.00   1.51200e+11
       1085.00   1.40100e+11
       1095.00   1.44000e+11
       1105.00   1.39200e+11
       1115.00   1.36300e+11
       1125.00   1.28600e+11
       1135.00   1.32000e+11
       1145.00   1.30500e+11
       1155.00   1.22200e+11
       1165.00   1.16200e+11
       1175.00   9.95200e+10
       1185.00   1.09200e+11
       1195.00   1.04400e+11
       1205.00   1.02300e+11
       1215.00   8.64500e+10
       1225.00   9.62400e+10
       1235.00   9.61100e+10
       1245.00   9.34700e+10
       1255.00   9.36600e+10
       1265.00   9.38600e+10
       1275.00   9.39600e+10
       1285.00   9.25800e+10
       1295.00   9.09800e+10
       1305.00   8.77300e+10
       1315.00   8.75200e+10
       1325.00   8.55300e+10
       1335.00   8.37000e+10
       1345.00   8.25200e+10
       1355.00   7.89200e+10
       1365.00   7.59800e+10
       1375.00   7.30700e+10
       1385.00   7.25100e+10
       1395.00   6.90600e+10
       1405.00   6.57700e+10
       1415.00   7.04800e+10
       1425.00   6.47900e+10
       1435.00   6.70300e+10
       1442.00   6.43800e+10
       1447.00   6.42600e+10
       1455.00   6.20500e+10
       1465.00   6.16200e+10
       1475.00   6.08500e+10
       1485.00   6.09500e+10
       1495.00   5.90700e+10
       1505.00   5.86200e+10
       1512.00   5.81400e+10
       1517.00   5.69700e+10
       1525.00   5.62200e+10
       1535.00   5.17700e+10
       1545.00   4.35200e+10
       1555.00   4.43600e+10
       1565.00   4.81200e+10
       1575.00   4.91400e+10
       1585.00   4.82400e+10
       1595.00   4.80200e+10
       1605.00   4.54700e+10
       1615.00   4.40300e+10
       1625.00   4.41800e+10
       1635.00   4.37400e+10
       1645.00   4.21000e+10
       1655.00   4.33200e+10
       1665.00   4.24300e+10
       1672.00   4.00800e+10
       1677.00   4.33500e+10
       1685.00   4.23100e+10
       1695.00   4.15800e+10
       1705.00   4.04300e+10
       1715.00   3.86700e+10
       1725.00   3.80500e+10
       1735.00   3.88400e+10
       1745.00   3.82500e+10
       1755.00   3.73000e+10
       1765.00   3.67400e+10
       1775.00   3.59100e+10
       1785.00   3.58200e+10
       1795.00   3.47500e+10
       1805.00   3.42800e+10
       1815.00   3.36400e+10
       1825.00   3.29400e+10
       1835.00   3.26900e+10
       1845.00   3.22400e+10
       1855.00   3.17800e+10
       1865.00   3.13500e+10
       1875.00   3.05200e+10
       1885.00   2.99500e+10
       1895.00   2.99900e+10
       1905.00   2.95800e+10
       1915.00   2.90700e+10
       1925.00   2.77800e+10
       1935.00   2.82400e+10
       1945.00   2.78400e+10
       1955.00   2.68100e+10
       1967.00   2.67400e+10
       1976.00   2.63400e+10
       1984.00   2.61400e+10
       1995.00   2.56100e+10
       2005.00   2.53600e+10
       2015.00   2.49400e+10
       2025.00   2.45400e+10
       2035.00   2.40600e+10
       2045.00   2.35700e+10
       2055.00   1.75800e+10
       2065.00   1.68500e+10
       2074.00   1.72900e+10
       2078.00   1.77100e+10
       2085.00   1.91200e+10
       2095.00   2.11100e+10
       2105.00   2.13400e+10
       2115.00   2.12900e+10
       2125.00   2.08300e+10
       2135.00   2.06400e+10
       2145.00   2.03200e+10
       2155.00   2.03000e+10
       2165.00   1.91700e+10
       2175.00   1.98200e+10
       2185.00   1.89000e+10
       2195.00   1.93100e+10
       2205.00   1.90200e+10
       2215.00   1.80500e+10
       2225.00   1.84300e+10
       2235.00   1.81800e+10
       2245.00   1.78600e+10
       2255.00   1.70700e+10
       2265.00   1.73500e+10
       2275.00   1.71600e+10
       2285.00   1.67700e+10
       2295.00   1.61900e+10
       2305.00   1.58400e+10
       2315.00   1.59800e+10
       2325.00   1.58800e+10
       2335.00   1.56600e+10
       2345.00   1.53600e+10
       2355.00   1.50800e+10
       2365.00   1.48400e+10
       2375.00   1.45500e+10
       2385.00   1.38000e+10
       2395.00   1.40500e+10
       2405.00   1.39100e+10
       2415.00   1.37500e+10
       2425.00   1.36700e+10
       2435.00   1.34400e+10
       2445.00   1.32700e+10
       2455.00   1.30200e+10
       2465.00   1.28900e+10
       2475.00   1.27700e+10
       2485.00   1.24900e+10
       2495.00   1.10600e+10
       2505.00   1.21100e+10
       2513.00   1.12900e+10
       2518.00   1.17400e+10
       2525.00   1.17800e+10
       2535.00   1.17300e+10
       2545.00   1.15900e+10
       2555.00   1.14100e+10
       2565.00   1.12700e+10
       2575.00   1.11100e+10
       2585.00   1.09700e+10
       2595.00   1.06800e+10
       2605.00   1.06800e+10
       2615.00   1.04600e+10
       2625.00   1.04100e+10
       2635.00   1.02900e+10
       2645.00   1.01100e+10
       2655.00   1.00100e+10
       2665.00   9.86500e+09
       2675.00   9.63600e+09
       2685.00   9.59200e+09
       2695.00   9.45200e+09
       2705.00   9.39200e+09
       2715.00   9.24400e+09
       2725.00   9.13100e+09
       2735.00   8.76100e+09
       2745.00   8.92200e+09
       2755.00   8.79200e+09
       2765.00   8.68000e+09
       2775.00   8.57200e+09
       2785.00   8.42400e+09
       2795.00   8.28100e+09
       2805.00   8.23700e+09
       2815.00   8.14300e+09
       2825.00   8.02600e+09
       2835.00   7.94400e+09
       2845.00   7.86100e+09
       2855.00   7.76100e+09
       2865.00   7.63500e+09
       2875.00   7.54500e+09
       2885.00   7.47000e+09
       2895.00   7.37600e+09
       2910.00   7.23700e+09
       2930.00   7.07900e+09
       2950.00   6.90600e+09
       2970.00   6.72700e+09
       2990.00   6.53900e+09
       3010.00   6.39000e+09
       3030.00   6.20700e+09
       3050.00   6.09200e+09
       3070.00   5.94600e+09
       3090.00   5.83500e+09
       3110.00   5.70700e+09
       3130.00   5.57300e+09
       3150.00   5.46400e+09
       3170.00   5.33400e+09
       3190.00   5.22200e+09
       3210.00   5.02100e+09
       3230.00   4.99800e+09
       3250.00   4.89300e+09
       3270.00   4.74300e+09
       3290.00   4.67100e+09
       3310.00   4.56500e+09
       3330.00   4.46700e+09
       3350.00   4.34700e+09
       3370.00   4.27400e+09
       3390.00   4.18800e+09
       3410.00   4.09700e+09
       3430.00   4.02500e+09
       3450.00   3.92000e+09
       3470.00   3.85800e+09
       3490.00   3.78100e+09
       3510.00   3.70800e+09
       3530.00   3.62500e+09
       3550.00   3.55200e+09
       3570.00   3.48400e+09
       3590.00   3.41300e+09
       3610.00   3.33900e+09
       3630.00   3.27200e+09
       3640.00   3.18000e+09
       3650.00   2.87000e+09
       3670.00   2.81800e+09
       3690.00   2.77300e+09
       3710.00   2.73700e+09
       3730.00   2.73900e+09
       3750.00   2.75400e+09
       3770.00   2.75400e+09
       3790.00   2.78400e+09
       3810.00   2.79900e+09
       3830.00   2.64200e+09
       3850.00   2.74200e+09
       3870.00   2.70700e+09
       3890.00   2.47500e+09
       3910.00   2.63400e+09
       3930.00   2.56000e+09
       3950.00   2.52700e+09
       3970.00   2.28300e+09
       3990.00   2.44500e+09
       4010.00   2.40300e+09
       4030.00   2.31800e+09
       4050.00   2.32400e+09
       4070.00   2.27300e+09
       4090.00   2.17600e+09
       4110.00   2.04100e+09
       4130.00   2.15100e+09
       4150.00   2.11700e+09
       4170.00   2.08600e+09
       4190.00   2.04200e+09
       4210.00   1.98300e+09
       4230.00   1.98200e+09
       4250.00   1.94600e+09
       4270.00   1.91200e+09
       4290.00   1.87900e+09
       4310.00   1.84100e+09
       4330.00   1.75700e+09
       4350.00   1.67200e+09
       4370.00   1.74800e+09
       4390.00   1.71000e+09
       4410.00   1.68500e+09
       4430.00   1.66400e+09
       4450.00   1.63500e+09
       4470.00   1.59700e+09
       4490.00   1.58300e+09
       4510.00   1.55000e+09
       4530.00   1.52500e+09
       4550.00   1.47600e+09
       4570.00   1.48000e+09
       4590.00   1.45500e+09
       4610.00   1.43400e+09
       4630.00   1.40400e+09
       4650.00   1.35700e+09
       4670.00   1.36200e+09
       4690.00   1.30000e+09
       4710.00   1.32200e+09
       4730.00   1.30700e+09
       4750.00   1.28600e+09
       4770.00   1.26600e+09
       4790.00   1.24600e+09
       4810.00   1.22700e+09
       4830.00   1.20700e+09
       4850.00   1.16400e+09
       4870.00   1.08900e+09
       4890.00   1.15000e+09
       4910.00   1.13400e+09
       4930.00   1.11300e+09
       4950.00   1.10100e+09
       4970.00   1.08500e+09
       4990.00   1.06900e+09
       5010.00   1.04900e+09
       5030.00   1.03600e+09
       5050.00   1.02000e+09
       5070.00   1.00600e+09
       5090.00   9.91900e+08
       5110.00   9.77400e+08
       5130.00   9.62800e+08
       5150.00   9.48800e+08
       5170.00   9.35200e+08
       5190.00   9.21600e+08
       5210.00   9.08300e+08
       5230.00   8.95500e+08
       5250.00   8.81400e+08
       5270.00   8.68400e+08
       5290.00   8.57700e+08
       5310.00   8.45500e+08
       5330.00   8.33500e+08
       5350.00   8.21900e+08
       5370.00   8.10400e+08
       5390.00   7.99000e+08
       5410.00   7.72800e+08
       5430.00   7.76900e+08
       5450.00   7.66300e+08
       5470.00   7.55500e+08
       5490.00   7.45300e+08
       5510.00   7.34400e+08
       5530.00   7.25100e+08
       5550.00   7.15300e+08
       5570.00   7.05100e+08
       5590.00   6.93900e+08
       5610.00   6.86700e+08
       5630.00   6.77500e+08
       5650.00   6.68400e+08
       5670.00   6.59500e+08
       5690.00   6.40500e+08
       5710.00   5.97900e+08
       5730.00   5.90300e+08
       5750.00   5.82700e+08
       5770.00   5.75600e+08
       5790.00   5.68800e+08
       5810.00   5.60000e+08
       5830.00   5.56800e+08
       5850.00   5.52700e+08
       5870.00   5.43900e+08
       5890.00   5.44600e+08
       5910.00   5.41200e+08
       5930.00   5.38200e+08
       5950.00   5.35800e+08
       5970.00   5.33500e+08
       5990.00   5.31300e+08
       6010.00   5.26600e+08
       6030.00   5.20800e+08
       6050.00   5.15700e+08
       6070.00   5.08900e+08
       6090.00   5.03400e+08
       6110.00   4.96400e+08
       6130.00   4.90500e+08
       6150.00   4.85100e+08
       6170.00   4.77400e+08
       6190.00   4.73400e+08
       6210.00   4.67800e+08
       6230.00   4.59900e+08
       6250.00   4.56000e+08
       6270.00   4.50900e+08
       6290.00   4.45500e+08
       6310.00   4.37200e+08
       6330.00   4.34600e+08
       6350.00   4.29600e+08
       6370.00   4.24500e+08
       6390.00   4.19200e+08
       6410.00   4.11000e+08
       6430.00   4.09600e+08
       6450.00   4.04500e+08
       6470.00   3.99700e+08
       6490.00   3.95200e+08
       6510.00   3.90200e+08
       6530.00   3.81600e+08
       6550.00   3.76600e+08
       6570.00   3.49700e+08
       6590.00   3.72000e+08
       6610.00   3.68500e+08
       6630.00   3.64300e+08
       6650.00   3.60100e+08
       6670.00   3.53900e+08
       6690.00   3.46400e+08
       6710.00   3.47400e+08
       6730.00   3.43700e+08
       6750.00   3.39800e+08
       6770.00   3.36200e+08
       6790.00   3.32500e+08
       6810.00   3.28800e+08
       6830.00   3.25100e+08
       6850.00   3.21500e+08
       6870.00   3.17800e+08
       6890.00   3.09800e+08
       6910.00   3.10700e+08
       6930.00   3.07500e+08
       6950.00   3.04100e+08
       6970.00   3.00800e+08
       6990.00   2.97500e+08
       7010.00   2.94100e+08
       7030.00   2.90600e+08
       7050.00   2.87700e+08
       7070.00   2.83100e+08
       7090.00   2.81700e+08
       7110.00   2.78600e+08
       7130.00   2.75600e+08
       7150.00   2.72700e+08
       7170.00   2.67000e+08
       7190.00   2.65400e+08
       7210.00   2.64100e+08
       7230.00   2.61300e+08
       7250.00   2.58500e+08
       7270.00   2.55800e+08
       7290.00   2.52600e+08
       7310.00   2.50300e+08
       7330.00   2.47900e+08
       7350.00   2.45300e+08
       7370.00   2.42600e+08
       7390.00   2.40200e+08
       7410.00   2.37600e+08
       7430.00   2.35300e+08
       7450.00   2.32600e+08
       7470.00   2.30400e+08
       7490.00   2.27700e+08
       7510.00   2.25700e+08
       7530.00   2.23500e+08
       7550.00   2.21200e+08
       7570.00   2.18900e+08
       7590.00   2.13100e+08
       7610.00   2.14200e+08
       7630.00   2.12300e+08
       7650.00   2.10200e+08
       7670.00   2.08100e+08
       7690.00   2.05800e+08
       7710.00   2.03900e+08
       7730.00   2.01700e+08
       7750.00   1.99900e+08
       7770.00   1.98000e+08
       7790.00   1.96100e+08
       7810.00   1.94100e+08
       7830.00   1.92200e+08
       7850.00   1.90100e+08
       7870.00   1.88400e+08
       7890.00   1.86600e+08
       7910.00   1.84900e+08
       7930.00   1.83100e+08
       7950.00   1.81300e+08
       7970.00   1.79400e+08
       7990.00   1.77800e+08
       8010.00   1.76100e+08
       8030.00   1.74300e+08
       8050.00   1.72800e+08
       8070.00   1.71100e+08
       8090.00   1.69500e+08
       8110.00   1.67900e+08
       8130.00   1.66300e+08
       8150.00   1.64700e+08
       8170.00   1.63000e+08
       8190.00   1.60900e+08
       8210.00   1.53200e+08
       8230.00   1.50800e+08
       8250.00   1.50300e+08
       8270.00   1.49100e+08
       8290.00   1.47800e+08
       8310.00   1.46500e+08
       8330.00   1.44900e+08
       8350.00   1.43700e+08
       8370.00   1.42500e+08
       8390.00   1.41300e+08
       8410.00   1.40200e+08
       8430.00   1.39000e+08
       8450.00   1.37800e+08
       8470.00   1.36800e+08
       8490.00   1.35700e+08
       8510.00   1.34500e+08
       8530.00   1.33700e+08
       8550.00   1.32500e+08
       8570.00   1.31900e+08
       8590.00   1.30500e+08
       8610.00   1.29600e+08
       8630.00   1.29300e+08
       8650.00   1.28100e+08
       8670.00   1.25900e+08
       8690.00   1.26700e+08
       8710.00   1.26200e+08
       8730.00   1.24900e+08
       8750.00   1.21300e+08
       8770.00   1.22800e+08
       8790.00   1.23000e+08
       8810.00   1.22300e+08
       8830.00   1.21300e+08
       8850.00   1.18300e+08
       8870.00   1.14400e+08
       8890.00   1.17800e+08
       8910.00   1.17500e+08
       8930.00   1.16500e+08
       8950.00   1.15600e+08
       8970.00   1.14600e+08
       8990.00   1.12900e+08
       9010.00   1.07200e+08
       9030.00   1.08700e+08
       9050.00   1.10400e+08
       9070.00   1.09700e+08
       9090.00   1.09000e+08
       9110.00   1.07900e+08
       9130.00   1.07200e+08
       9150.00   1.06400e+08
       9170.00   1.05400e+08
       9190.00   1.04300e+08
       9210.00   1.02100e+08
       9230.00   9.58400e+07
       9250.00   1.00200e+08
       9270.00   1.00800e+08
       9290.00   1.00200e+08
       9310.00   9.93600e+07
       9330.00   9.84900e+07
       9350.00   9.56000e+07
       9370.00   9.64500e+07
       9390.00   9.61300e+07
       9410.00   9.53100e+07
       9430.00   9.45700e+07
       9450.00   9.38200e+07
       9470.00   9.29800e+07
       9490.00   9.22700e+07
       9510.00   9.10400e+07
       9530.00   8.89600e+07
       9550.00   8.34400e+07
       9570.00   8.81400e+07
       9590.00   8.83600e+07
       9610.00   8.78400e+07
       9630.00   8.70800e+07
       9650.00   8.64900e+07
       9670.00   8.58000e+07
       9690.00   8.51100e+07
       9710.00   8.37700e+07
       9730.00   8.36600e+07
       9750.00   8.29600e+07
       9770.00   8.18600e+07
       9790.00   8.17700e+07
       9810.00   8.11300e+07
       9830.00   8.04600e+07
       9850.00   7.98500e+07
       9870.00   7.92200e+07
       9890.00   7.85900e+07
       9910.00   7.79600e+07
       9930.00   7.73700e+07
       9950.00   7.67700e+07
       9970.00   7.61700e+07
       9990.00   7.55800e+07
       10025.0   7.31100e+07
       10075.0   7.10300e+07
       10125.0   7.04500e+07
       10175.0   7.03600e+07
       10225.0   6.90200e+07
       10275.0   6.77000e+07
       10325.0   6.63600e+07
       10375.0   6.52100e+07
       10425.0   6.36700e+07
       10475.0   6.28200e+07
       10525.0   6.16600e+07
       10575.0   6.05300e+07
       10625.0   5.94300e+07
       10675.0   5.83300e+07
       10725.0   5.72900e+07
       10775.0   5.62600e+07
       10825.0   5.50200e+07
       10875.0   5.42200e+07
       10925.0   5.11000e+07
       10975.0   5.18500e+07
       11025.0   5.14000e+07
       11075.0   5.05300e+07
       11125.0   4.96500e+07
       11175.0   4.88200e+07
       11225.0   4.79600e+07
       11275.0   4.71400e+07
       11325.0   4.63300e+07
       11375.0   4.55400e+07
       11425.0   4.47700e+07
       11475.0   4.40100e+07
       11525.0   4.32700e+07
       11575.0   4.25300e+07
       11625.0   4.13800e+07
       11675.0   4.08200e+07
       11725.0   4.04500e+07
       11775.0   3.97800e+07
       11825.0   3.91200e+07
       11875.0   3.84800e+07
       11925.0   3.78500e+07
       11975.0   3.71200e+07
       12025.0   3.66400e+07
       12075.0   3.60400e+07
       12125.0   3.54600e+07
       12175.0   3.49000e+07
       12225.0   3.43400e+07
       12275.0   3.38000e+07
       12325.0   3.32600e+07
       12375.0   3.27400e+07
       12425.0   3.22300e+07
       12475.0   3.17200e+07
       12525.0   3.12100e+07
       12575.0   3.07400e+07
       12625.0   3.02700e+07
       12675.0   2.98000e+07
       12725.0   2.93400e+07
       12775.0   2.86900e+07
       12825.0   2.71800e+07
       12875.0   2.79600e+07
       12925.0   2.76000e+07
       12975.0   2.71600e+07
       13025.0   2.67800e+07
       13075.0   2.63800e+07
       13125.0   2.59900e+07
       13175.0   2.56000e+07
       13225.0   2.52200e+07
       13275.0   2.48500e+07
       13325.0   2.44900e+07
       13375.0   2.41300e+07
       13425.0   2.37700e+07
       13475.0   2.34300e+07
       13525.0   2.30900e+07
       13575.0   2.27600e+07
       13625.0   2.24300e+07
       13675.0   2.21100e+07
       13725.0   2.18000e+07
       13775.0   2.14900e+07
       13825.0   2.11800e+07
       13875.0   2.08900e+07
       13925.0   2.05900e+07
       13975.0   2.03000e+07
       14025.0   2.00200e+07
       14075.0   1.97400e+07
       14125.0   1.94700e+07
       14175.0   1.92000e+07
       14225.0   1.89400e+07
       14275.0   1.86800e+07
       14325.0   1.84200e+07
       14375.0   1.81700e+07
       14425.0   1.79200e+07
       14475.0   1.76800e+07
       14525.0   1.74400e+07
       14570.0   1.72300e+07
       14620.0   1.70000e+07
       14675.0   1.67500e+07
       14725.0   1.65200e+07
       14775.0   1.61600e+07
       14825.0   1.61000e+07
       14875.0   1.58800e+07
       14925.0   1.56800e+07
       14975.0   1.54700e+07
       15025.0   1.52700e+07
       15075.0   1.50700e+07
       15125.0   1.48800e+07
       15175.0   1.46800e+07
       15225.0   1.45000e+07
       15275.0   1.43100e+07
       15325.0   1.41200e+07
       15375.0   1.39400e+07
       15425.0   1.37600e+07
       15475.0   1.35900e+07
       15525.0   1.34200e+07
       15575.0   1.32400e+07
       15625.0   1.30900e+07
       15675.0   1.29100e+07
       15725.0   1.27400e+07
       15775.0   1.26100e+07
       15825.0   1.24500e+07
       15875.0   1.22400e+07
       15925.0   1.21300e+07
       15975.0   1.20200e+07
       16050.0   1.17700e+07
       16150.0   1.14400e+07
       16250.0   1.12400e+07
       16350.0   1.09300e+07
       16450.0   1.06100e+07
       16550.0   1.04600e+07
       16650.0   1.02100e+07
       16750.0   9.92300e+06
       16850.0   9.61800e+06
       16950.0   9.51500e+06
       17050.0   9.27900e+06
       17150.0   9.08400e+06
       17250.0   8.87600e+06
       17350.0   8.51100e+06
       17450.0   8.46600e+06
       17550.0   8.29200e+06
       17650.0   8.10800e+06
       17750.0   7.92900e+06
       17850.0   7.75500e+06
       17950.0   7.58500e+06
       18050.0   7.42000e+06
       18150.0   7.10700e+06
       18250.0   7.07800e+06
       18350.0   6.95100e+06
       18450.0   6.80300e+06
       18550.0   6.65900e+06
       18650.0   6.43200e+06
       18750.0   6.20700e+06
       18850.0   6.24900e+06
       18950.0   6.12100e+06
       19050.0   5.98800e+06
       19150.0   5.87100e+06
       19250.0   5.75100e+06
       19350.0   5.63000e+06
       19450.0   5.37600e+06
       19550.0   5.40300e+06
       19650.0   5.30100e+06
       19750.0   5.19600e+06
       19850.0   5.09300e+06
       19950.0   4.99200e+06
       20050.0   4.89400e+06
       20150.0   4.79900e+06
       20250.0   4.70500e+06
       20350.0   4.61400e+06
       20450.0   4.52500e+06
       20550.0   4.43600e+06
       20650.0   4.35400e+06
       20750.0   4.27000e+06
       20850.0   4.19100e+06
       20950.0   4.11200e+06
       21050.0   4.03500e+06
       21150.0   3.95600e+06
       21250.0   3.88600e+06
       21350.0   3.81400e+06
       21450.0   3.74400e+06
       21550.0   3.67300e+06
       21650.0   3.50400e+06
       21750.0   3.53700e+06
       21850.0   3.47900e+06
       21950.0   3.41700e+06
       22050.0   3.35600e+06
       22150.0   3.29600e+06
       22250.0   3.23800e+06
       22350.0   3.18100e+06
       22450.0   3.12500e+06
       22550.0   3.07000e+06
       22650.0   3.01600e+06
       22750.0   2.96400e+06
       22850.0   2.91700e+06
       22950.0   2.86600e+06
       23050.0   2.81700e+06
       23150.0   2.76900e+06
       23250.0   2.72200e+06
       23350.0   2.67600e+06
       23450.0   2.63100e+06
       23550.0   2.58700e+06
       23650.0   2.54400e+06
       23750.0   2.50100e+06
       23850.0   2.46000e+06
       23950.0   2.41900e+06
       24050.0   2.38000e+06
       24150.0   2.34100e+06
       24250.0   2.30200e+06
       24350.0   2.26500e+06
       24450.0   2.22800e+06
       24550.0   2.19300e+06
       24650.0   2.15700e+06
       24750.0   2.12200e+06
       24850.0   2.08900e+06
       24950.0   2.05600e+06
       25050.0   2.02400e+06
       25150.0   1.99200e+06
       25250.0   1.95800e+06
       25350.0   1.93000e+06
       25450.0   1.90000e+06
       25550.0   1.87000e+06
       25650.0   1.83600e+06
       25750.0   1.81300e+06
       25850.0   1.78600e+06
       25950.0   1.75800e+06
       26050.0   1.72900e+06
       26150.0   1.69400e+06
       26250.0   1.62500e+06
       26350.0   1.65100e+06
       26450.0   1.63000e+06
       26550.0   1.60500e+06
       26650.0   1.58000e+06
       26750.0   1.54600e+06
       26850.0   1.53300e+06
       26950.0   1.51300e+06
       27050.0   1.49000e+06
       27150.0   1.46900e+06
       27250.0   1.44700e+06
       27350.0   1.42600e+06
       27450.0   1.40500e+06
       27550.0   1.37100e+06
       27650.0   1.35900e+06
       27750.0   1.34600e+06
       27850.0   1.32700e+06
       27950.0   1.30800e+06
       28050.0   1.29000e+06
       28150.0   1.27200e+06
       28250.0   1.25400e+06
       28350.0   1.23600e+06
       28450.0   1.21900e+06
       28550.0   1.20200e+06
       28650.0   1.18100e+06
       28750.0   1.15000e+06
       28850.0   1.15200e+06
       28950.0   1.13700e+06
       29050.0   1.12200e+06
       29150.0   1.10600e+06
       29250.0   1.09100e+06
       29350.0   1.07700e+06
       29450.0   1.06200e+06
       29550.0   1.04800e+06
       29650.0   1.03400e+06
       29750.0   1.02000e+06
       29850.0   1.00600e+06
       29950.0       993100.
       30050.0       980000.
       30150.0       967100.
       30250.0       954000.
       30350.0       926100.
       30450.0       920800.
       30550.0       917500.
       30650.0       905600.
       30750.0       893900.
       30850.0       882400.
       30950.0       871100.
       31050.0       860000.
       31150.0       849000.
       31250.0       838200.
       31350.0       827600.
       31450.0       817100.
       31550.0       806800.
       31650.0       796700.
       31750.0       786700.
       31850.0       776900.
       31950.0       767300.
       32100.0       753000.
       32300.0       734600.
       32500.0       716700.
       32700.0       699300.
       32900.0       671500.
       33100.0       664300.
       33300.0       650700.
       33500.0       635400.
       33700.0       620500.
       33900.0       606000.
       34100.0       591900.
       34300.0       578200.
       34500.0       564900.
       34700.0       552000.
       34900.0       539500.
       35100.0       527300.
       35300.0       515500.
       35500.0       504000.
       35700.0       492800.
       35900.0       481900.
       36100.0       471300.
       36300.0       461000.
       36500.0       451000.
       36700.0       441200.
       36900.0       431700.
       37100.0       422300.
       37300.0       410000.
       37500.0       399300.
       37700.0       396300.
       37900.0       388000.
       38100.0       379700.
       38300.0       372000.
       38500.0       364300.
       38700.0       356800.
       38900.0       349600.
       39100.0       341900.
       39300.0       335500.
       39500.0       328800.
       39700.0       322200.
       39900.0       315800.
       40100.0       309100.
       40300.0       302500.
       40500.0       291900.
       40700.0       291600.
       40900.0       286000.
       41100.0       280500.
       41300.0       275000.
       41500.0       269800.
       41700.0       263100.
       41900.0       259500.
       42100.0       254700.
       42300.0       249900.
       42500.0       245200.
       42700.0       240700.
       42900.0       236100.
       43100.0       231900.
       43300.0       227600.
       43500.0       223400.
       43700.0       217700.
       43900.0       214900.
       44100.0       211500.
       44300.0       207700.
       44500.0       204000.
       44700.0       200400.
       44900.0       196900.
       45100.0       193400.
       45300.0       190000.
       45500.0       186700.
       45700.0       183400.
       45900.0       180200.
       46100.0       177100.
       46300.0       174000.
       46500.0       166800.
       46700.0       165700.
       46900.0       164900.
       47100.0       162500.
       47300.0       159800.
       47500.0       157100.
       47700.0       154500.
       47900.0       151900.
       48100.0       149400.
       48300.0       146900.
       48500.0       144500.
       48700.0       142100.
       48900.0       139800.
       49100.0       137500.
       49300.0       135300.
       49500.0       133100.
       49700.0       131000.
       49900.0       128900.
       50100.0       126800.
       50300.0       124800.
       50500.0       122900.
       50700.0       120900.
       50900.0       119000.
       51100.0       117000.
       51300.0       113300.
       51500.0       113400.
       51700.0       111800.
       51900.0       110100.
       52100.0       108400.
       52300.0       106700.
       52500.0       105100.
       52700.0       103500.
       52900.0       102000.
       53100.0       100400.
       53300.0       98920.0
       53500.0       97450.0
       53700.0       95990.0
       53900.0       94570.0
       54100.0       93180.0
       54300.0       91810.0
       54500.0       90460.0
       54700.0       89140.0
       54900.0       87840.0
       55100.0       86570.0
       55300.0       85310.0
       55500.0       84090.0
       55700.0       82880.0
       55900.0       81700.0
       56100.0       80530.0
       56300.0       79390.0
       56500.0       78270.0
       56700.0       77160.0
       56900.0       76080.0
       57100.0       74900.0
       57300.0       73970.0
       57500.0       72940.0
       57700.0       71930.0
       57900.0       70940.0
       58100.0       69960.0
       58300.0       69000.0
       58500.0       68070.0
       58700.0       67140.0
       58900.0       66080.0
       59100.0       63810.0
       59300.0       64350.0
       59500.0       63360.0
       59700.0       62630.0
       59900.0       61900.0
       60100.0       61080.0
       60300.0       60260.0
       60500.0       59470.0
       60700.0       58680.0
       60900.0       57910.0
       61100.0       57160.0
       61300.0       56410.0
       61500.0       55680.0
       61700.0       54950.0
       61900.0       54240.0
       62100.0       53540.0
       62300.0       52860.0
       62500.0       52180.0
       62700.0       51480.0
       62900.0       50500.0
       63100.0       50140.0
       63300.0       49580.0
       63500.0       48950.0
       63700.0       48340.0
       63900.0       47730.0
       64200.0       46840.0
       64600.0       45680.0
       65000.0       44560.0
       65400.0       43480.0
       65800.0       42420.0
       66200.0       41400.0
       66600.0       40410.0
       67000.0       39450.0
       67400.0       38490.0
       67800.0       37350.0
       68200.0       36730.0
       68600.0       35880.0
       69000.0       35050.0
       69400.0       34240.0
       69800.0       33460.0
       70200.0       32700.0
       70600.0       31960.0
       71000.0       31240.0
       71400.0       30540.0
       71800.0       29860.0
       72200.0       29200.0
       72600.0       28560.0
       73000.0       27930.0
       73400.0       27330.0
       73800.0       26730.0
       74200.0       26140.0
       74600.0       25110.0
       75000.0       24460.0
       75400.0       24480.0
       75800.0       24010.0
       76200.0       23500.0
       76600.0       23010.0
       77000.0       22540.0
       77400.0       22070.0
       77800.0       21620.0
       78200.0       21170.0
       78600.0       20740.0
       79000.0       20320.0
       79400.0       19910.0
       79800.0       19520.0
       80200.0       19130.0
       80600.0       18750.0
       81000.0       18380.0
       81400.0       18000.0
       81800.0       17660.0
       82200.0       17320.0
       82600.0       16990.0
       83000.0       16660.0
       83400.0       16340.0
       83800.0       16030.0
       84200.0       15720.0
       84600.0       15420.0
       85000.0       15130.0
       85400.0       14850.0
       85800.0       14570.0
       86200.0       14300.0
       86600.0       14000.0
       87000.0       13780.0
       87400.0       13420.0
       87800.0       13180.0
       88200.0       13040.0
       88600.0       12800.0
       89000.0       12570.0
       89400.0       12350.0
       89800.0       12130.0
       90200.0       11910.0
       90600.0       11700.0
       91000.0       11500.0
       91400.0       11300.0
       91800.0       11100.0
       92200.0       10910.0
       92600.0       10720.0
       93000.0       10530.0
       93400.0       10350.0
       93800.0       10120.0
       94200.0       9987.00
       94600.0       9833.00
       95000.0       9667.00
       95400.0       9505.00
       95800.0       9345.00
       96200.0       9190.00
       96600.0       9037.00
       97000.0       8888.00
       97400.0       8742.00
       97800.0       8598.00
       98200.0       8458.00
       98600.0       8320.00
       99000.0       8186.00
       99400.0       8054.00
       99800.0       7924.00
       100200.       7798.00
       200000.       478.600
       400000.       29.0100
       600000.       5.62000
       800000.       1.75300
   1.00000e+06      0.709800
   1.20000e+06      0.339000
   1.40000e+06      0.181500
   1.60000e+06      0.105600
