       90.9000   1.91600e-09
       93.5000   6.71500e-09
       96.1000   2.18100e-08
       97.7000   4.43200e-08
       99.6000   9.88900e-08
       102.000   2.61400e-07
       103.800   5.27100e-07
       105.600   1.03900e-06
       107.700   2.22800e-06
       110.400   5.70600e-06
       114.000   1.86900e-05
       117.800   6.07900e-05
       121.300   0.000169500
       124.800   0.000447500
       127.100   0.000824300
       128.400    0.00115400
       130.500    0.00195800
       132.400    0.00312100
       133.900    0.00447500
       136.600    0.00837800
       139.800     0.0172800
       143.300     0.0366600
       147.200     0.0804800
       151.000      0.172600
       155.200      0.378500
       158.800      0.720900
       162.000       1.25000
       166.000       2.44000
       170.300       4.80000
       173.400       7.69000
       176.800       12.7400
       180.200       20.6500
       181.700       25.2600
       186.100       46.0000
       191.000       86.3000
       193.900       123.800
       198.400       211.400
       201.800       310.500
       205.000       443.900
       210.500       796.500
       216.200       1407.00
       219.800       2003.00
       223.000       2696.00
       226.800       3802.00
       230.000   2.33800e+06
       234.000   7.66000e+06
       240.000   1.07700e+07
       246.500   1.59700e+07
       252.400   2.74900e+07
       256.800   3.62200e+07
       260.000   4.84000e+07
       264.000   2.29100e+08
       268.500   3.04200e+08
       273.500   3.80500e+08
       278.500   2.55400e+08
       284.000   6.44500e+08
       290.000   9.87100e+08
       296.000   7.30100e+08
       301.000   1.08000e+09
       308.000   5.04000e+09
       318.000   2.51900e+09
       328.000   4.31700e+09
       338.000   3.89400e+09
       348.000   4.53900e+09
       357.000   1.17700e+10
       366.000   2.45100e+10
       375.000   3.16400e+10
       385.000   2.94500e+10
       395.000   4.86200e+10
       405.000   7.22100e+10
       414.000   6.74600e+10
       422.000   6.51600e+10
       430.000   5.96700e+10
       441.000   7.05000e+10
       451.000   7.26000e+10
       460.000   6.03800e+10
       470.000   6.41100e+10
       480.000   7.32700e+10
       490.000   5.39600e+10
       500.000   7.44500e+10
       506.000   5.93100e+10
       512.000   1.14200e+11
       520.000   1.04900e+11
       530.000   9.38300e+10
       540.000   8.10900e+10
       550.000   7.31400e+10
       560.000   9.87000e+10
       570.000   1.11300e+11
       580.000   1.06000e+11
       590.000   1.06800e+11
       600.000   8.52100e+10
       610.000   8.44100e+10
       620.000   1.07400e+11
       630.000   9.98400e+10
       640.000   1.08500e+11
       650.000   1.01200e+11
       658.000   8.69700e+10
       665.000   1.01600e+11
       675.000   1.07700e+11
       685.000   9.01500e+10
       695.000   1.03200e+11
       705.000   8.48200e+10
       716.000   1.03600e+11
       726.000   1.03100e+11
       735.000   1.02900e+11
       745.000   9.57600e+10
       755.000   9.38200e+10
       765.000   8.59400e+10
       775.000   9.14300e+10
       785.000   8.31500e+10
       795.000   8.92600e+10
       805.000   8.80000e+10
       815.000   8.73500e+10
       825.000   8.74300e+10
       835.000   7.44100e+10
       845.000   8.32500e+10
       855.000   7.98300e+10
       865.000   8.20400e+10
       875.000   8.11400e+10
       885.000   7.93000e+10
       895.000   7.81200e+10
       905.000   7.54000e+10
       915.000   6.00200e+10
       925.000   1.02600e+11
       935.000   1.39200e+11
       945.000   1.59100e+11
       955.000   1.74200e+11
       965.000   1.88100e+11
       975.000   1.33500e+11
       985.000   1.65200e+11
       995.000   1.47200e+11
       1005.00   1.47200e+11
       1015.00   1.51900e+11
       1025.00   1.33400e+11
       1035.00   1.52900e+11
       1045.00   1.58200e+11
       1055.00   1.53100e+11
       1065.00   1.43400e+11
       1075.00   1.43300e+11
       1085.00   1.32600e+11
       1095.00   1.36700e+11
       1105.00   1.31900e+11
       1115.00   1.29100e+11
       1125.00   1.20900e+11
       1135.00   1.24900e+11
       1145.00   1.23400e+11
       1155.00   1.15200e+11
       1165.00   1.09900e+11
       1175.00   9.23300e+10
       1185.00   1.02700e+11
       1195.00   9.83600e+10
       1205.00   9.62900e+10
       1215.00   8.08600e+10
       1225.00   9.05400e+10
       1235.00   9.13200e+10
       1245.00   8.89300e+10
       1255.00   8.87600e+10
       1265.00   8.91600e+10
       1275.00   8.95200e+10
       1285.00   8.83100e+10
       1295.00   8.64600e+10
       1305.00   8.35700e+10
       1315.00   8.37600e+10
       1325.00   8.17900e+10
       1335.00   7.99500e+10
       1345.00   7.89900e+10
       1355.00   7.55800e+10
       1365.00   7.29100e+10
       1375.00   7.02100e+10
       1385.00   6.94200e+10
       1395.00   6.56800e+10
       1405.00   6.27000e+10
       1415.00   6.72600e+10
       1425.00   6.15400e+10
       1435.00   6.38700e+10
       1442.00   6.15200e+10
       1447.00   6.13900e+10
       1455.00   5.91600e+10
       1465.00   5.87500e+10
       1475.00   5.80300e+10
       1485.00   5.81500e+10
       1495.00   5.63200e+10
       1505.00   5.59600e+10
       1512.00   5.54600e+10
       1517.00   5.45000e+10
       1525.00   5.35800e+10
       1535.00   4.91200e+10
       1545.00   4.11700e+10
       1555.00   4.19800e+10
       1565.00   4.56300e+10
       1575.00   4.67200e+10
       1585.00   4.59800e+10
       1595.00   4.57400e+10
       1605.00   4.32100e+10
       1615.00   4.17900e+10
       1625.00   4.20000e+10
       1635.00   4.15800e+10
       1645.00   4.01700e+10
       1655.00   4.12900e+10
       1665.00   4.04200e+10
       1672.00   3.80600e+10
       1677.00   4.15000e+10
       1685.00   4.04000e+10
       1695.00   3.96300e+10
       1705.00   3.86100e+10
       1715.00   3.69500e+10
       1725.00   3.62700e+10
       1735.00   3.70600e+10
       1745.00   3.65200e+10
       1755.00   3.56000e+10
       1765.00   3.51000e+10
       1775.00   3.42600e+10
       1785.00   3.42300e+10
       1795.00   3.32000e+10
       1805.00   3.27700e+10
       1815.00   3.21700e+10
       1825.00   3.14700e+10
       1835.00   3.12700e+10
       1845.00   3.08200e+10
       1855.00   3.04300e+10
       1865.00   3.00100e+10
       1875.00   2.92000e+10
       1885.00   2.86400e+10
       1895.00   2.86900e+10
       1905.00   2.83300e+10
       1915.00   2.78400e+10
       1925.00   2.65600e+10
       1935.00   2.70700e+10
       1945.00   2.67100e+10
       1955.00   2.56200e+10
       1967.00   2.56400e+10
       1976.00   2.52900e+10
       1984.00   2.50800e+10
       1995.00   2.45500e+10
       2005.00   2.43600e+10
       2015.00   2.39600e+10
       2025.00   2.35700e+10
       2035.00   2.31200e+10
       2045.00   2.26500e+10
       2055.00   1.69300e+10
       2065.00   1.62200e+10
       2074.00   1.66400e+10
       2078.00   1.70200e+10
       2085.00   1.83600e+10
       2095.00   2.02600e+10
       2105.00   2.05200e+10
       2115.00   2.04900e+10
       2125.00   2.00300e+10
       2135.00   1.98500e+10
       2145.00   1.95500e+10
       2155.00   1.95400e+10
       2165.00   1.84500e+10
       2175.00   1.90800e+10
       2185.00   1.81900e+10
       2195.00   1.86000e+10
       2205.00   1.83100e+10
       2215.00   1.73900e+10
       2225.00   1.77500e+10
       2235.00   1.75100e+10
       2245.00   1.71900e+10
       2255.00   1.64400e+10
       2265.00   1.67100e+10
       2275.00   1.65300e+10
       2285.00   1.61400e+10
       2295.00   1.55400e+10
       2305.00   1.52500e+10
       2315.00   1.53900e+10
       2325.00   1.53000e+10
       2335.00   1.50800e+10
       2345.00   1.48000e+10
       2355.00   1.45200e+10
       2365.00   1.42900e+10
       2375.00   1.40000e+10
       2385.00   1.32800e+10
       2395.00   1.35200e+10
       2405.00   1.34000e+10
       2415.00   1.32500e+10
       2425.00   1.31700e+10
       2435.00   1.29500e+10
       2445.00   1.27800e+10
       2455.00   1.25500e+10
       2465.00   1.24200e+10
       2475.00   1.23000e+10
       2485.00   1.20200e+10
       2495.00   1.05200e+10
       2505.00   1.16500e+10
       2513.00   1.08800e+10
       2518.00   1.13000e+10
       2525.00   1.13600e+10
       2535.00   1.13000e+10
       2545.00   1.11700e+10
       2555.00   1.10000e+10
       2565.00   1.08600e+10
       2575.00   1.07000e+10
       2585.00   1.05700e+10
       2595.00   1.03000e+10
       2605.00   1.03000e+10
       2615.00   1.00900e+10
       2625.00   1.00300e+10
       2635.00   9.91500e+09
       2645.00   9.74700e+09
       2655.00   9.64900e+09
       2665.00   9.50600e+09
       2675.00   9.28500e+09
       2685.00   9.24700e+09
       2695.00   9.11100e+09
       2705.00   9.05500e+09
       2715.00   8.91000e+09
       2725.00   8.80000e+09
       2735.00   8.44900e+09
       2745.00   8.60300e+09
       2755.00   8.47800e+09
       2765.00   8.36700e+09
       2775.00   8.26800e+09
       2785.00   8.12800e+09
       2795.00   7.97900e+09
       2805.00   7.94100e+09
       2815.00   7.85500e+09
       2825.00   7.74400e+09
       2835.00   7.66100e+09
       2845.00   7.58400e+09
       2855.00   7.48700e+09
       2865.00   7.36600e+09
       2875.00   7.28200e+09
       2885.00   7.20800e+09
       2895.00   7.11700e+09
       2910.00   6.97900e+09
       2930.00   6.83100e+09
       2950.00   6.66200e+09
       2970.00   6.49100e+09
       2990.00   6.30800e+09
       3010.00   6.16400e+09
       3030.00   5.98800e+09
       3050.00   5.87800e+09
       3070.00   5.74100e+09
       3090.00   5.63000e+09
       3110.00   5.50900e+09
       3130.00   5.38000e+09
       3150.00   5.27400e+09
       3170.00   5.15000e+09
       3190.00   5.04100e+09
       3210.00   4.85000e+09
       3230.00   4.82500e+09
       3250.00   4.72500e+09
       3270.00   4.58000e+09
       3290.00   4.51000e+09
       3310.00   4.40900e+09
       3330.00   4.31400e+09
       3350.00   4.19800e+09
       3370.00   4.12700e+09
       3390.00   4.04700e+09
       3410.00   3.95900e+09
       3430.00   3.88900e+09
       3450.00   3.78800e+09
       3470.00   3.72800e+09
       3490.00   3.65400e+09
       3510.00   3.58300e+09
       3530.00   3.50400e+09
       3550.00   3.43300e+09
       3570.00   3.36800e+09
       3590.00   3.29800e+09
       3610.00   3.22600e+09
       3630.00   3.16200e+09
       3640.00   3.07800e+09
       3650.00   2.78800e+09
       3670.00   2.73700e+09
       3690.00   2.69200e+09
       3710.00   2.65400e+09
       3730.00   2.65300e+09
       3750.00   2.66500e+09
       3770.00   2.66100e+09
       3790.00   2.69400e+09
       3810.00   2.71100e+09
       3830.00   2.55200e+09
       3850.00   2.65800e+09
       3870.00   2.62400e+09
       3890.00   2.39100e+09
       3910.00   2.55700e+09
       3930.00   2.48600e+09
       3950.00   2.45100e+09
       3970.00   2.20600e+09
       3990.00   2.37300e+09
       4010.00   2.33200e+09
       4030.00   2.24900e+09
       4050.00   2.25700e+09
       4070.00   2.20400e+09
       4090.00   2.10800e+09
       4110.00   1.97400e+09
       4130.00   2.08700e+09
       4150.00   2.05400e+09
       4170.00   2.02500e+09
       4190.00   1.98200e+09
       4210.00   1.92600e+09
       4230.00   1.92500e+09
       4250.00   1.88900e+09
       4270.00   1.85600e+09
       4290.00   1.82400e+09
       4310.00   1.78700e+09
       4330.00   1.70300e+09
       4350.00   1.61800e+09
       4370.00   1.69700e+09
       4390.00   1.65900e+09
       4410.00   1.63600e+09
       4430.00   1.61600e+09
       4450.00   1.58800e+09
       4470.00   1.54800e+09
       4490.00   1.53700e+09
       4510.00   1.50400e+09
       4530.00   1.48000e+09
       4550.00   1.43400e+09
       4570.00   1.43800e+09
       4590.00   1.41300e+09
       4610.00   1.39300e+09
       4630.00   1.36300e+09
       4650.00   1.31600e+09
       4670.00   1.32300e+09
       4690.00   1.26400e+09
       4710.00   1.28300e+09
       4730.00   1.27000e+09
       4750.00   1.25000e+09
       4770.00   1.23000e+09
       4790.00   1.21100e+09
       4810.00   1.19200e+09
       4830.00   1.17200e+09
       4850.00   1.12900e+09
       4870.00   1.05500e+09
       4890.00   1.11700e+09
       4910.00   1.10200e+09
       4930.00   1.08000e+09
       4950.00   1.07000e+09
       4970.00   1.05500e+09
       4990.00   1.03900e+09
       5010.00   1.01800e+09
       5030.00   1.00700e+09
       5050.00   9.91500e+08
       5070.00   9.78400e+08
       5090.00   9.64200e+08
       5110.00   9.50100e+08
       5130.00   9.35900e+08
       5150.00   9.22300e+08
       5170.00   9.09000e+08
       5190.00   8.95900e+08
       5210.00   8.83000e+08
       5230.00   8.70500e+08
       5250.00   8.56700e+08
       5270.00   8.44100e+08
       5290.00   8.33800e+08
       5310.00   8.22000e+08
       5330.00   8.10300e+08
       5350.00   7.99100e+08
       5370.00   7.87800e+08
       5390.00   7.76800e+08
       5410.00   7.51600e+08
       5430.00   7.55300e+08
       5450.00   7.45000e+08
       5470.00   7.34600e+08
       5490.00   7.24700e+08
       5510.00   7.14000e+08
       5530.00   7.05000e+08
       5550.00   6.95500e+08
       5570.00   6.85600e+08
       5590.00   6.74700e+08
       5610.00   6.67700e+08
       5630.00   6.58800e+08
       5650.00   6.49900e+08
       5670.00   6.41200e+08
       5690.00   6.23000e+08
       5710.00   5.83500e+08
       5730.00   5.76100e+08
       5750.00   5.68700e+08
       5770.00   5.61800e+08
       5790.00   5.55000e+08
       5810.00   5.46500e+08
       5830.00   5.43000e+08
       5850.00   5.39000e+08
       5870.00   5.29600e+08
       5890.00   5.30700e+08
       5910.00   5.27200e+08
       5930.00   5.24100e+08
       5950.00   5.21500e+08
       5970.00   5.19000e+08
       5990.00   5.16700e+08
       6010.00   5.12100e+08
       6030.00   5.06500e+08
       6050.00   5.01400e+08
       6070.00   4.95000e+08
       6090.00   4.89600e+08
       6110.00   4.82800e+08
       6130.00   4.77000e+08
       6150.00   4.71700e+08
       6170.00   4.64400e+08
       6190.00   4.60400e+08
       6210.00   4.54900e+08
       6230.00   4.47500e+08
       6250.00   4.43500e+08
       6270.00   4.38500e+08
       6290.00   4.33300e+08
       6310.00   4.25400e+08
       6330.00   4.22700e+08
       6350.00   4.17800e+08
       6370.00   4.12800e+08
       6390.00   4.07800e+08
       6410.00   4.00000e+08
       6430.00   3.98300e+08
       6450.00   3.93400e+08
       6470.00   3.88700e+08
       6490.00   3.84400e+08
       6510.00   3.79500e+08
       6530.00   3.71400e+08
       6550.00   3.66000e+08
       6570.00   3.39400e+08
       6590.00   3.61700e+08
       6610.00   3.58400e+08
       6630.00   3.54300e+08
       6650.00   3.50300e+08
       6670.00   3.44000e+08
       6690.00   3.37000e+08
       6710.00   3.37900e+08
       6730.00   3.34300e+08
       6750.00   3.30500e+08
       6770.00   3.27000e+08
       6790.00   3.23400e+08
       6810.00   3.19800e+08
       6830.00   3.16200e+08
       6850.00   3.12700e+08
       6870.00   3.09100e+08
       6890.00   3.01600e+08
       6910.00   3.02200e+08
       6930.00   2.99100e+08
       6950.00   2.95800e+08
       6970.00   2.92600e+08
       6990.00   2.89400e+08
       7010.00   2.86100e+08
       7030.00   2.82700e+08
       7050.00   2.79800e+08
       7070.00   2.75200e+08
       7090.00   2.74000e+08
       7110.00   2.71000e+08
       7130.00   2.68100e+08
       7150.00   2.65300e+08
       7170.00   2.59900e+08
       7190.00   2.58300e+08
       7210.00   2.56900e+08
       7230.00   2.54200e+08
       7250.00   2.51500e+08
       7270.00   2.48900e+08
       7290.00   2.45700e+08
       7310.00   2.43500e+08
       7330.00   2.41100e+08
       7350.00   2.38600e+08
       7370.00   2.36100e+08
       7390.00   2.33700e+08
       7410.00   2.31200e+08
       7430.00   2.28900e+08
       7450.00   2.26300e+08
       7470.00   2.24200e+08
       7490.00   2.21500e+08
       7510.00   2.19600e+08
       7530.00   2.17400e+08
       7550.00   2.15200e+08
       7570.00   2.13000e+08
       7590.00   2.07600e+08
       7610.00   2.08400e+08
       7630.00   2.06600e+08
       7650.00   2.04500e+08
       7670.00   2.02500e+08
       7690.00   2.00200e+08
       7710.00   1.98400e+08
       7730.00   1.96200e+08
       7750.00   1.94500e+08
       7770.00   1.92700e+08
       7790.00   1.90800e+08
       7810.00   1.88900e+08
       7830.00   1.87000e+08
       7850.00   1.85000e+08
       7870.00   1.83300e+08
       7890.00   1.81600e+08
       7910.00   1.79900e+08
       7930.00   1.78100e+08
       7950.00   1.76400e+08
       7970.00   1.74600e+08
       7990.00   1.73000e+08
       8010.00   1.71400e+08
       8030.00   1.69600e+08
       8050.00   1.68100e+08
       8070.00   1.66500e+08
       8090.00   1.64900e+08
       8110.00   1.63300e+08
       8130.00   1.61800e+08
       8150.00   1.60300e+08
       8170.00   1.58700e+08
       8190.00   1.56600e+08
       8210.00   1.49600e+08
       8230.00   1.47300e+08
       8250.00   1.46700e+08
       8270.00   1.45500e+08
       8290.00   1.44300e+08
       8310.00   1.43000e+08
       8330.00   1.41500e+08
       8350.00   1.40200e+08
       8370.00   1.39100e+08
       8390.00   1.38000e+08
       8410.00   1.36800e+08
       8430.00   1.35700e+08
       8450.00   1.34500e+08
       8470.00   1.33500e+08
       8490.00   1.32400e+08
       8510.00   1.31200e+08
       8530.00   1.30400e+08
       8550.00   1.29300e+08
       8570.00   1.28600e+08
       8590.00   1.27200e+08
       8610.00   1.26300e+08
       8630.00   1.26100e+08
       8650.00   1.24800e+08
       8670.00   1.22600e+08
       8690.00   1.23500e+08
       8710.00   1.22900e+08
       8730.00   1.21600e+08
       8750.00   1.17900e+08
       8770.00   1.19500e+08
       8790.00   1.19800e+08
       8810.00   1.19100e+08
       8830.00   1.18100e+08
       8850.00   1.15000e+08
       8870.00   1.11200e+08
       8890.00   1.14700e+08
       8910.00   1.14400e+08
       8930.00   1.13400e+08
       8950.00   1.12600e+08
       8970.00   1.11600e+08
       8990.00   1.09900e+08
       9010.00   1.04100e+08
       9030.00   1.05600e+08
       9050.00   1.07500e+08
       9070.00   1.06800e+08
       9090.00   1.06200e+08
       9110.00   1.05100e+08
       9130.00   1.04500e+08
       9150.00   1.03600e+08
       9170.00   1.02600e+08
       9190.00   1.01500e+08
       9210.00   9.93000e+07
       9230.00   9.30500e+07
       9250.00   9.74800e+07
       9270.00   9.81300e+07
       9290.00   9.76200e+07
       9310.00   9.67700e+07
       9330.00   9.59600e+07
       9350.00   9.32300e+07
       9370.00   9.40000e+07
       9390.00   9.36500e+07
       9410.00   9.28500e+07
       9430.00   9.21200e+07
       9450.00   9.14000e+07
       9470.00   9.05500e+07
       9490.00   8.98600e+07
       9510.00   8.86200e+07
       9530.00   8.65100e+07
       9550.00   8.10100e+07
       9570.00   8.57800e+07
       9590.00   8.60500e+07
       9610.00   8.55600e+07
       9630.00   8.48200e+07
       9650.00   8.42600e+07
       9670.00   8.35900e+07
       9690.00   8.29100e+07
       9710.00   8.15100e+07
       9730.00   8.14900e+07
       9750.00   8.08500e+07
       9770.00   7.98200e+07
       9790.00   7.96600e+07
       9810.00   7.90400e+07
       9830.00   7.83900e+07
       9850.00   7.77900e+07
       9870.00   7.71800e+07
       9890.00   7.65700e+07
       9910.00   7.59500e+07
       9930.00   7.53800e+07
       9950.00   7.48000e+07
       9970.00   7.42100e+07
       9990.00   7.36300e+07
       10025.0   7.11500e+07
       10075.0   6.91100e+07
       10125.0   6.86800e+07
       10175.0   6.85500e+07
       10225.0   6.72500e+07
       10275.0   6.59600e+07
       10325.0   6.46400e+07
       10375.0   6.35400e+07
       10425.0   6.20700e+07
       10475.0   6.12100e+07
       10525.0   6.00800e+07
       10575.0   5.89800e+07
       10625.0   5.79000e+07
       10675.0   5.68300e+07
       10725.0   5.58200e+07
       10775.0   5.48200e+07
       10825.0   5.35800e+07
       10875.0   5.28200e+07
       10925.0   4.96900e+07
       10975.0   5.04900e+07
       11025.0   5.00700e+07
       11075.0   4.92400e+07
       11125.0   4.83800e+07
       11175.0   4.75700e+07
       11225.0   4.67400e+07
       11275.0   4.59300e+07
       11325.0   4.51400e+07
       11375.0   4.43700e+07
       11425.0   4.36200e+07
       11475.0   4.28800e+07
       11525.0   4.21600e+07
       11575.0   4.14400e+07
       11625.0   4.03500e+07
       11675.0   3.98000e+07
       11725.0   3.94100e+07
       11775.0   3.87600e+07
       11825.0   3.81200e+07
       11875.0   3.75000e+07
       11925.0   3.68900e+07
       11975.0   3.61500e+07
       12025.0   3.57000e+07
       12075.0   3.51200e+07
       12125.0   3.45500e+07
       12175.0   3.40100e+07
       12225.0   3.34600e+07
       12275.0   3.29400e+07
       12325.0   3.24100e+07
       12375.0   3.19000e+07
       12425.0   3.14000e+07
       12475.0   3.09100e+07
       12525.0   3.04200e+07
       12575.0   2.99600e+07
       12625.0   2.95000e+07
       12675.0   2.90400e+07
       12725.0   2.86000e+07
       12775.0   2.79400e+07
       12825.0   2.64400e+07
       12875.0   2.72500e+07
       12925.0   2.69000e+07
       12975.0   2.64500e+07
       13025.0   2.61000e+07
       13075.0   2.57100e+07
       13125.0   2.53300e+07
       13175.0   2.49500e+07
       13225.0   2.45800e+07
       13275.0   2.42200e+07
       13325.0   2.38700e+07
       13375.0   2.35200e+07
       13425.0   2.31700e+07
       13475.0   2.28400e+07
       13525.0   2.25100e+07
       13575.0   2.21800e+07
       13625.0   2.18700e+07
       13675.0   2.15500e+07
       13725.0   2.12400e+07
       13775.0   2.09400e+07
       13825.0   2.06500e+07
       13875.0   2.03600e+07
       13925.0   2.00700e+07
       13975.0   1.97900e+07
       14025.0   1.95100e+07
       14075.0   1.92400e+07
       14125.0   1.89800e+07
       14175.0   1.87100e+07
       14225.0   1.84600e+07
       14275.0   1.82000e+07
       14325.0   1.79500e+07
       14375.0   1.77100e+07
       14425.0   1.74700e+07
       14475.0   1.72300e+07
       14525.0   1.70000e+07
       14570.0   1.67900e+07
       14620.0   1.65700e+07
       14675.0   1.63300e+07
       14725.0   1.61100e+07
       14775.0   1.57600e+07
       14825.0   1.56900e+07
       14875.0   1.54800e+07
       14925.0   1.52800e+07
       14975.0   1.50800e+07
       15025.0   1.48800e+07
       15075.0   1.46800e+07
       15125.0   1.45000e+07
       15175.0   1.43100e+07
       15225.0   1.41300e+07
       15275.0   1.39500e+07
       15325.0   1.37700e+07
       15375.0   1.35900e+07
       15425.0   1.34200e+07
       15475.0   1.32500e+07
       15525.0   1.30800e+07
       15575.0   1.29100e+07
       15625.0   1.27600e+07
       15675.0   1.25800e+07
       15725.0   1.24200e+07
       15775.0   1.22900e+07
       15825.0   1.21400e+07
       15875.0   1.19300e+07
       15925.0   1.18200e+07
       15975.0   1.17200e+07
       16050.0   1.14800e+07
       16150.0   1.11500e+07
       16250.0   1.09600e+07
       16350.0   1.06500e+07
       16450.0   1.03400e+07
       16550.0   1.02000e+07
       16650.0   9.95600e+06
       16750.0   9.67300e+06
       16850.0   9.37200e+06
       16950.0   9.27800e+06
       17050.0   9.04500e+06
       17150.0   8.85800e+06
       17250.0   8.65500e+06
       17350.0   8.29000e+06
       17450.0   8.25500e+06
       17550.0   8.08600e+06
       17650.0   7.90700e+06
       17750.0   7.73200e+06
       17850.0   7.56200e+06
       17950.0   7.39700e+06
       18050.0   7.23600e+06
       18150.0   6.92400e+06
       18250.0   6.90000e+06
       18350.0   6.77900e+06
       18450.0   6.63500e+06
       18550.0   6.49400e+06
       18650.0   6.27400e+06
       18750.0   6.04800e+06
       18850.0   6.09300e+06
       18950.0   5.96900e+06
       19050.0   5.83800e+06
       19150.0   5.72600e+06
       19250.0   5.60900e+06
       19350.0   5.48900e+06
       19450.0   5.23600e+06
       19550.0   5.26800e+06
       19650.0   5.17000e+06
       19750.0   5.06700e+06
       19850.0   4.96700e+06
       19950.0   4.86900e+06
       20050.0   4.77300e+06
       20150.0   4.68000e+06
       20250.0   4.58900e+06
       20350.0   4.50000e+06
       20450.0   4.41300e+06
       20550.0   4.32600e+06
       20650.0   4.24600e+06
       20750.0   4.16500e+06
       20850.0   4.08700e+06
       20950.0   4.01000e+06
       21050.0   3.93500e+06
       21150.0   3.85700e+06
       21250.0   3.79000e+06
       21350.0   3.72000e+06
       21450.0   3.65200e+06
       21550.0   3.58300e+06
       21650.0   3.41300e+06
       21750.0   3.44900e+06
       21850.0   3.39300e+06
       21950.0   3.33300e+06
       22050.0   3.27300e+06
       22150.0   3.21500e+06
       22250.0   3.15800e+06
       22350.0   3.10200e+06
       22450.0   3.04800e+06
       22550.0   2.99400e+06
       22650.0   2.94200e+06
       22750.0   2.89100e+06
       22850.0   2.84500e+06
       22950.0   2.79600e+06
       23050.0   2.74800e+06
       23150.0   2.70100e+06
       23250.0   2.65600e+06
       23350.0   2.61100e+06
       23450.0   2.56700e+06
       23550.0   2.52400e+06
       23650.0   2.48100e+06
       23750.0   2.44000e+06
       23850.0   2.40000e+06
       23950.0   2.36000e+06
       24050.0   2.32100e+06
       24150.0   2.28300e+06
       24250.0   2.24600e+06
       24350.0   2.21000e+06
       24450.0   2.17400e+06
       24550.0   2.13900e+06
       24650.0   2.10500e+06
       24750.0   2.07000e+06
       24850.0   2.03800e+06
       24950.0   2.00500e+06
       25050.0   1.97400e+06
       25150.0   1.94300e+06
       25250.0   1.91000e+06
       25350.0   1.88300e+06
       25450.0   1.85400e+06
       25550.0   1.82500e+06
       25650.0   1.79100e+06
       25750.0   1.76900e+06
       25850.0   1.74200e+06
       25950.0   1.71500e+06
       26050.0   1.68600e+06
       26150.0   1.65200e+06
       26250.0   1.58400e+06
       26350.0   1.61000e+06
       26450.0   1.59000e+06
       26550.0   1.56600e+06
       26650.0   1.54100e+06
       26750.0   1.50800e+06
       26850.0   1.49600e+06
       26950.0   1.47600e+06
       27050.0   1.45400e+06
       27150.0   1.43300e+06
       27250.0   1.41200e+06
       27350.0   1.39200e+06
       27450.0   1.37100e+06
       27550.0   1.33700e+06
       27650.0   1.32600e+06
       27750.0   1.31300e+06
       27850.0   1.29500e+06
       27950.0   1.27600e+06
       28050.0   1.25800e+06
       28150.0   1.24100e+06
       28250.0   1.22300e+06
       28350.0   1.20600e+06
       28450.0   1.18900e+06
       28550.0   1.17300e+06
       28650.0   1.15200e+06
       28750.0   1.12100e+06
       28850.0   1.12400e+06
       28950.0   1.10900e+06
       29050.0   1.09400e+06
       29150.0   1.07900e+06
       29250.0   1.06500e+06
       29350.0   1.05000e+06
       29450.0   1.03600e+06
       29550.0   1.02200e+06
       29650.0   1.00900e+06
       29750.0       995200.
       29850.0       982000.
       29950.0       969000.
       30050.0       956200.
       30150.0       943600.
       30250.0       930600.
       30350.0       902800.
       30450.0       897900.
       30550.0       895200.
       30650.0       883600.
       30750.0       872200.
       30850.0       861000.
       30950.0       850000.
       31050.0       839100.
       31150.0       828400.
       31250.0       817900.
       31350.0       807500.
       31450.0       797300.
       31550.0       787300.
       31650.0       777400.
       31750.0       767600.
       31850.0       758100.
       31950.0       748700.
       32100.0       734800.
       32300.0       716800.
       32500.0       699400.
       32700.0       682400.
       32900.0       654700.
       33100.0       648100.
       33300.0       635000.
       33500.0       620100.
       33700.0       605500.
       33900.0       591400.
       34100.0       577600.
       34300.0       564300.
       34500.0       551300.
       34700.0       538700.
       34900.0       526500.
       35100.0       514600.
       35300.0       503100.
       35500.0       491800.
       35700.0       480900.
       35900.0       470300.
       36100.0       460000.
       36300.0       449900.
       36500.0       440100.
       36700.0       430600.
       36900.0       421300.
       37100.0       412100.
       37300.0       399900.
       37500.0       389400.
       37700.0       386700.
       37900.0       378600.
       38100.0       370600.
       38300.0       363000.
       38500.0       355600.
       38700.0       348200.
       38900.0       341100.
       39100.0       333700.
       39300.0       327500.
       39500.0       320900.
       39700.0       314500.
       39900.0       308200.
       40100.0       301600.
       40300.0       295100.
       40500.0       284700.
       40700.0       284600.
       40900.0       279100.
       41100.0       273700.
       41300.0       268400.
       41500.0       263300.
       41700.0       256700.
       41900.0       253300.
       42100.0       248600.
       42300.0       243900.
       42500.0       239300.
       42700.0       234900.
       42900.0       230400.
       43100.0       226300.
       43300.0       222100.
       43500.0       218100.
       43700.0       212300.
       43900.0       209700.
       44100.0       206400.
       44300.0       202700.
       44500.0       199100.
       44700.0       195600.
       44900.0       192200.
       45100.0       188800.
       45300.0       185400.
       45500.0       182200.
       45700.0       179000.
       45900.0       175900.
       46100.0       172900.
       46300.0       169800.
       46500.0       162700.
       46700.0       161700.
       46900.0       160900.
       47100.0       158600.
       47300.0       155900.
       47500.0       153300.
       47700.0       150800.
       47900.0       148300.
       48100.0       145800.
       48300.0       143400.
       48500.0       141000.
       48700.0       138700.
       48900.0       136500.
       49100.0       134200.
       49300.0       132100.
       49500.0       129900.
       49700.0       127900.
       49900.0       125800.
       50100.0       123800.
       50300.0       121800.
       50500.0       119900.
       50700.0       118000.
       50900.0       116200.
       51100.0       114200.
       51300.0       110500.
       51500.0       110700.
       51700.0       109100.
       51900.0       107500.
       52100.0       105800.
       52300.0       104200.
       52500.0       102600.
       52700.0       101100.
       52900.0       99530.0
       53100.0       98030.0
       53300.0       96570.0
       53500.0       95120.0
       53700.0       93710.0
       53900.0       92320.0
       54100.0       90960.0
       54300.0       89620.0
       54500.0       88310.0
       54700.0       87020.0
       54900.0       85750.0
       55100.0       84510.0
       55300.0       83280.0
       55500.0       82090.0
       55700.0       80910.0
       55900.0       79750.0
       56100.0       78620.0
       56300.0       77500.0
       56500.0       76410.0
       56700.0       75330.0
       56900.0       74270.0
       57100.0       73120.0
       57300.0       72210.0
       57500.0       71210.0
       57700.0       70220.0
       57900.0       69250.0
       58100.0       68300.0
       58300.0       67360.0
       58500.0       66460.0
       58700.0       65550.0
       58900.0       64490.0
       59100.0       62250.0
       59300.0       62800.0
       59500.0       61830.0
       59700.0       61140.0
       59900.0       60430.0
       60100.0       59630.0
       60300.0       58840.0
       60500.0       58060.0
       60700.0       57290.0
       60900.0       56540.0
       61100.0       55800.0
       61300.0       55070.0
       61500.0       54360.0
       61700.0       53650.0
       61900.0       52960.0
       62100.0       52270.0
       62300.0       51600.0
       62500.0       50940.0
       62700.0       50250.0
       62900.0       49280.0
       63100.0       48940.0
       63300.0       48400.0
       63500.0       47790.0
       63700.0       47190.0
       63900.0       46600.0
       64200.0       45730.0
       64600.0       44600.0
       65000.0       43510.0
       65400.0       42450.0
       65800.0       41420.0
       66200.0       40420.0
       66600.0       39450.0
       67000.0       38520.0
       67400.0       37570.0
       67800.0       36460.0
       68200.0       35860.0
       68600.0       35030.0
       69000.0       34220.0
       69400.0       33430.0
       69800.0       32670.0
       70200.0       31920.0
       70600.0       31200.0
       71000.0       30500.0
       71400.0       29820.0
       71800.0       29160.0
       72200.0       28510.0
       72600.0       27880.0
       73000.0       27270.0
       73400.0       26680.0
       73800.0       26100.0
       74200.0       25520.0
       74600.0       24510.0
       75000.0       23870.0
       75400.0       23900.0
       75800.0       23440.0
       76200.0       22950.0
       76600.0       22470.0
       77000.0       22000.0
       77400.0       21550.0
       77800.0       21110.0
       78200.0       20680.0
       78600.0       20260.0
       79000.0       19850.0
       79400.0       19450.0
       79800.0       19060.0
       80200.0       18680.0
       80600.0       18310.0
       81000.0       17950.0
       81400.0       17570.0
       81800.0       17250.0
       82200.0       16910.0
       82600.0       16590.0
       83000.0       16270.0
       83400.0       15950.0
       83800.0       15650.0
       84200.0       15350.0
       84600.0       15060.0
       85000.0       14780.0
       85400.0       14500.0
       85800.0       14230.0
       86200.0       13970.0
       86600.0       13660.0
       87000.0       13450.0
       87400.0       13100.0
       87800.0       12860.0
       88200.0       12730.0
       88600.0       12500.0
       89000.0       12280.0
       89400.0       12060.0
       89800.0       11840.0
       90200.0       11630.0
       90600.0       11430.0
       91000.0       11230.0
       91400.0       11030.0
       91800.0       10840.0
       92200.0       10650.0
       92600.0       10470.0
       93000.0       10290.0
       93400.0       10110.0
       93800.0       9882.00
       94200.0       9753.00
       94600.0       9602.00
       95000.0       9440.00
       95400.0       9282.00
       95800.0       9127.00
       96200.0       8975.00
       96600.0       8826.00
       97000.0       8680.00
       97400.0       8537.00
       97800.0       8398.00
       98200.0       8260.00
       98600.0       8126.00
       99000.0       7995.00
       99400.0       7866.00
       99800.0       7739.00
       100200.       7616.00
       200000.       467.500
       400000.       28.3300
       600000.       5.48800
       800000.       1.71100
   1.00000e+06      0.693000
   1.20000e+06      0.331000
   1.40000e+06      0.177200
   1.60000e+06      0.103100
