       90.9000   4.43700e-13
       93.5000   1.91200e-12
       96.1000   7.59400e-12
       97.7000   1.73300e-11
       99.6000   4.43700e-11
       102.000   1.38700e-10
       103.800   3.16100e-10
       105.600   7.01200e-10
       107.700   1.72100e-09
       110.400   5.20900e-09
       114.000   2.11000e-08
       117.800   8.48400e-08
       121.300   2.84400e-07
       124.800   8.93900e-07
       127.100   1.83700e-06
       128.400   2.73200e-06
       130.500   5.10000e-06
       132.400   8.83500e-06
       133.900   1.35100e-05
       136.600   2.83100e-05
       139.800   6.61100e-05
       143.300   0.000160000
       147.200   0.000405700
       151.000   0.000981800
       155.200    0.00246300
       158.800    0.00522900
       162.000    0.00991100
       166.000     0.0215500
       170.300     0.0474800
       173.400     0.0822900
       176.800      0.147700
       180.200      0.258700
       181.700      0.329600
       186.100      0.656400
       191.000       1.36300
       193.900       2.06900
       198.400       3.85800
       201.800       6.04800
       205.000       9.13600
       210.500       18.0400
       216.200       35.0300
       219.800       52.8100
       223.000       74.8100
       226.800       111.800
       230.000       132500.
       234.000       343800.
       240.000       480200.
       246.500       709000.
       252.400   1.15100e+06
       256.800   1.51700e+06
       260.000   2.23500e+06
       264.000   5.41100e+06
       268.500   8.41200e+06
       273.500   1.03100e+07
       278.500   1.02500e+07
       284.000   2.07300e+07
       290.000   2.77800e+07
       296.000   3.06200e+07
       301.000   5.53800e+07
       308.000   2.13000e+08
       318.000   2.93200e+08
       328.000   4.95900e+08
       338.000   6.76100e+08
       348.000   8.91400e+08
       357.000   2.07900e+09
       366.000   4.52000e+09
       375.000   5.49400e+09
       385.000   5.62000e+09
       395.000   9.75200e+09
       405.000   1.43900e+10
       414.000   1.38100e+10
       422.000   1.40100e+10
       430.000   1.29400e+10
       441.000   1.54300e+10
       451.000   1.56900e+10
       460.000   1.34500e+10
       470.000   1.43900e+10
       480.000   1.66600e+10
       490.000   1.26000e+10
       500.000   1.71300e+10
       506.000   1.64200e+10
       512.000   4.67200e+10
       520.000   4.36000e+10
       530.000   3.85400e+10
       540.000   3.41800e+10
       550.000   3.23500e+10
       560.000   4.48400e+10
       570.000   5.20400e+10
       580.000   4.91600e+10
       590.000   4.99800e+10
       600.000   3.74800e+10
       610.000   4.09700e+10
       620.000   5.34500e+10
       630.000   5.04100e+10
       640.000   5.46800e+10
       650.000   5.12500e+10
       658.000   4.19600e+10
       665.000   5.10100e+10
       675.000   5.68100e+10
       685.000   4.44500e+10
       695.000   5.51000e+10
       705.000   4.23700e+10
       716.000   5.71800e+10
       726.000   5.66600e+10
       735.000   5.71500e+10
       745.000   5.20000e+10
       755.000   5.15600e+10
       765.000   4.77400e+10
       775.000   5.15700e+10
       785.000   4.76500e+10
       795.000   5.16300e+10
       805.000   5.01500e+10
       815.000   5.00200e+10
       825.000   5.10200e+10
       835.000   4.12800e+10
       845.000   4.85600e+10
       855.000   4.69900e+10
       865.000   4.85600e+10
       875.000   4.82200e+10
       885.000   4.76200e+10
       895.000   4.71400e+10
       905.000   4.55400e+10
       915.000   4.05800e+10
       925.000   7.54200e+10
       935.000   1.03300e+11
       945.000   1.13800e+11
       955.000   1.21800e+11
       965.000   1.29200e+11
       975.000   8.68400e+10
       985.000   1.11300e+11
       995.000   1.00800e+11
       1005.00   1.00500e+11
       1015.00   1.04700e+11
       1025.00   9.48800e+10
       1035.00   1.04700e+11
       1045.00   1.10000e+11
       1055.00   1.06300e+11
       1065.00   9.92600e+10
       1075.00   9.87600e+10
       1085.00   9.28300e+10
       1095.00   9.50800e+10
       1105.00   9.17800e+10
       1115.00   8.97200e+10
       1125.00   8.20600e+10
       1135.00   8.70400e+10
       1145.00   8.59200e+10
       1155.00   8.03600e+10
       1165.00   7.75900e+10
       1175.00   6.12600e+10
       1185.00   7.15500e+10
       1195.00   6.91000e+10
       1205.00   6.76700e+10
       1215.00   5.87100e+10
       1225.00   6.40200e+10
       1235.00   6.58900e+10
       1245.00   6.41300e+10
       1255.00   6.36900e+10
       1265.00   6.44900e+10
       1275.00   6.52500e+10
       1285.00   6.45800e+10
       1295.00   6.28100e+10
       1305.00   6.10700e+10
       1315.00   6.19800e+10
       1325.00   6.04800e+10
       1335.00   5.89200e+10
       1345.00   5.88100e+10
       1355.00   5.63000e+10
       1365.00   5.46800e+10
       1375.00   5.28400e+10
       1385.00   5.20100e+10
       1395.00   4.78300e+10
       1405.00   4.61700e+10
       1415.00   5.01400e+10
       1425.00   4.55500e+10
       1435.00   4.75700e+10
       1442.00   4.62100e+10
       1447.00   4.61200e+10
       1455.00   4.42800e+10
       1465.00   4.39300e+10
       1475.00   4.36400e+10
       1485.00   4.36800e+10
       1495.00   4.23100e+10
       1505.00   4.21700e+10
       1512.00   4.17000e+10
       1517.00   4.13400e+10
       1525.00   4.02600e+10
       1535.00   3.65700e+10
       1545.00   3.01100e+10
       1555.00   3.08400e+10
       1565.00   3.41700e+10
       1575.00   3.53500e+10
       1585.00   3.50700e+10
       1595.00   3.47600e+10
       1605.00   3.26600e+10
       1615.00   3.15800e+10
       1625.00   3.18900e+10
       1635.00   3.17900e+10
       1645.00   3.10500e+10
       1655.00   3.16200e+10
       1665.00   3.09800e+10
       1672.00   2.89400e+10
       1677.00   3.22800e+10
       1685.00   3.11900e+10
       1695.00   3.04700e+10
       1705.00   2.98800e+10
       1715.00   2.85800e+10
       1725.00   2.80000e+10
       1735.00   2.87300e+10
       1745.00   2.83400e+10
       1755.00   2.76500e+10
       1765.00   2.73600e+10
       1775.00   2.66700e+10
       1785.00   2.67200e+10
       1795.00   2.59300e+10
       1805.00   2.57000e+10
       1815.00   2.52400e+10
       1825.00   2.47000e+10
       1835.00   2.46500e+10
       1845.00   2.42000e+10
       1855.00   2.40000e+10
       1865.00   2.37000e+10
       1875.00   2.30700e+10
       1885.00   2.25800e+10
       1895.00   2.26000e+10
       1905.00   2.24600e+10
       1915.00   2.20600e+10
       1925.00   2.10000e+10
       1935.00   2.15200e+10
       1945.00   2.13100e+10
       1955.00   2.02300e+10
       1967.00   2.04600e+10
       1976.00   2.02700e+10
       1984.00   2.00700e+10
       1995.00   1.95800e+10
       2005.00   1.96000e+10
       2015.00   1.93100e+10
       2025.00   1.90200e+10
       2035.00   1.86500e+10
       2045.00   1.82900e+10
       2055.00   1.41600e+10
       2065.00   1.37000e+10
       2074.00   1.42200e+10
       2078.00   1.45200e+10
       2085.00   1.58600e+10
       2095.00   1.67800e+10
       2105.00   1.66300e+10
       2115.00   1.66700e+10
       2125.00   1.63100e+10
       2135.00   1.61900e+10
       2145.00   1.59500e+10
       2155.00   1.59100e+10
       2165.00   1.51600e+10
       2175.00   1.55000e+10
       2185.00   1.49600e+10
       2195.00   1.51500e+10
       2205.00   1.49100e+10
       2215.00   1.43300e+10
       2225.00   1.44600e+10
       2235.00   1.42700e+10
       2245.00   1.40200e+10
       2255.00   1.35700e+10
       2265.00   1.36500e+10
       2275.00   1.35000e+10
       2285.00   1.32000e+10
       2295.00   1.25400e+10
       2305.00   1.26100e+10
       2315.00   1.26100e+10
       2325.00   1.25300e+10
       2335.00   1.23600e+10
       2345.00   1.21400e+10
       2355.00   1.19200e+10
       2365.00   1.17400e+10
       2375.00   1.15100e+10
       2385.00   1.10200e+10
       2395.00   1.11200e+10
       2405.00   1.10500e+10
       2415.00   1.09200e+10
       2425.00   1.08500e+10
       2435.00   1.06700e+10
       2445.00   1.05400e+10
       2455.00   1.03600e+10
       2465.00   1.02400e+10
       2475.00   1.01400e+10
       2485.00   9.88900e+09
       2495.00   8.20300e+09
       2505.00   9.58000e+09
       2513.00   9.13800e+09
       2518.00   9.34500e+09
       2525.00   9.42100e+09
       2535.00   9.36000e+09
       2545.00   9.24300e+09
       2555.00   9.10700e+09
       2565.00   9.00000e+09
       2575.00   8.87500e+09
       2585.00   8.76600e+09
       2595.00   8.56900e+09
       2605.00   8.55100e+09
       2615.00   8.38800e+09
       2625.00   8.33200e+09
       2635.00   8.24300e+09
       2645.00   8.10800e+09
       2655.00   8.02600e+09
       2665.00   7.90600e+09
       2675.00   7.72600e+09
       2685.00   7.70700e+09
       2695.00   7.59300e+09
       2705.00   7.54400e+09
       2715.00   7.42200e+09
       2725.00   7.34000e+09
       2735.00   7.10700e+09
       2745.00   7.18300e+09
       2755.00   7.08200e+09
       2765.00   6.98600e+09
       2775.00   6.91600e+09
       2785.00   6.80200e+09
       2795.00   6.66700e+09
       2805.00   6.64600e+09
       2815.00   6.57900e+09
       2825.00   6.49100e+09
       2835.00   6.41700e+09
       2845.00   6.35900e+09
       2855.00   6.27800e+09
       2865.00   6.18000e+09
       2875.00   6.11300e+09
       2885.00   6.04900e+09
       2895.00   5.97800e+09
       2910.00   5.86100e+09
       2930.00   5.74200e+09
       2950.00   5.60100e+09
       2970.00   5.46300e+09
       2990.00   5.31100e+09
       3010.00   5.19100e+09
       3030.00   5.04700e+09
       3050.00   4.95900e+09
       3070.00   4.85200e+09
       3090.00   4.75200e+09
       3110.00   4.65500e+09
       3130.00   4.54800e+09
       3150.00   4.46000e+09
       3170.00   4.35800e+09
       3190.00   4.26800e+09
       3210.00   4.12500e+09
       3230.00   4.08800e+09
       3250.00   4.00800e+09
       3270.00   3.88800e+09
       3290.00   3.82900e+09
       3310.00   3.74500e+09
       3330.00   3.66500e+09
       3350.00   3.56900e+09
       3370.00   3.51000e+09
       3390.00   3.44700e+09
       3410.00   3.37400e+09
       3430.00   3.31400e+09
       3450.00   3.23000e+09
       3470.00   3.18000e+09
       3490.00   3.11700e+09
       3510.00   3.05700e+09
       3530.00   2.99200e+09
       3550.00   2.93200e+09
       3570.00   2.87800e+09
       3590.00   2.81800e+09
       3610.00   2.75700e+09
       3630.00   2.70400e+09
       3640.00   2.64500e+09
       3650.00   2.43400e+09
       3670.00   2.39100e+09
       3690.00   2.35400e+09
       3710.00   2.31700e+09
       3730.00   2.31000e+09
       3750.00   2.33000e+09
       3770.00   2.32000e+09
       3790.00   2.33600e+09
       3810.00   2.34900e+09
       3830.00   2.21400e+09
       3850.00   2.30000e+09
       3870.00   2.25800e+09
       3890.00   2.08900e+09
       3910.00   2.20300e+09
       3930.00   2.14000e+09
       3950.00   2.11100e+09
       3970.00   1.92900e+09
       3990.00   2.04700e+09
       4010.00   2.00700e+09
       4030.00   1.94400e+09
       4050.00   1.94200e+09
       4070.00   1.89600e+09
       4090.00   1.82700e+09
       4110.00   1.72000e+09
       4130.00   1.79800e+09
       4150.00   1.76900e+09
       4170.00   1.74600e+09
       4190.00   1.71300e+09
       4210.00   1.67000e+09
       4230.00   1.66200e+09
       4250.00   1.62900e+09
       4270.00   1.60100e+09
       4290.00   1.57500e+09
       4310.00   1.54300e+09
       4330.00   1.48500e+09
       4350.00   1.41100e+09
       4370.00   1.46900e+09
       4390.00   1.43500e+09
       4410.00   1.41500e+09
       4430.00   1.39900e+09
       4450.00   1.37500e+09
       4470.00   1.34100e+09
       4490.00   1.33200e+09
       4510.00   1.30300e+09
       4530.00   1.28400e+09
       4550.00   1.25100e+09
       4570.00   1.24800e+09
       4590.00   1.22600e+09
       4610.00   1.20800e+09
       4630.00   1.18300e+09
       4650.00   1.13800e+09
       4670.00   1.14800e+09
       4690.00   1.10500e+09
       4710.00   1.11300e+09
       4730.00   1.10400e+09
       4750.00   1.08700e+09
       4770.00   1.07100e+09
       4790.00   1.05400e+09
       4810.00   1.03800e+09
       4830.00   1.02100e+09
       4850.00   9.91400e+08
       4870.00   9.27800e+08
       4890.00   9.75100e+08
       4910.00   9.60600e+08
       4930.00   9.40900e+08
       4950.00   9.32100e+08
       4970.00   9.19700e+08
       4990.00   9.06400e+08
       5010.00   8.87600e+08
       5030.00   8.78600e+08
       5050.00   8.65100e+08
       5070.00   8.54200e+08
       5090.00   8.41900e+08
       5110.00   8.29800e+08
       5130.00   8.17600e+08
       5150.00   8.05700e+08
       5170.00   7.94300e+08
       5190.00   7.83000e+08
       5210.00   7.72000e+08
       5230.00   7.61200e+08
       5250.00   7.49100e+08
       5270.00   7.38400e+08
       5290.00   7.29500e+08
       5310.00   7.19300e+08
       5330.00   7.09200e+08
       5350.00   6.99500e+08
       5370.00   6.89800e+08
       5390.00   6.80200e+08
       5410.00   6.62100e+08
       5430.00   6.61900e+08
       5450.00   6.52800e+08
       5470.00   6.43800e+08
       5490.00   6.35200e+08
       5510.00   6.26000e+08
       5530.00   6.18200e+08
       5550.00   6.09900e+08
       5570.00   6.01300e+08
       5590.00   5.91900e+08
       5610.00   5.85900e+08
       5630.00   5.78100e+08
       5650.00   5.70400e+08
       5670.00   5.62800e+08
       5690.00   5.47700e+08
       5710.00   5.20100e+08
       5730.00   5.13500e+08
       5750.00   5.06900e+08
       5770.00   5.00900e+08
       5790.00   4.95000e+08
       5810.00   4.88000e+08
       5830.00   4.84600e+08
       5850.00   4.81100e+08
       5870.00   4.71500e+08
       5890.00   4.73200e+08
       5910.00   4.69800e+08
       5930.00   4.66700e+08
       5950.00   4.64100e+08
       5970.00   4.61100e+08
       5990.00   4.57300e+08
       6010.00   4.52400e+08
       6030.00   4.46700e+08
       6050.00   4.41500e+08
       6070.00   4.35700e+08
       6090.00   4.30900e+08
       6110.00   4.25100e+08
       6130.00   4.20000e+08
       6150.00   4.15200e+08
       6170.00   4.09000e+08
       6190.00   4.05500e+08
       6210.00   4.00600e+08
       6230.00   3.94400e+08
       6250.00   3.90800e+08
       6270.00   3.86300e+08
       6290.00   3.81700e+08
       6310.00   3.75300e+08
       6330.00   3.72700e+08
       6350.00   3.68200e+08
       6370.00   3.63900e+08
       6390.00   3.59600e+08
       6410.00   3.53300e+08
       6430.00   3.51300e+08
       6450.00   3.46900e+08
       6470.00   3.42800e+08
       6490.00   3.39000e+08
       6510.00   3.35000e+08
       6530.00   3.28600e+08
       6550.00   3.24400e+08
       6570.00   3.01200e+08
       6590.00   3.19600e+08
       6610.00   3.16300e+08
       6630.00   3.12800e+08
       6650.00   3.09200e+08
       6670.00   3.03800e+08
       6690.00   2.98400e+08
       6710.00   2.98300e+08
       6730.00   2.95100e+08
       6750.00   2.91800e+08
       6770.00   2.88900e+08
       6790.00   2.85700e+08
       6810.00   2.82600e+08
       6830.00   2.79400e+08
       6850.00   2.76300e+08
       6870.00   2.73200e+08
       6890.00   2.67800e+08
       6910.00   2.67200e+08
       6930.00   2.64400e+08
       6950.00   2.61500e+08
       6970.00   2.58700e+08
       6990.00   2.55900e+08
       7010.00   2.53000e+08
       7030.00   2.49900e+08
       7050.00   2.47500e+08
       7070.00   2.43000e+08
       7090.00   2.42400e+08
       7110.00   2.39800e+08
       7130.00   2.37200e+08
       7150.00   2.34800e+08
       7170.00   2.30800e+08
       7190.00   2.29100e+08
       7210.00   2.27400e+08
       7230.00   2.24900e+08
       7250.00   2.22600e+08
       7270.00   2.20300e+08
       7290.00   2.17300e+08
       7310.00   2.15700e+08
       7330.00   2.13500e+08
       7350.00   2.11300e+08
       7370.00   2.09100e+08
       7390.00   2.07000e+08
       7410.00   2.04800e+08
       7430.00   2.02800e+08
       7450.00   2.00600e+08
       7470.00   1.98600e+08
       7490.00   1.96200e+08
       7510.00   1.94600e+08
       7530.00   1.92700e+08
       7550.00   1.90700e+08
       7570.00   1.88800e+08
       7590.00   1.85000e+08
       7610.00   1.84900e+08
       7630.00   1.83100e+08
       7650.00   1.81400e+08
       7670.00   1.79600e+08
       7690.00   1.77500e+08
       7710.00   1.75900e+08
       7730.00   1.74000e+08
       7750.00   1.72500e+08
       7770.00   1.70900e+08
       7790.00   1.69200e+08
       7810.00   1.67600e+08
       7830.00   1.65900e+08
       7850.00   1.64100e+08
       7870.00   1.62700e+08
       7890.00   1.61100e+08
       7910.00   1.59700e+08
       7930.00   1.58100e+08
       7950.00   1.56600e+08
       7970.00   1.55000e+08
       7990.00   1.53600e+08
       8010.00   1.52200e+08
       8030.00   1.50600e+08
       8050.00   1.49300e+08
       8070.00   1.47900e+08
       8090.00   1.46400e+08
       8110.00   1.45000e+08
       8130.00   1.43700e+08
       8150.00   1.42300e+08
       8170.00   1.41000e+08
       8190.00   1.39200e+08
       8210.00   1.34200e+08
       8230.00   1.32300e+08
       8250.00   1.31700e+08
       8270.00   1.30500e+08
       8290.00   1.29400e+08
       8310.00   1.28300e+08
       8330.00   1.26900e+08
       8350.00   1.25700e+08
       8370.00   1.24800e+08
       8390.00   1.23800e+08
       8410.00   1.22800e+08
       8430.00   1.21800e+08
       8450.00   1.20600e+08
       8470.00   1.19800e+08
       8490.00   1.18800e+08
       8510.00   1.17500e+08
       8530.00   1.17100e+08
       8550.00   1.15600e+08
       8570.00   1.15500e+08
       8590.00   1.13700e+08
       8610.00   1.12900e+08
       8630.00   1.13200e+08
       8650.00   1.11900e+08
       8670.00   1.08800e+08
       8690.00   1.10900e+08
       8710.00   1.10400e+08
       8730.00   1.09000e+08
       8750.00   1.04200e+08
       8770.00   1.06900e+08
       8790.00   1.07300e+08
       8810.00   1.06500e+08
       8830.00   1.05600e+08
       8850.00   1.02700e+08
       8870.00   9.83200e+07
       8890.00   1.02600e+08
       8910.00   1.02200e+08
       8930.00   1.01200e+08
       8950.00   1.00500e+08
       8970.00   9.96800e+07
       8990.00   9.81600e+07
       9010.00   9.24500e+07
       9030.00   9.44800e+07
       9050.00   9.61000e+07
       9070.00   9.52400e+07
       9090.00   9.46500e+07
       9110.00   9.37900e+07
       9130.00   9.31700e+07
       9150.00   9.24000e+07
       9170.00   9.15400e+07
       9190.00   9.07200e+07
       9210.00   8.88100e+07
       9230.00   8.28500e+07
       9250.00   8.73800e+07
       9270.00   8.77000e+07
       9290.00   8.70900e+07
       9310.00   8.62900e+07
       9330.00   8.56600e+07
       9350.00   8.37400e+07
       9370.00   8.39400e+07
       9390.00   8.35700e+07
       9410.00   8.28300e+07
       9430.00   8.21800e+07
       9450.00   8.15500e+07
       9470.00   8.07600e+07
       9490.00   8.02100e+07
       9510.00   7.91500e+07
       9530.00   7.75200e+07
       9550.00   7.24000e+07
       9570.00   7.69200e+07
       9590.00   7.69600e+07
       9610.00   7.63600e+07
       9630.00   7.56700e+07
       9650.00   7.52100e+07
       9670.00   7.46200e+07
       9690.00   7.40100e+07
       9710.00   7.25100e+07
       9730.00   7.27200e+07
       9750.00   7.22400e+07
       9770.00   7.13800e+07
       9790.00   7.11300e+07
       9810.00   7.05700e+07
       9830.00   7.00000e+07
       9850.00   6.94700e+07
       9870.00   6.89300e+07
       9890.00   6.83700e+07
       9910.00   6.78100e+07
       9930.00   6.73200e+07
       9950.00   6.68100e+07
       9970.00   6.62800e+07
       9990.00   6.57700e+07
       10025.0   6.37400e+07
       10075.0   6.19200e+07
       10125.0   6.16000e+07
       10175.0   6.12500e+07
       10225.0   6.00900e+07
       10275.0   5.89500e+07
       10325.0   5.77500e+07
       10375.0   5.67900e+07
       10425.0   5.55800e+07
       10475.0   5.47200e+07
       10525.0   5.37100e+07
       10575.0   5.27400e+07
       10625.0   5.17800e+07
       10675.0   5.08200e+07
       10725.0   4.99300e+07
       10775.0   4.90300e+07
       10825.0   4.78800e+07
       10875.0   4.72900e+07
       10925.0   4.45800e+07
       10975.0   4.53100e+07
       11025.0   4.47800e+07
       11075.0   4.40600e+07
       11125.0   4.33000e+07
       11175.0   4.25600e+07
       11225.0   4.18200e+07
       11275.0   4.11100e+07
       11325.0   4.04000e+07
       11375.0   3.97200e+07
       11425.0   3.90500e+07
       11475.0   3.83900e+07
       11525.0   3.77400e+07
       11575.0   3.71000e+07
       11625.0   3.62500e+07
       11675.0   3.57300e+07
       11725.0   3.52900e+07
       11775.0   3.47100e+07
       11825.0   3.41300e+07
       11875.0   3.35800e+07
       11925.0   3.30400e+07
       11975.0   3.23400e+07
       12025.0   3.19800e+07
       12075.0   3.14600e+07
       12125.0   3.09500e+07
       12175.0   3.04700e+07
       12225.0   2.99900e+07
       12275.0   2.95100e+07
       12325.0   2.90500e+07
       12375.0   2.85900e+07
       12425.0   2.81400e+07
       12475.0   2.77000e+07
       12525.0   2.72500e+07
       12575.0   2.68500e+07
       12625.0   2.64400e+07
       12675.0   2.60400e+07
       12725.0   2.56400e+07
       12775.0   2.50600e+07
       12825.0   2.38100e+07
       12875.0   2.44600e+07
       12925.0   2.41200e+07
       12975.0   2.37000e+07
       13025.0   2.34000e+07
       13075.0   2.30500e+07
       13125.0   2.27100e+07
       13175.0   2.23800e+07
       13225.0   2.20500e+07
       13275.0   2.17200e+07
       13325.0   2.14100e+07
       13375.0   2.10900e+07
       13425.0   2.07800e+07
       13475.0   2.04900e+07
       13525.0   2.01900e+07
       13575.0   1.99000e+07
       13625.0   1.96200e+07
       13675.0   1.93400e+07
       13725.0   1.90600e+07
       13775.0   1.87900e+07
       13825.0   1.85300e+07
       13875.0   1.82700e+07
       13925.0   1.80100e+07
       13975.0   1.77600e+07
       14025.0   1.75100e+07
       14075.0   1.72700e+07
       14125.0   1.70300e+07
       14175.0   1.68000e+07
       14225.0   1.65700e+07
       14275.0   1.63400e+07
       14325.0   1.61200e+07
       14375.0   1.59000e+07
       14425.0   1.56800e+07
       14475.0   1.54700e+07
       14525.0   1.52700e+07
       14570.0   1.50800e+07
       14620.0   1.48800e+07
       14675.0   1.46600e+07
       14725.0   1.44700e+07
       14775.0   1.42000e+07
       14825.0   1.40900e+07
       14875.0   1.39100e+07
       14925.0   1.37200e+07
       14975.0   1.35400e+07
       15025.0   1.33700e+07
       15075.0   1.31900e+07
       15125.0   1.30200e+07
       15175.0   1.28600e+07
       15225.0   1.26900e+07
       15275.0   1.25300e+07
       15325.0   1.23600e+07
       15375.0   1.22100e+07
       15425.0   1.20500e+07
       15475.0   1.19000e+07
       15525.0   1.17500e+07
       15575.0   1.15800e+07
       15625.0   1.14700e+07
       15675.0   1.13000e+07
       15725.0   1.11400e+07
       15775.0   1.10500e+07
       15825.0   1.09100e+07
       15875.0   1.06800e+07
       15925.0   1.06300e+07
       15975.0   1.05400e+07
       16050.0   1.03200e+07
       16150.0   1.00000e+07
       16250.0   9.85800e+06
       16350.0   9.58400e+06
       16450.0   9.27300e+06
       16550.0   9.17200e+06
       16650.0   8.95600e+06
       16750.0   8.70700e+06
       16850.0   8.41500e+06
       16950.0   8.34800e+06
       17050.0   8.13500e+06
       17150.0   7.97000e+06
       17250.0   7.79000e+06
       17350.0   7.45200e+06
       17450.0   7.43300e+06
       17550.0   7.27700e+06
       17650.0   7.11600e+06
       17750.0   6.95900e+06
       17850.0   6.80600e+06
       17950.0   6.65800e+06
       18050.0   6.51300e+06
       18150.0   6.23300e+06
       18250.0   6.21800e+06
       18350.0   6.10300e+06
       18450.0   5.97300e+06
       18550.0   5.84500e+06
       18650.0   5.66400e+06
       18750.0   5.45800e+06
       18850.0   5.48700e+06
       18950.0   5.37400e+06
       19050.0   5.25400e+06
       19150.0   5.15600e+06
       19250.0   5.05100e+06
       19350.0   4.94600e+06
       19450.0   4.72100e+06
       19550.0   4.74600e+06
       19650.0   4.65600e+06
       19750.0   4.56300e+06
       19850.0   4.47300e+06
       19950.0   4.38500e+06
       20050.0   4.29900e+06
       20150.0   4.21500e+06
       20250.0   4.13400e+06
       20350.0   4.05400e+06
       20450.0   3.97500e+06
       20550.0   3.89600e+06
       20650.0   3.82500e+06
       20750.0   3.75300e+06
       20850.0   3.68200e+06
       20950.0   3.61300e+06
       21050.0   3.54600e+06
       21150.0   3.47300e+06
       21250.0   3.41500e+06
       21350.0   3.35200e+06
       21450.0   3.29000e+06
       21550.0   3.22900e+06
       21650.0   3.08100e+06
       21750.0   3.11100e+06
       21850.0   3.05800e+06
       21950.0   3.00300e+06
       22050.0   2.95000e+06
       22150.0   2.89700e+06
       22250.0   2.84600e+06
       22350.0   2.79600e+06
       22450.0   2.74700e+06
       22550.0   2.69900e+06
       22650.0   2.65200e+06
       22750.0   2.60600e+06
       22850.0   2.56500e+06
       22950.0   2.52100e+06
       23050.0   2.47800e+06
       23150.0   2.43600e+06
       23250.0   2.39500e+06
       23350.0   2.35400e+06
       23450.0   2.31500e+06
       23550.0   2.27600e+06
       23650.0   2.23800e+06
       23750.0   2.20100e+06
       23850.0   2.16400e+06
       23950.0   2.12900e+06
       24050.0   2.09300e+06
       24150.0   2.05900e+06
       24250.0   2.02500e+06
       24350.0   1.99300e+06
       24450.0   1.96000e+06
       24550.0   1.92900e+06
       24650.0   1.89700e+06
       24750.0   1.86500e+06
       24850.0   1.83800e+06
       24950.0   1.80500e+06
       25050.0   1.78100e+06
       25150.0   1.75300e+06
       25250.0   1.72000e+06
       25350.0   1.69800e+06
       25450.0   1.67200e+06
       25550.0   1.64500e+06
       25650.0   1.61300e+06
       25750.0   1.59600e+06
       25850.0   1.57200e+06
       25950.0   1.54800e+06
       26050.0   1.52100e+06
       26150.0   1.48700e+06
       26250.0   1.43300e+06
       26350.0   1.45400e+06
       26450.0   1.43500e+06
       26550.0   1.41300e+06
       26650.0   1.39100e+06
       26750.0   1.35500e+06
       26850.0   1.34900e+06
       26950.0   1.33200e+06
       27050.0   1.31200e+06
       27150.0   1.29300e+06
       27250.0   1.27400e+06
       27350.0   1.25600e+06
       27450.0   1.23700e+06
       27550.0   1.20200e+06
       27650.0   1.19600e+06
       27750.0   1.18500e+06
       27850.0   1.16800e+06
       27950.0   1.15200e+06
       28050.0   1.13600e+06
       28150.0   1.12000e+06
       28250.0   1.10400e+06
       28350.0   1.08900e+06
       28450.0   1.07300e+06
       28550.0   1.05800e+06
       28650.0   1.04000e+06
       28750.0   1.00900e+06
       28850.0   1.01500e+06
       28950.0   1.00100e+06
       29050.0       987800.
       29150.0       974300.
       29250.0       961100.
       29350.0       948100.
       29450.0       935400.
       29550.0       922800.
       29650.0       910500.
       29750.0       898400.
       29850.0       886400.
       29950.0       874700.
       30050.0       863200.
       30150.0       851800.
       30250.0       840600.
       30350.0       813800.
       30450.0       811200.
       30550.0       808200.
       30650.0       797800.
       30750.0       787500.
       30850.0       777300.
       30950.0       767400.
       31050.0       757600.
       31150.0       747900.
       31250.0       738400.
       31350.0       729100.
       31450.0       719900.
       31550.0       710800.
       31650.0       701900.
       31750.0       693200.
       31850.0       684500.
       31950.0       676000.
       32100.0       663500.
       32300.0       647300.
       32500.0       631500.
       32700.0       616200.
       32900.0       591300.
       33100.0       585700.
       33300.0       573500.
       33500.0       560100.
       33700.0       546900.
       33900.0       534200.
       34100.0       521800.
       34300.0       509700.
       34500.0       498000.
       34700.0       486700.
       34900.0       475600.
       35100.0       464900.
       35300.0       454500.
       35500.0       444300.
       35700.0       434500.
       35900.0       424900.
       36100.0       415600.
       36300.0       406500.
       36500.0       397700.
       36700.0       389100.
       36900.0       380700.
       37100.0       372300.
       37300.0       361700.
       37500.0       352000.
       37700.0       349400.
       37900.0       342100.
       38100.0       334700.
       38300.0       327800.
       38500.0       321300.
       38700.0       314700.
       38900.0       308300.
       39100.0       301100.
       39300.0       296000.
       39500.0       290000.
       39700.0       284200.
       39900.0       278600.
       40100.0       272400.
       40300.0       266400.
       40500.0       257800.
       40700.0       257300.
       40900.0       252300.
       41100.0       247400.
       41300.0       242600.
       41500.0       238000.
       41700.0       231500.
       41900.0       229000.
       42100.0       224800.
       42300.0       220500.
       42500.0       216300.
       42700.0       212400.
       42900.0       208300.
       43100.0       204600.
       43300.0       200800.
       43500.0       197200.
       43700.0       191600.
       43900.0       189600.
       44100.0       186600.
       44300.0       183300.
       44500.0       180000.
       44700.0       176900.
       44900.0       173800.
       45100.0       170700.
       45300.0       167700.
       45500.0       164800.
       45700.0       161900.
       45900.0       159100.
       46100.0       156300.
       46300.0       153700.
       46500.0       147500.
       46700.0       146000.
       46900.0       145600.
       47100.0       143500.
       47300.0       141100.
       47500.0       138700.
       47700.0       136400.
       47900.0       134100.
       48100.0       131900.
       48300.0       129700.
       48500.0       127600.
       48700.0       125500.
       48900.0       123500.
       49100.0       121400.
       49300.0       119500.
       49500.0       117600.
       49700.0       115700.
       49900.0       113800.
       50100.0       112000.
       50300.0       110200.
       50500.0       108500.
       50700.0       106800.
       50900.0       105100.
       51100.0       103400.
       51300.0       99920.0
       51500.0       100200.
       51700.0       98750.0
       51900.0       97230.0
       52100.0       95750.0
       52300.0       94290.0
       52500.0       92850.0
       52700.0       91450.0
       52900.0       90070.0
       53100.0       88720.0
       53300.0       87390.0
       53500.0       86080.0
       53700.0       84790.0
       53900.0       83530.0
       54100.0       82320.0
       54300.0       81110.0
       54500.0       79920.0
       54700.0       78750.0
       54900.0       77610.0
       55100.0       76480.0
       55300.0       75260.0
       55500.0       74290.0
       55700.0       73230.0
       55900.0       72180.0
       56100.0       71160.0
       56300.0       70150.0
       56500.0       69160.0
       56700.0       68180.0
       56900.0       67220.0
       57100.0       66060.0
       57300.0       65360.0
       57500.0       64450.0
       57700.0       63560.0
       57900.0       62680.0
       58100.0       61820.0
       58300.0       60970.0
       58500.0       60160.0
       58700.0       59340.0
       58900.0       58430.0
       59100.0       56380.0
       59300.0       56910.0
       59500.0       55880.0
       59700.0       55330.0
       59900.0       54710.0
       60100.0       53980.0
       60300.0       53260.0
       60500.0       52560.0
       60700.0       51870.0
       60900.0       51190.0
       61100.0       50520.0
       61300.0       49860.0
       61500.0       49210.0
       61700.0       48570.0
       61900.0       47950.0
       62100.0       47330.0
       62300.0       46720.0
       62500.0       46120.0
       62700.0       45500.0
       62900.0       44480.0
       63100.0       44320.0
       63300.0       43830.0
       63500.0       43270.0
       63700.0       42730.0
       63900.0       42200.0
       64200.0       41410.0
       64600.0       40390.0
       65000.0       39400.0
       65400.0       38440.0
       65800.0       37510.0
       66200.0       36610.0
       66600.0       35730.0
       67000.0       34880.0
       67400.0       34030.0
       67800.0       32970.0
       68200.0       32480.0
       68600.0       31720.0
       69000.0       30990.0
       69400.0       30280.0
       69800.0       29590.0
       70200.0       28910.0
       70600.0       28260.0
       71000.0       27630.0
       71400.0       27010.0
       71800.0       26410.0
       72200.0       25820.0
       72600.0       25260.0
       73000.0       24700.0
       73400.0       24170.0
       73800.0       23640.0
       74200.0       23110.0
       74600.0       22260.0
       75000.0       21630.0
       75400.0       21660.0
       75800.0       21230.0
       76200.0       20790.0
       76600.0       20350.0
       77000.0       19930.0
       77400.0       19520.0
       77800.0       19100.0
       78200.0       18730.0
       78600.0       18350.0
       79000.0       17980.0
       79400.0       17620.0
       79800.0       17260.0
       80200.0       16920.0
       80600.0       16580.0
       81000.0       16260.0
       81400.0       15910.0
       81800.0       15620.0
       82200.0       15320.0
       82600.0       15030.0
       83000.0       14740.0
       83400.0       14450.0
       83800.0       14180.0
       84200.0       13910.0
       84600.0       13650.0
       85000.0       13390.0
       85400.0       13140.0
       85800.0       12890.0
       86200.0       12660.0
       86600.0       12360.0
       87000.0       12190.0
       87400.0       11880.0
       87800.0       11660.0
       88200.0       11540.0
       88600.0       11330.0
       89000.0       11130.0
       89400.0       10930.0
       89800.0       10730.0
       90200.0       10540.0
       90600.0       10360.0
       91000.0       10170.0
       91400.0       9996.00
       91800.0       9822.00
       92200.0       9651.00
       92600.0       9485.00
       93000.0       9321.00
       93400.0       9161.00
       93800.0       8938.00
       94200.0       8837.00
       94600.0       8702.00
       95000.0       8556.00
       95400.0       8412.00
       95800.0       8271.00
       96200.0       8133.00
       96600.0       7999.00
       97000.0       7866.00
       97400.0       7737.00
       97800.0       7610.00
       98200.0       7486.00
       98600.0       7365.00
       99000.0       7246.00
       99400.0       7129.00
       99800.0       7014.00
       100200.       6902.00
       200000.       424.100
       400000.       25.7100
       600000.       4.98300
       800000.       1.55400
   1.00000e+06      0.629600
   1.20000e+06      0.300800
   1.40000e+06      0.161100
   1.60000e+06     0.0937900
