       90.9000       0.00000
       93.5000       0.00000
       96.1000       0.00000
       97.7000       0.00000
       99.6000       0.00000
       102.000       0.00000
       103.800       0.00000
       105.600       0.00000
       107.700       0.00000
       110.400       0.00000
       114.000       0.00000
       117.800       0.00000
       121.300       0.00000
       124.800       0.00000
       127.100       0.00000
       128.400       0.00000
       130.500       0.00000
       132.400       0.00000
       133.900       0.00000
       136.600       0.00000
       139.800   2.44000e-23
       143.300   4.45300e-22
       147.200   3.50000e-21
       151.000   2.27800e-20
       155.200   1.62000e-19
       158.800   8.01700e-19
       162.000   3.13500e-18
       166.000   1.60500e-17
       170.300   8.52100e-17
       173.400   2.70500e-16
       176.800   9.16200e-16
       180.200   2.96800e-15
       181.700   4.91700e-15
       186.100   2.06900e-14
       191.000   9.50000e-14
       193.900   2.25700e-13
       198.400   8.23800e-13
       201.800   2.11500e-12
       205.000   5.00400e-12
       210.500   2.06600e-11
       216.200   8.34900e-11
       219.800   1.94600e-10
       223.000   4.03200e-10
       226.800   9.34300e-10
       230.000   4.41300e-09
       234.000   1.15100e-08
       240.000   3.76600e-08
       246.500   1.26200e-07
       252.400   3.59700e-07
       256.800   7.48600e-07
       260.000   1.29000e-06
       264.000   2.45100e-06
       268.500   4.92100e-06
       273.500   1.03800e-05
       278.500   2.13900e-05
       284.000   4.60700e-05
       290.000   0.000102400
       296.000   0.000220000
       301.000   0.000406900
       308.000   0.000921600
       318.000    0.00284900
       328.000    0.00805400
       338.000     0.0216300
       348.000     0.0544800
       357.000      0.121000
       366.000      0.256500
       375.000      0.517300
       385.000       1.09000
       395.000       2.20100
       405.000       4.29100
       414.000       7.61200
       422.000       12.3400
       430.000       19.6200
       441.000       36.3200
       451.000       61.7100
       460.000       97.0700
       470.000       157.600
       480.000       249.700
       490.000       388.600
       500.000       592.500
       506.000       4959.00
       512.000       27530.0
       520.000       35690.0
       530.000       51790.0
       540.000       61040.0
       550.000       93470.0
       560.000       117600.
       570.000       155700.
       580.000       163600.
       590.000       231100.
       600.000       298500.
       610.000       380900.
       620.000       454200.
       630.000       549700.
       640.000       621300.
       650.000       662600.
       658.000       883000.
       665.000       980500.
       675.000   1.12200e+06
       685.000   1.29200e+06
       695.000   1.57600e+06
       705.000   1.78900e+06
       716.000   2.09300e+06
       726.000   2.36200e+06
       735.000   2.63000e+06
       745.000   3.06500e+06
       755.000   3.48400e+06
       765.000   3.94100e+06
       775.000   4.45400e+06
       785.000   5.00400e+06
       795.000   5.49600e+06
       805.000   6.07700e+06
       815.000   6.65000e+06
       825.000   7.45900e+06
       835.000   7.86800e+06
       845.000   8.75100e+06
       855.000   9.57100e+06
       865.000   1.05400e+07
       875.000   1.16300e+07
       885.000   1.28600e+07
       895.000   1.39500e+07
       905.000   1.44900e+07
       915.000   2.59200e+07
       925.000   1.26500e+08
       935.000   4.00500e+08
       945.000   1.46500e+09
       955.000   2.98900e+09
       965.000   4.03000e+09
       975.000   6.31700e+08
       985.000   4.71100e+09
       995.000   4.78100e+09
       1005.00   5.92200e+09
       1015.00   5.31900e+09
       1025.00   1.10900e+09
       1035.00   3.22800e+09
       1045.00   7.34000e+09
       1055.00   7.14900e+09
       1065.00   5.61100e+09
       1075.00   6.94700e+09
       1085.00   6.00600e+09
       1095.00   7.05200e+09
       1105.00   6.10000e+09
       1115.00   5.73300e+09
       1125.00   5.32300e+09
       1135.00   6.88000e+09
       1145.00   5.97500e+09
       1155.00   6.38700e+09
       1165.00   6.67000e+09
       1175.00   4.81000e+09
       1185.00   6.72200e+09
       1195.00   4.56200e+09
       1205.00   2.47800e+09
       1215.00   9.98700e+08
       1225.00   3.80200e+09
       1235.00   6.29700e+09
       1245.00   6.65700e+09
       1255.00   6.48800e+09
       1265.00   5.89600e+09
       1275.00   6.39100e+09
       1285.00   6.58300e+09
       1295.00   4.19400e+09
       1305.00   3.91500e+09
       1315.00   6.17000e+09
       1325.00   5.79500e+09
       1335.00   5.04900e+09
       1345.00   5.92800e+09
       1355.00   5.71400e+09
       1365.00   5.06100e+09
       1375.00   5.14000e+09
       1385.00   5.20700e+09
       1395.00   4.49000e+09
       1405.00   4.73800e+09
       1415.00   4.65100e+09
       1425.00   4.77700e+09
       1435.00   4.79300e+09
       1442.00   4.98900e+09
       1447.00   4.90900e+09
       1455.00   4.78700e+09
       1465.00   4.44800e+09
       1475.00   4.44000e+09
       1485.00   4.35800e+09
       1495.00   4.34100e+09
       1505.00   4.01500e+09
       1512.00   3.59200e+09
       1517.00   3.78200e+09
       1525.00   3.86800e+09
       1535.00   3.43700e+09
       1545.00   3.52900e+09
       1555.00   3.34700e+09
       1565.00   3.43200e+09
       1575.00   3.62100e+09
       1585.00   3.65200e+09
       1595.00   3.68000e+09
       1605.00   3.62500e+09
       1615.00   3.62300e+09
       1625.00   3.45800e+09
       1635.00   3.63500e+09
       1645.00   3.61000e+09
       1655.00   3.38400e+09
       1665.00   3.64600e+09
       1672.00   3.48600e+09
       1677.00   3.57200e+09
       1685.00   3.62300e+09
       1695.00   3.41700e+09
       1705.00   3.25200e+09
       1715.00   3.05800e+09
       1725.00   3.02400e+09
       1735.00   3.18200e+09
       1745.00   3.05700e+09
       1755.00   3.16500e+09
       1765.00   2.94600e+09
       1775.00   2.93700e+09
       1785.00   2.97300e+09
       1795.00   3.09500e+09
       1805.00   3.09500e+09
       1815.00   2.78100e+09
       1825.00   2.89800e+09
       1835.00   2.75900e+09
       1845.00   2.54400e+09
       1855.00   2.44800e+09
       1865.00   2.50600e+09
       1875.00   2.73500e+09
       1885.00   2.45200e+09
       1895.00   2.29300e+09
       1905.00   2.49300e+09
       1915.00   2.32800e+09
       1925.00   2.25900e+09
       1935.00   2.36300e+09
       1945.00   2.39500e+09
       1955.00   2.20100e+09
       1967.00   2.39600e+09
       1976.00   2.48100e+09
       1984.00   2.30100e+09
       1995.00   2.23900e+09
       2005.00   2.31500e+09
       2015.00   2.23200e+09
       2025.00   2.36200e+09
       2035.00   2.16500e+09
       2045.00   2.20600e+09
       2055.00   2.12100e+09
       2065.00   2.14800e+09
       2074.00   2.25000e+09
       2078.00   2.06300e+09
       2085.00   2.15900e+09
       2095.00   2.03100e+09
       2105.00   2.07700e+09
       2115.00   2.07600e+09
       2125.00   2.10700e+09
       2135.00   2.03200e+09
       2145.00   1.96800e+09
       2155.00   2.04100e+09
       2165.00   2.00400e+09
       2175.00   1.98000e+09
       2185.00   1.91700e+09
       2195.00   1.95700e+09
       2205.00   1.91400e+09
       2215.00   1.86500e+09
       2225.00   1.79800e+09
       2235.00   1.84500e+09
       2245.00   1.82000e+09
       2255.00   1.74800e+09
       2265.00   1.78500e+09
       2275.00   1.78300e+09
       2285.00   1.78900e+09
       2295.00   1.70900e+09
       2305.00   1.70200e+09
       2315.00   1.64500e+09
       2325.00   1.62400e+09
       2335.00   1.55700e+09
       2345.00   1.53700e+09
       2355.00   1.55900e+09
       2365.00   1.51100e+09
       2375.00   1.51400e+09
       2385.00   1.46600e+09
       2395.00   1.50900e+09
       2405.00   1.44800e+09
       2415.00   1.45700e+09
       2425.00   1.46900e+09
       2435.00   1.40800e+09
       2445.00   1.43700e+09
       2455.00   1.42500e+09
       2465.00   1.39900e+09
       2475.00   1.36900e+09
       2485.00   1.39500e+09
       2495.00   1.34300e+09
       2505.00   1.37600e+09
       2513.00   1.30500e+09
       2518.00   1.34900e+09
       2525.00   1.29900e+09
       2535.00   1.28700e+09
       2545.00   1.25400e+09
       2555.00   1.28700e+09
       2565.00   1.26700e+09
       2575.00   1.29000e+09
       2585.00   1.28400e+09
       2595.00   1.27500e+09
       2605.00   1.25300e+09
       2615.00   1.24200e+09
       2625.00   1.23200e+09
       2635.00   1.22700e+09
       2645.00   1.24300e+09
       2655.00   1.23300e+09
       2665.00   1.19300e+09
       2675.00   1.20400e+09
       2685.00   1.19300e+09
       2695.00   1.16400e+09
       2705.00   1.16100e+09
       2715.00   1.14100e+09
       2725.00   1.12500e+09
       2735.00   1.13700e+09
       2745.00   1.08400e+09
       2755.00   1.08000e+09
       2765.00   1.08100e+09
       2775.00   1.09400e+09
       2785.00   1.08100e+09
       2795.00   1.03600e+09
       2805.00   1.05600e+09
       2815.00   1.05900e+09
       2825.00   1.04100e+09
       2835.00   1.00100e+09
       2845.00   1.00100e+09
       2855.00   1.00100e+09
       2865.00   1.01000e+09
       2875.00   9.92500e+08
       2885.00   9.87000e+08
       2895.00   9.78600e+08
       2910.00   9.70100e+08
       2930.00   9.46600e+08
       2950.00   9.23600e+08
       2970.00   9.14900e+08
       2990.00   8.94900e+08
       3010.00   8.82400e+08
       3030.00   8.73000e+08
       3050.00   8.55300e+08
       3070.00   8.39700e+08
       3090.00   8.23400e+08
       3110.00   8.08700e+08
       3130.00   7.96300e+08
       3150.00   7.82200e+08
       3170.00   7.66400e+08
       3190.00   7.45400e+08
       3210.00   7.39900e+08
       3230.00   7.28100e+08
       3250.00   7.16100e+08
       3270.00   7.04600e+08
       3290.00   6.92200e+08
       3310.00   6.82100e+08
       3330.00   6.70000e+08
       3350.00   6.57200e+08
       3370.00   6.47100e+08
       3390.00   6.36700e+08
       3410.00   6.26600e+08
       3430.00   6.14000e+08
       3450.00   6.02300e+08
       3470.00   5.93600e+08
       3490.00   5.83900e+08
       3510.00   5.76100e+08
       3530.00   5.67900e+08
       3550.00   5.59000e+08
       3570.00   5.52100e+08
       3590.00   5.39600e+08
       3610.00   5.31600e+08
       3630.00   5.23600e+08
       3640.00   5.22400e+08
       3650.00   5.15400e+08
       3670.00   5.09500e+08
       3690.00   4.97300e+08
       3710.00   4.82800e+08
       3730.00   4.68100e+08
       3750.00   5.13100e+08
       3770.00   5.21400e+08
       3790.00   5.61500e+08
       3810.00   5.93300e+08
       3830.00   5.08500e+08
       3850.00   6.14600e+08
       3870.00   6.25200e+08
       3890.00   4.79000e+08
       3910.00   6.21700e+08
       3930.00   6.06100e+08
       3950.00   6.01600e+08
       3970.00   4.46800e+08
       3990.00   5.75600e+08
       4010.00   5.78100e+08
       4030.00   5.41900e+08
       4050.00   5.65700e+08
       4070.00   5.48200e+08
       4090.00   4.99200e+08
       4110.00   4.28000e+08
       4130.00   5.13900e+08
       4150.00   5.12900e+08
       4170.00   5.10100e+08
       4190.00   5.05800e+08
       4210.00   4.99300e+08
       4230.00   4.90100e+08
       4250.00   4.81200e+08
       4270.00   4.67000e+08
       4290.00   4.65000e+08
       4310.00   4.53900e+08
       4330.00   4.02400e+08
       4350.00   3.63200e+08
       4370.00   4.30500e+08
       4390.00   4.17800e+08
       4410.00   4.23400e+08
       4430.00   4.15400e+08
       4450.00   4.12600e+08
       4470.00   3.87600e+08
       4490.00   3.96400e+08
       4510.00   3.94800e+08
       4530.00   3.87300e+08
       4550.00   3.82000e+08
       4570.00   3.76800e+08
       4590.00   3.71300e+08
       4610.00   3.65000e+08
       4630.00   3.58700e+08
       4650.00   3.53100e+08
       4670.00   3.49500e+08
       4690.00   3.45300e+08
       4710.00   3.33000e+08
       4730.00   3.32300e+08
       4750.00   3.27400e+08
       4770.00   3.26300e+08
       4790.00   3.20800e+08
       4810.00   3.13900e+08
       4830.00   3.08000e+08
       4850.00   2.79600e+08
       4870.00   2.46300e+08
       4890.00   2.94600e+08
       4910.00   2.93000e+08
       4930.00   2.82100e+08
       4950.00   2.86300e+08
       4970.00   2.82900e+08
       4990.00   2.78500e+08
       5010.00   2.68100e+08
       5030.00   2.70000e+08
       5050.00   2.62600e+08
       5070.00   2.63500e+08
       5090.00   2.59700e+08
       5110.00   2.55600e+08
       5130.00   2.51300e+08
       5150.00   2.47900e+08
       5170.00   2.46000e+08
       5190.00   2.42800e+08
       5210.00   2.37300e+08
       5230.00   2.36300e+08
       5250.00   2.33400e+08
       5270.00   2.30000e+08
       5290.00   2.27600e+08
       5310.00   2.24400e+08
       5330.00   2.21200e+08
       5350.00   2.17800e+08
       5370.00   2.16000e+08
       5390.00   2.13200e+08
       5410.00   2.10300e+08
       5430.00   2.06900e+08
       5450.00   2.04600e+08
       5470.00   2.01900e+08
       5490.00   1.99900e+08
       5510.00   1.97200e+08
       5530.00   1.94700e+08
       5550.00   1.92500e+08
       5570.00   1.90000e+08
       5590.00   1.87700e+08
       5610.00   1.85100e+08
       5630.00   1.83300e+08
       5650.00   1.79500e+08
       5670.00   1.77500e+08
       5690.00   1.75800e+08
       5710.00   1.74200e+08
       5730.00   1.72200e+08
       5750.00   1.70000e+08
       5770.00   1.68100e+08
       5790.00   1.66100e+08
       5810.00   1.64000e+08
       5830.00   1.62000e+08
       5850.00   1.60100e+08
       5870.00   1.53500e+08
       5890.00   1.55300e+08
       5910.00   1.54400e+08
       5930.00   1.52600e+08
       5950.00   1.50300e+08
       5970.00   1.49100e+08
       5990.00   1.47100e+08
       6010.00   1.45700e+08
       6030.00   1.43900e+08
       6050.00   1.42300e+08
       6070.00   1.40700e+08
       6090.00   1.39000e+08
       6110.00   1.37500e+08
       6130.00   1.35900e+08
       6150.00   1.33800e+08
       6170.00   1.32800e+08
       6190.00   1.31300e+08
       6210.00   1.29800e+08
       6230.00   1.28300e+08
       6250.00   1.26600e+08
       6270.00   1.25400e+08
       6290.00   1.24000e+08
       6310.00   1.22500e+08
       6330.00   1.21300e+08
       6350.00   1.19300e+08
       6370.00   1.18200e+08
       6390.00   1.17200e+08
       6410.00   1.15900e+08
       6430.00   1.14800e+08
       6450.00   1.13500e+08
       6470.00   1.12100e+08
       6490.00   1.10900e+08
       6510.00   1.09500e+08
       6530.00   1.07800e+08
       6550.00   1.02000e+08
       6570.00   8.92500e+07
       6590.00   1.03100e+08
       6610.00   1.03700e+08
       6630.00   1.02900e+08
       6650.00   1.01900e+08
       6670.00   9.98600e+07
       6690.00   9.88600e+07
       6710.00   9.87100e+07
       6730.00   9.76500e+07
       6750.00   9.66800e+07
       6770.00   9.56700e+07
       6790.00   9.43100e+07
       6810.00   9.36100e+07
       6830.00   9.26200e+07
       6850.00   9.17300e+07
       6870.00   9.07900e+07
       6890.00   8.98600e+07
       6910.00   8.89300e+07
       6930.00   8.79100e+07
       6950.00   8.71300e+07
       6970.00   8.62500e+07
       6990.00   8.53500e+07
       7010.00   8.44800e+07
       7030.00   8.36200e+07
       7050.00   8.26900e+07
       7070.00   8.07000e+07
       7090.00   8.11600e+07
       7110.00   8.02200e+07
       7130.00   7.94500e+07
       7150.00   7.87000e+07
       7170.00   7.79300e+07
       7190.00   7.71900e+07
       7210.00   7.64300e+07
       7230.00   7.49000e+07
       7250.00   7.48800e+07
       7270.00   7.42000e+07
       7290.00   7.29600e+07
       7310.00   7.27500e+07
       7330.00   7.20500e+07
       7350.00   7.13600e+07
       7370.00   7.06700e+07
       7390.00   6.99800e+07
       7410.00   6.93100e+07
       7430.00   6.85800e+07
       7450.00   6.79600e+07
       7470.00   6.72500e+07
       7490.00   6.66500e+07
       7510.00   6.60100e+07
       7530.00   6.54100e+07
       7550.00   6.48100e+07
       7570.00   6.42000e+07
       7590.00   6.35800e+07
       7610.00   6.30000e+07
       7630.00   6.24100e+07
       7650.00   6.18200e+07
       7670.00   6.12500e+07
       7690.00   6.06800e+07
       7710.00   6.01100e+07
       7730.00   5.95400e+07
       7750.00   5.90000e+07
       7770.00   5.80200e+07
       7790.00   5.79200e+07
       7810.00   5.73700e+07
       7830.00   5.68700e+07
       7850.00   5.62500e+07
       7870.00   5.57600e+07
       7890.00   5.51500e+07
       7910.00   5.48400e+07
       7930.00   5.43700e+07
       7950.00   5.37400e+07
       7970.00   5.33300e+07
       7990.00   5.27100e+07
       8010.00   5.23800e+07
       8030.00   5.18900e+07
       8050.00   5.14400e+07
       8070.00   5.10000e+07
       8090.00   5.04700e+07
       8110.00   5.00500e+07
       8130.00   4.96400e+07
       8150.00   4.91700e+07
       8170.00   4.88000e+07
       8190.00   4.83100e+07
       8210.00   4.77300e+07
       8230.00   4.73500e+07
       8250.00   4.70900e+07
       8270.00   4.65000e+07
       8290.00   4.62300e+07
       8310.00   4.58500e+07
       8330.00   4.54600e+07
       8350.00   4.49000e+07
       8370.00   4.46000e+07
       8390.00   4.43000e+07
       8410.00   4.38900e+07
       8430.00   4.34400e+07
       8450.00   4.27000e+07
       8470.00   4.25400e+07
       8490.00   4.22800e+07
       8510.00   4.15800e+07
       8530.00   4.17300e+07
       8550.00   4.01900e+07
       8570.00   4.15900e+07
       8590.00   3.95800e+07
       8610.00   3.92900e+07
       8630.00   4.10700e+07
       8650.00   3.96900e+07
       8670.00   3.64300e+07
       8690.00   4.00500e+07
       8710.00   4.05100e+07
       8730.00   3.91200e+07
       8750.00   3.45000e+07
       8770.00   3.77300e+07
       8790.00   3.94300e+07
       8810.00   3.93500e+07
       8830.00   3.86900e+07
       8850.00   3.58700e+07
       8870.00   3.27700e+07
       8890.00   3.72100e+07
       8910.00   3.77400e+07
       8930.00   3.75100e+07
       8950.00   3.73700e+07
       8970.00   3.69400e+07
       8990.00   3.57200e+07
       9010.00   3.12300e+07
       9030.00   3.29200e+07
       9050.00   3.53600e+07
       9070.00   3.51600e+07
       9090.00   3.51300e+07
       9110.00   3.50500e+07
       9130.00   3.48300e+07
       9150.00   3.45200e+07
       9170.00   3.40800e+07
       9190.00   3.36400e+07
       9210.00   3.19600e+07
       9230.00   2.77400e+07
       9250.00   3.12900e+07
       9270.00   3.22600e+07
       9290.00   3.25300e+07
       9310.00   3.22400e+07
       9330.00   3.21400e+07
       9350.00   3.19100e+07
       9370.00   3.16800e+07
       9390.00   3.14200e+07
       9410.00   3.10200e+07
       9430.00   3.09300e+07
       9450.00   3.06900e+07
       9470.00   3.02200e+07
       9490.00   3.00700e+07
       9510.00   2.94000e+07
       9530.00   2.78500e+07
       9550.00   2.45900e+07
       9570.00   2.80200e+07
       9590.00   2.87600e+07
       9610.00   2.86500e+07
       9630.00   2.83200e+07
       9650.00   2.84000e+07
       9670.00   2.81600e+07
       9690.00   2.79400e+07
       9710.00   2.76900e+07
       9730.00   2.75500e+07
       9750.00   2.73300e+07
       9770.00   2.71300e+07
       9790.00   2.69200e+07
       9810.00   2.67200e+07
       9830.00   2.65100e+07
       9850.00   2.63200e+07
       9870.00   2.61100e+07
       9890.00   2.59000e+07
       9910.00   2.56400e+07
       9930.00   2.55300e+07
       9950.00   2.53400e+07
       9970.00   2.51000e+07
       9990.00   2.48600e+07
       10025.0   2.33900e+07
       10075.0   2.25300e+07
       10125.0   2.35800e+07
       10175.0   2.33100e+07
       10225.0   2.28900e+07
       10275.0   2.24800e+07
       10325.0   2.20000e+07
       10375.0   2.16800e+07
       10425.0   2.13000e+07
       10475.0   2.09200e+07
       10525.0   2.05500e+07
       10575.0   2.01900e+07
       10625.0   1.98400e+07
       10675.0   1.94300e+07
       10725.0   1.91500e+07
       10775.0   1.88200e+07
       10825.0   1.82900e+07
       10875.0   1.80900e+07
       10925.0   1.62800e+07
       10975.0   1.70600e+07
       11025.0   1.71400e+07
       11075.0   1.69700e+07
       11125.0   1.67000e+07
       11175.0   1.64200e+07
       11225.0   1.61400e+07
       11275.0   1.58400e+07
       11325.0   1.56000e+07
       11375.0   1.53600e+07
       11425.0   1.51100e+07
       11475.0   1.48700e+07
       11525.0   1.46300e+07
       11575.0   1.43900e+07
       11625.0   1.41500e+07
       11675.0   1.39300e+07
       11725.0   1.37100e+07
       11775.0   1.34700e+07
       11825.0   1.32800e+07
       11875.0   1.30700e+07
       11925.0   1.28700e+07
       11975.0   1.25600e+07
       12025.0   1.24700e+07
       12075.0   1.22800e+07
       12125.0   1.20900e+07
       12175.0   1.19000e+07
       12225.0   1.17200e+07
       12275.0   1.15400e+07
       12325.0   1.13600e+07
       12375.0   1.11900e+07
       12425.0   1.10300e+07
       12475.0   1.08500e+07
       12525.0   1.06800e+07
       12575.0   1.05300e+07
       12625.0   1.03800e+07
       12675.0   1.02300e+07
       12725.0   1.00600e+07
       12775.0   9.73800e+06
       12825.0   8.93400e+06
       12875.0   9.55100e+06
       12925.0   9.49200e+06
       12975.0   9.31100e+06
       13025.0   9.22800e+06
       13075.0   9.09600e+06
       13125.0   8.96600e+06
       13175.0   8.83400e+06
       13225.0   8.71200e+06
       13275.0   8.58900e+06
       13325.0   8.46800e+06
       13375.0   8.34900e+06
       13425.0   8.22600e+06
       13475.0   8.11600e+06
       13525.0   8.00300e+06
       13575.0   7.89300e+06
       13625.0   7.78300e+06
       13675.0   7.67500e+06
       13725.0   7.57000e+06
       13775.0   7.46800e+06
       13825.0   7.36600e+06
       13875.0   7.26600e+06
       13925.0   7.16600e+06
       13975.0   7.07000e+06
       14025.0   6.97600e+06
       14075.0   6.88200e+06
       14125.0   6.79000e+06
       14175.0   6.70000e+06
       14225.0   6.61200e+06
       14275.0   6.52400e+06
       14325.0   6.43800e+06
       14375.0   6.35400e+06
       14425.0   6.26700e+06
       14475.0   6.18800e+06
       14525.0   6.10700e+06
       14570.0   6.03700e+06
       14620.0   5.95900e+06
       14675.0   5.87600e+06
       14725.0   5.80100e+06
       14775.0   5.72600e+06
       14825.0   5.65500e+06
       14875.0   5.58400e+06
       14925.0   5.51400e+06
       14975.0   5.44400e+06
       15025.0   5.37600e+06
       15075.0   5.30000e+06
       15125.0   5.24200e+06
       15175.0   5.17600e+06
       15225.0   5.11200e+06
       15275.0   5.04500e+06
       15325.0   4.98100e+06
       15375.0   4.92400e+06
       15425.0   4.85000e+06
       15475.0   4.80300e+06
       15525.0   4.74200e+06
       15575.0   4.65500e+06
       15625.0   4.64900e+06
       15675.0   4.55300e+06
       15725.0   4.47000e+06
       15775.0   4.49200e+06
       15825.0   4.43200e+06
       15875.0   4.24800e+06
       15925.0   4.30100e+06
       15975.0   4.29600e+06
       16050.0   4.19000e+06
       16150.0   4.01900e+06
       16250.0   4.04100e+06
       16350.0   3.89800e+06
       16450.0   3.73000e+06
       16550.0   3.77700e+06
       16650.0   3.69300e+06
       16750.0   3.54900e+06
       16850.0   3.39200e+06
       16950.0   3.44600e+06
       17050.0   3.35800e+06
       17150.0   3.29800e+06
       17250.0   3.21800e+06
       17350.0   2.99700e+06
       17450.0   3.06300e+06
       17550.0   3.01800e+06
       17650.0   2.95400e+06
       17750.0   2.89000e+06
       17850.0   2.82800e+06
       17950.0   2.76900e+06
       18050.0   2.70400e+06
       18150.0   2.52900e+06
       18250.0   2.56600e+06
       18350.0   2.54300e+06
       18450.0   2.49100e+06
       18550.0   2.43700e+06
       18650.0   2.37200e+06
       18750.0   2.23000e+06
       18850.0   2.28700e+06
       18950.0   2.24700e+06
       19050.0   2.19600e+06
       19150.0   2.15800e+06
       19250.0   2.11600e+06
       19350.0   2.06600e+06
       19450.0   1.92700e+06
       19550.0   1.98300e+06
       19650.0   1.95500e+06
       19750.0   1.91700e+06
       19850.0   1.88000e+06
       19950.0   1.84400e+06
       20050.0   1.80800e+06
       20150.0   1.77400e+06
       20250.0   1.74000e+06
       20350.0   1.70800e+06
       20450.0   1.67500e+06
       20550.0   1.64200e+06
       20650.0   1.61400e+06
       20750.0   1.58400e+06
       20850.0   1.55500e+06
       20950.0   1.52600e+06
       21050.0   1.49900e+06
       21150.0   1.46700e+06
       21250.0   1.44500e+06
       21350.0   1.41900e+06
       21450.0   1.39300e+06
       21550.0   1.36400e+06
       21650.0   1.27500e+06
       21750.0   1.31200e+06
       21850.0   1.29700e+06
       21950.0   1.27400e+06
       22050.0   1.25200e+06
       22150.0   1.23100e+06
       22250.0   1.20900e+06
       22350.0   1.18900e+06
       22450.0   1.16800e+06
       22550.0   1.14800e+06
       22650.0   1.12900e+06
       22750.0   1.11000e+06
       22850.0   1.09100e+06
       22950.0   1.07300e+06
       23050.0   1.05500e+06
       23150.0   1.03700e+06
       23250.0   1.02000e+06
       23350.0   1.00400e+06
       23450.0       987100.
       23550.0       971000.
       23650.0       955200.
       23750.0       939800.
       23850.0       924500.
       23950.0       909600.
       24050.0       895000.
       24150.0       880600.
       24250.0       866800.
       24350.0       852900.
       24450.0       839200.
       24550.0       826300.
       24650.0       812900.
       24750.0       799400.
       24850.0       788700.
       24950.0       773800.
       25050.0       764700.
       25150.0       753000.
       25250.0       736800.
       25350.0       729700.
       25450.0       720000.
       25550.0       707600.
       25650.0       690000.
       25750.0       687000.
       25850.0       678000.
       25950.0       667700.
       26050.0       654100.
       26150.0       633600.
       26250.0       606700.
       26350.0       625600.
       26450.0       620300.
       26550.0       611100.
       26650.0       600200.
       26750.0       576400.
       26850.0       582700.
       26950.0       577900.
       27050.0       569800.
       27150.0       561700.
       27250.0       553700.
       27350.0       545800.
       27450.0       536300.
       27550.0       512800.
       27650.0       515200.
       27750.0       515100.
       27850.0       508600.
       27950.0       501500.
       28050.0       494600.
       28150.0       487800.
       28250.0       481100.
       28350.0       474400.
       28450.0       468000.
       28550.0       461100.
       28650.0       450200.
       28750.0       430700.
       28850.0       441200.
       28950.0       437200.
       29050.0       431400.
       29150.0       425600.
       29250.0       420000.
       29350.0       414400.
       29450.0       408900.
       29550.0       403600.
       29650.0       398300.
       29750.0       393100.
       29850.0       388000.
       29950.0       382900.
       30050.0       378000.
       30150.0       373000.
       30250.0       367200.
       30350.0       350600.
       30450.0       351100.
       30550.0       353700.
       30650.0       349800.
       30750.0       345400.
       30850.0       341000.
       30950.0       336800.
       31050.0       332500.
       31150.0       328400.
       31250.0       324300.
       31350.0       320300.
       31450.0       316300.
       31550.0       312400.
       31650.0       308500.
       31750.0       304800.
       31850.0       301000.
       31950.0       297400.
       32100.0       292000.
       32300.0       284900.
       32500.0       278100.
       32700.0       271400.
       32900.0       257300.
       33100.0       256900.
       33300.0       252500.
       33500.0       246800.
       33700.0       241100.
       33900.0       235600.
       34100.0       230200.
       34300.0       225000.
       34500.0       220000.
       34700.0       215000.
       34900.0       210200.
       35100.0       205600.
       35300.0       201100.
       35500.0       196700.
       35700.0       192400.
       35900.0       188200.
       36100.0       184100.
       36300.0       180200.
       36500.0       176300.
       36700.0       172700.
       36900.0       168800.
       37100.0       165200.
       37300.0       159700.
       37500.0       155200.
       37700.0       155300.
       37900.0       152200.
       38100.0       148700.
       38300.0       145800.
       38500.0       143400.
       38700.0       140500.
       38900.0       137400.
       39100.0       133800.
       39300.0       132100.
       39500.0       129600.
       39700.0       127100.
       39900.0       124600.
       40100.0       121300.
       40300.0       118500.
       40500.0       114300.
       40700.0       115100.
       40900.0       113000.
       41100.0       110900.
       41300.0       108700.
       41500.0       106600.
       41700.0       102700.
       41900.0       102500.
       42100.0       100900.
       42300.0       99000.0
       42500.0       97150.0
       42700.0       95390.0
       42900.0       93560.0
       43100.0       91950.0
       43300.0       90290.0
       43500.0       88600.0
       43700.0       85230.0
       43900.0       84900.0
       44100.0       84000.0
       44300.0       82510.0
       44500.0       81060.0
       44700.0       79750.0
       44900.0       78360.0
       45100.0       77000.0
       45300.0       75660.0
       45500.0       74360.0
       45700.0       73080.0
       45900.0       71830.0
       46100.0       70530.0
       46300.0       69180.0
       46500.0       65870.0
       46700.0       65010.0
       46900.0       65540.0
       47100.0       64770.0
       47300.0       63790.0
       47500.0       62730.0
       47700.0       61710.0
       47900.0       60690.0
       48100.0       59700.0
       48300.0       58730.0
       48500.0       57780.0
       48700.0       56850.0
       48900.0       55930.0
       49100.0       55040.0
       49300.0       54160.0
       49500.0       53300.0
       49700.0       52460.0
       49900.0       51630.0
       50100.0       50820.0
       50300.0       50020.0
       50500.0       49250.0
       50700.0       48480.0
       50900.0       47650.0
       51100.0       46750.0
       51300.0       44770.0
       51500.0       45390.0
       51700.0       44780.0
       51900.0       44200.0
       52100.0       43530.0
       52300.0       42870.0
       52500.0       42200.0
       52700.0       41530.0
       52900.0       40980.0
       53100.0       40370.0
       53300.0       39780.0
       53500.0       39190.0
       53700.0       38530.0
       53900.0       37970.0
       54100.0       37500.0
       54300.0       36950.0
       54500.0       36420.0
       54700.0       35900.0
       54900.0       35380.0
       55100.0       34810.0
       55300.0       34210.0
       55500.0       33880.0
       55700.0       33410.0
       55900.0       32940.0
       56100.0       32470.0
       56300.0       32020.0
       56500.0       31570.0
       56700.0       31130.0
       56900.0       30660.0
       57100.0       30030.0
       57300.0       29810.0
       57500.0       29450.0
       57700.0       29050.0
       57900.0       28650.0
       58100.0       28260.0
       58300.0       27880.0
       58500.0       27530.0
       58700.0       27130.0
       58900.0       26630.0
       59100.0       25470.0
       59300.0       25940.0
       59500.0       25410.0
       59700.0       25220.0
       59900.0       25030.0
       60100.0       24730.0
       60300.0       24410.0
       60500.0       24090.0
       60700.0       23780.0
       60900.0       23470.0
       61100.0       23170.0
       61300.0       22870.0
       61500.0       22570.0
       61700.0       22290.0
       61900.0       22000.0
       62100.0       21720.0
       62300.0       21440.0
       62500.0       21170.0
       62700.0       20820.0
       62900.0       20200.0
       63100.0       20270.0
       63300.0       20120.0
       63500.0       19880.0
       63700.0       19630.0
       63900.0       19390.0
       64200.0       19030.0
       64600.0       18570.0
       65000.0       18120.0
       65400.0       17680.0
       65800.0       17260.0
       66200.0       16850.0
       66600.0       16450.0
       67000.0       16060.0
       67400.0       15650.0
       67800.0       15060.0
       68200.0       14960.0
       68600.0       14630.0
       69000.0       14290.0
       69400.0       13970.0
       69800.0       13650.0
       70200.0       13340.0
       70600.0       13040.0
       71000.0       12750.0
       71400.0       12470.0
       71800.0       12200.0
       72200.0       11930.0
       72600.0       11670.0
       73000.0       11420.0
       73400.0       11180.0
       73800.0       10940.0
       74200.0       10680.0
       74600.0       10220.0
       75000.0       9900.00
       75400.0       9992.00
       75800.0       9832.00
       76200.0       9628.00
       76600.0       9430.00
       77000.0       9236.00
       77400.0       9046.00
       77800.0       8827.00
       78200.0       8683.00
       78600.0       8510.00
       79000.0       8340.00
       79400.0       8173.00
       79800.0       8012.00
       80200.0       7854.00
       80600.0       7699.00
       81000.0       7549.00
       81400.0       7364.00
       81800.0       7241.00
       82200.0       7120.00
       82600.0       6983.00
       83000.0       6850.00
       83400.0       6720.00
       83800.0       6593.00
       84200.0       6469.00
       84600.0       6348.00
       85000.0       6230.00
       85400.0       6114.00
       85800.0       6002.00
       86200.0       5887.00
       86600.0       5722.00
       87000.0       5663.00
       87400.0       5497.00
       87800.0       5398.00
       88200.0       5376.00
       88600.0       5280.00
       89000.0       5186.00
       89400.0       5094.00
       89800.0       5004.00
       90200.0       4916.00
       90600.0       4830.00
       91000.0       4746.00
       91400.0       4664.00
       91800.0       4583.00
       92200.0       4504.00
       92600.0       4427.00
       93000.0       4352.00
       93400.0       4274.00
       93800.0       4143.00
       94200.0       4113.00
       94600.0       4065.00
       95000.0       3997.00
       95400.0       3931.00
       95800.0       3866.00
       96200.0       3802.00
       96600.0       3740.00
       97000.0       3678.00
       97400.0       3618.00
       97800.0       3560.00
       98200.0       3502.00
       98600.0       3443.00
       99000.0       3390.00
       99400.0       3336.00
       99800.0       3283.00
       100200.       3231.00
       200000.       202.300
       400000.       12.4300
       600000.       2.43000
       800000.      0.763100
   1.00000e+06      0.310900
   1.20000e+06      0.149300
   1.40000e+06     0.0802900
   1.60000e+06     0.0469200
