       90.9000       0.00000
       93.5000       0.00000
       96.1000       0.00000
       97.7000       0.00000
       99.6000       0.00000
       102.000       0.00000
       103.800       0.00000
       105.600       0.00000
       107.700       0.00000
       110.400       0.00000
       114.000       0.00000
       117.800       0.00000
       121.300       0.00000
       124.800       0.00000
       127.100       0.00000
       128.400       0.00000
       130.500       0.00000
       132.400       0.00000
       133.900       0.00000
       136.600       0.00000
       139.800       0.00000
       143.300       0.00000
       147.200       0.00000
       151.000       0.00000
       155.200       0.00000
       158.800       0.00000
       162.000       0.00000
       166.000       0.00000
       170.300       0.00000
       173.400       0.00000
       176.800       0.00000
       180.200       0.00000
       181.700       0.00000
       186.100       0.00000
       191.000       0.00000
       193.900       0.00000
       198.400       0.00000
       201.800       0.00000
       205.000       0.00000
       210.500       0.00000
       216.200       0.00000
       219.800       0.00000
       223.000       0.00000
       226.800       0.00000
       230.000       0.00000
       234.000       0.00000
       240.000       0.00000
       246.500       0.00000
       252.400       0.00000
       256.800       0.00000
       260.000       0.00000
       264.000       0.00000
       268.500       0.00000
       273.500       0.00000
       278.500       0.00000
       284.000       0.00000
       290.000   2.67300e-23
       296.000   1.51700e-22
       301.000   5.36400e-22
       308.000   2.88500e-21
       318.000   2.79200e-20
       328.000   2.36900e-19
       338.000   1.77700e-18
       348.000   1.19600e-17
       357.000   6.14600e-17
       366.000   2.89800e-16
       375.000   1.26800e-15
       385.000   6.05500e-15
       395.000   2.66900e-14
       405.000   1.09900e-13
       414.000   3.70700e-13
       422.000   1.04600e-12
       430.000   2.82800e-12
       441.000   1.05900e-11
       451.000   3.31100e-11
       460.000   8.86000e-11
       470.000   2.52900e-10
       480.000   6.91300e-10
       490.000   1.81400e-09
       500.000   4.57700e-09
       506.000   1.69600e-08
       512.000   3.47400e-08
       520.000   6.61700e-08
       530.000   1.44900e-07
       540.000   3.03900e-07
       550.000   6.34700e-07
       560.000   1.27600e-06
       570.000   2.50400e-06
       580.000   4.71800e-06
       590.000   8.96400e-06
       600.000   1.64300e-05
       610.000   2.96100e-05
       620.000   5.22000e-05
       630.000   9.04000e-05
       640.000   0.000153400
       650.000   0.000257500
       658.000   0.000384500
       665.000   0.000540800
       675.000   0.000870400
       685.000    0.00138200
       695.000    0.00216800
       705.000    0.00334400
       716.000    0.00532900
       726.000    0.00802900
       735.000     0.0114900
       745.000     0.0169400
       755.000     0.0247100
       765.000     0.0356600
       775.000     0.0510000
       785.000     0.0722300
       795.000      0.100900
       805.000      0.140600
       815.000      0.194100
       825.000      0.265300
       835.000      0.358600
       845.000      0.484700
       855.000      0.647600
       865.000      0.859500
       875.000       1.13100
       885.000       1.48200
       895.000       1.92800
       905.000       2.48000
       915.000       266.900
       925.000       1876.00
       935.000       2596.00
       945.000       3860.00
       955.000       6163.00
       965.000       7950.00
       975.000       7236.00
       985.000       10650.0
       995.000       11170.0
       1005.00       14220.0
       1015.00       16480.0
       1025.00       14420.0
       1035.00       20760.0
       1045.00       26990.0
       1055.00       32210.0
       1065.00       33700.0
       1075.00       40400.0
       1085.00       46190.0
       1095.00       48610.0
       1105.00       341300.
       1115.00   3.59500e+06
       1125.00   4.48100e+06
       1135.00   6.97400e+06
       1145.00   6.34600e+06
       1155.00   7.61900e+06
       1165.00   8.19000e+06
       1175.00   6.30900e+06
       1185.00   5.29700e+06
       1195.00       93140.0
       1205.00       99770.0
       1215.00       18240.0
       1225.00       100300.
       1235.00       412800.
       1245.00   8.35500e+06
       1255.00   2.23100e+07
       1265.00   1.24500e+07
       1275.00   3.99300e+07
       1285.00   5.76100e+07
       1295.00   4.23300e+07
       1305.00   1.53400e+07
       1315.00   4.98700e+07
       1325.00   6.55800e+07
       1335.00   4.37900e+07
       1345.00   7.91200e+07
       1355.00   7.82900e+07
       1365.00   6.24600e+07
       1375.00   7.37500e+07
       1385.00   7.61400e+07
       1395.00   7.92800e+07
       1405.00   8.10000e+07
       1415.00   7.33700e+07
       1425.00   8.53900e+07
       1435.00   7.65000e+07
       1442.00   8.69200e+07
       1447.00   9.78000e+07
       1455.00   9.49200e+07
       1465.00   8.61600e+07
       1475.00   8.12800e+07
       1485.00   9.30700e+07
       1495.00   1.00600e+08
       1505.00   1.00900e+08
       1512.00   8.59200e+07
       1517.00   9.78900e+07
       1525.00   8.53100e+07
       1535.00   7.55900e+07
       1545.00   1.00600e+08
       1555.00   8.48700e+07
       1565.00   7.83600e+07
       1575.00   8.26000e+07
       1585.00   9.52100e+07
       1595.00   1.03600e+08
       1605.00   9.37600e+07
       1615.00   9.39000e+07
       1625.00   8.38000e+07
       1635.00   8.89500e+07
       1645.00   9.31200e+07
       1655.00   8.07900e+07
       1665.00   9.06200e+07
       1672.00   4.64400e+07
       1677.00   8.78700e+07
       1685.00   1.02100e+08
       1695.00   9.67600e+07
       1705.00   8.69200e+07
       1715.00   8.32800e+07
       1725.00   8.30100e+07
       1735.00   9.17200e+07
       1745.00   8.99700e+07
       1755.00   1.04700e+08
       1765.00   8.52400e+07
       1775.00   9.62400e+07
       1785.00   9.34200e+07
       1795.00   1.10800e+08
       1805.00   1.04800e+08
       1815.00   1.03400e+08
       1825.00   9.89800e+07
       1835.00   9.39200e+07
       1845.00   8.58800e+07
       1855.00   8.71200e+07
       1865.00   8.90500e+07
       1875.00   9.96000e+07
       1885.00   9.51200e+07
       1895.00   9.32700e+07
       1905.00   9.03700e+07
       1915.00   9.30200e+07
       1925.00   9.57400e+07
       1935.00   9.57800e+07
       1945.00   9.92300e+07
       1955.00   9.68000e+07
       1967.00   1.05000e+08
       1976.00   1.06400e+08
       1984.00   1.00500e+08
       1995.00   9.59000e+07
       2005.00   9.76800e+07
       2015.00   8.97700e+07
       2025.00   9.49500e+07
       2035.00   9.30800e+07
       2045.00   9.90200e+07
       2055.00   9.10300e+07
       2065.00   9.00600e+07
       2074.00   9.94800e+07
       2078.00   9.96400e+07
       2085.00   9.90100e+07
       2095.00   9.42900e+07
       2105.00   9.12500e+07
       2115.00   9.07100e+07
       2125.00   9.32100e+07
       2135.00   7.67600e+07
       2145.00   8.62500e+07
       2155.00   9.11000e+07
       2165.00   8.55400e+07
       2175.00   8.34500e+07
       2185.00   8.20500e+07
       2195.00   8.92300e+07
       2205.00   8.44400e+07
       2215.00   7.52600e+07
       2225.00   7.13600e+07
       2235.00   8.20500e+07
       2245.00   7.30500e+07
       2255.00   6.94700e+07
       2265.00   7.30600e+07
       2275.00   7.76500e+07
       2285.00   8.07500e+07
       2295.00   7.62100e+07
       2305.00   7.21300e+07
       2315.00   6.74300e+07
       2325.00   6.68600e+07
       2335.00   5.93000e+07
       2345.00   5.40400e+07
       2355.00   6.65100e+07
       2365.00   5.38800e+07
       2375.00   6.00300e+07
       2385.00   4.92600e+07
       2395.00   5.76500e+07
       2405.00   5.35000e+07
       2415.00   5.72600e+07
       2425.00   6.47600e+07
       2435.00   6.15500e+07
       2445.00   6.73200e+07
       2455.00   6.43300e+07
       2465.00   6.37400e+07
       2475.00   6.11500e+07
       2485.00   6.60100e+07
       2495.00   6.31500e+07
       2505.00   7.18300e+07
       2513.00   6.13100e+07
       2518.00   6.47100e+07
       2525.00   5.82100e+07
       2535.00   5.85700e+07
       2545.00   5.79900e+07
       2555.00   6.29700e+07
       2565.00   6.07400e+07
       2575.00   6.72200e+07
       2585.00   6.51600e+07
       2595.00   6.23400e+07
       2605.00   5.86000e+07
       2615.00   5.79300e+07
       2625.00   6.38100e+07
       2635.00   6.47700e+07
       2645.00   7.55300e+07
       2655.00   7.39200e+07
       2665.00   6.53100e+07
       2675.00   6.97800e+07
       2685.00   6.71900e+07
       2695.00   6.54400e+07
       2705.00   6.82500e+07
       2715.00   6.39200e+07
       2725.00   6.52400e+07
       2735.00   7.13100e+07
       2745.00   5.59100e+07
       2755.00   5.70700e+07
       2765.00   5.96000e+07
       2775.00   6.65100e+07
       2785.00   6.52900e+07
       2795.00   4.52400e+07
       2805.00   5.29500e+07
       2815.00   6.78200e+07
       2825.00   7.04700e+07
       2835.00   6.58300e+07
       2845.00   6.34100e+07
       2855.00   6.13600e+07
       2865.00   6.67200e+07
       2875.00   6.38700e+07
       2885.00   6.52500e+07
       2895.00   6.14000e+07
       2910.00   7.02700e+07
       2930.00   6.69400e+07
       2950.00   6.67200e+07
       2970.00   6.82500e+07
       2990.00   6.88100e+07
       3010.00   7.06300e+07
       3030.00   6.92700e+07
       3050.00   6.79900e+07
       3070.00   6.70600e+07
       3090.00   6.84700e+07
       3110.00   6.59500e+07
       3130.00   6.52200e+07
       3150.00   6.65300e+07
       3170.00   6.57300e+07
       3190.00   6.30700e+07
       3210.00   6.46000e+07
       3230.00   6.31500e+07
       3250.00   6.35400e+07
       3270.00   6.33300e+07
       3290.00   6.37200e+07
       3310.00   6.38800e+07
       3330.00   6.22700e+07
       3350.00   6.12600e+07
       3370.00   6.11200e+07
       3390.00   6.04800e+07
       3410.00   6.16400e+07
       3430.00   6.12700e+07
       3450.00   6.08100e+07
       3470.00   5.96900e+07
       3490.00   5.92000e+07
       3510.00   5.98200e+07
       3530.00   6.00400e+07
       3550.00   5.98600e+07
       3570.00   5.87500e+07
       3590.00   5.83600e+07
       3610.00   5.80100e+07
       3630.00   5.75500e+07
       3640.00   5.72200e+07
       3650.00   5.86500e+07
       3670.00   5.72500e+07
       3690.00   5.88700e+07
       3710.00   7.47500e+07
       3730.00   9.68500e+07
       3750.00   1.28000e+08
       3770.00   1.27200e+08
       3790.00   1.39200e+08
       3810.00   1.50300e+08
       3830.00   1.26700e+08
       3850.00   1.51300e+08
       3870.00   1.53500e+08
       3890.00   1.22100e+08
       3910.00   1.48900e+08
       3930.00   1.46000e+08
       3950.00   1.47900e+08
       3970.00   1.14000e+08
       3990.00   1.44400e+08
       4010.00   1.42200e+08
       4030.00   1.39700e+08
       4050.00   1.39200e+08
       4070.00   1.36300e+08
       4090.00   1.31500e+08
       4110.00   1.09500e+08
       4130.00   1.30300e+08
       4150.00   1.31100e+08
       4170.00   1.28000e+08
       4190.00   1.27200e+08
       4210.00   1.26000e+08
       4230.00   1.24000e+08
       4250.00   1.21800e+08
       4270.00   1.20200e+08
       4290.00   1.19400e+08
       4310.00   1.16200e+08
       4330.00   1.09000e+08
       4350.00   9.57600e+07
       4370.00   1.13800e+08
       4390.00   1.10800e+08
       4410.00   1.10400e+08
       4430.00   1.09600e+08
       4450.00   1.08300e+08
       4470.00   1.06700e+08
       4490.00   1.04400e+08
       4510.00   1.04000e+08
       4530.00   1.02500e+08
       4550.00   9.97900e+07
       4570.00   1.00700e+08
       4590.00   9.81500e+07
       4610.00   9.92300e+07
       4630.00   9.59900e+07
       4650.00   9.68100e+07
       4670.00   9.51800e+07
       4690.00   9.43400e+07
       4710.00   9.20400e+07
       4730.00   9.21200e+07
       4750.00   9.11100e+07
       4770.00   9.03600e+07
       4790.00   8.92700e+07
       4810.00   8.79100e+07
       4830.00   8.64100e+07
       4850.00   8.09700e+07
       4870.00   6.86600e+07
       4890.00   8.36500e+07
       4910.00   8.29300e+07
       4930.00   8.12400e+07
       4950.00   8.10300e+07
       4970.00   8.03500e+07
       4990.00   7.90800e+07
       5010.00   7.69200e+07
       5030.00   7.67400e+07
       5050.00   7.54500e+07
       5070.00   7.53200e+07
       5090.00   7.45000e+07
       5110.00   7.34100e+07
       5130.00   7.28200e+07
       5150.00   7.15300e+07
       5170.00   7.03700e+07
       5190.00   6.98100e+07
       5210.00   6.92100e+07
       5230.00   6.78900e+07
       5250.00   6.78900e+07
       5270.00   6.63200e+07
       5290.00   6.66400e+07
       5310.00   6.50600e+07
       5330.00   6.49600e+07
       5350.00   6.46800e+07
       5370.00   6.38400e+07
       5390.00   6.31700e+07
       5410.00   6.22800e+07
       5430.00   6.16200e+07
       5450.00   6.12600e+07
       5470.00   6.05100e+07
       5490.00   5.99400e+07
       5510.00   5.91500e+07
       5530.00   5.86300e+07
       5550.00   5.81600e+07
       5570.00   5.75100e+07
       5590.00   5.69600e+07
       5610.00   5.64900e+07
       5630.00   5.58700e+07
       5650.00   5.50400e+07
       5670.00   5.45900e+07
       5690.00   5.41400e+07
       5710.00   5.36000e+07
       5730.00   5.30500e+07
       5750.00   5.24700e+07
       5770.00   5.19500e+07
       5790.00   5.13000e+07
       5810.00   5.08300e+07
       5830.00   5.03000e+07
       5850.00   4.98400e+07
       5870.00   4.91300e+07
       5890.00   4.86000e+07
       5910.00   4.83000e+07
       5930.00   4.78700e+07
       5950.00   4.71300e+07
       5970.00   4.68100e+07
       5990.00   4.62100e+07
       6010.00   4.59400e+07
       6030.00   4.55000e+07
       6050.00   4.49900e+07
       6070.00   4.45600e+07
       6090.00   4.41100e+07
       6110.00   4.36900e+07
       6130.00   4.32400e+07
       6150.00   4.23700e+07
       6170.00   4.24000e+07
       6190.00   4.20100e+07
       6210.00   4.16100e+07
       6230.00   4.11400e+07
       6250.00   4.03600e+07
       6270.00   4.04200e+07
       6290.00   4.00000e+07
       6310.00   3.94900e+07
       6330.00   3.92200e+07
       6350.00   3.84200e+07
       6370.00   3.81600e+07
       6390.00   3.80600e+07
       6410.00   3.76400e+07
       6430.00   3.73500e+07
       6450.00   3.67500e+07
       6470.00   3.67000e+07
       6490.00   3.61900e+07
       6510.00   3.58400e+07
       6530.00   3.54300e+07
       6550.00   3.35900e+07
       6570.00   2.78500e+07
       6590.00   3.42800e+07
       6610.00   3.42500e+07
       6630.00   3.39800e+07
       6650.00   3.37000e+07
       6670.00   3.33400e+07
       6690.00   3.30500e+07
       6710.00   3.27800e+07
       6730.00   3.24400e+07
       6750.00   3.21700e+07
       6770.00   3.18900e+07
       6790.00   3.15800e+07
       6810.00   3.13000e+07
       6830.00   3.09800e+07
       6850.00   3.07200e+07
       6870.00   3.04400e+07
       6890.00   3.01800e+07
       6910.00   2.98900e+07
       6930.00   2.96000e+07
       6950.00   2.93700e+07
       6970.00   2.91000e+07
       6990.00   2.88600e+07
       7010.00   2.85500e+07
       7030.00   2.83500e+07
       7050.00   2.80400e+07
       7070.00   2.78100e+07
       7090.00   2.76100e+07
       7110.00   2.72900e+07
       7130.00   2.70900e+07
       7150.00   2.68700e+07
       7170.00   2.66400e+07
       7190.00   2.64000e+07
       7210.00   2.61800e+07
       7230.00   2.59000e+07
       7250.00   2.57000e+07
       7270.00   2.55000e+07
       7290.00   2.52600e+07
       7310.00   2.50200e+07
       7330.00   2.48300e+07
       7350.00   2.46400e+07
       7370.00   2.44400e+07
       7390.00   2.42200e+07
       7410.00   2.40000e+07
       7430.00   2.37500e+07
       7450.00   2.35600e+07
       7470.00   2.33100e+07
       7490.00   2.31700e+07
       7510.00   2.29500e+07
       7530.00   2.28100e+07
       7550.00   2.26300e+07
       7570.00   2.24400e+07
       7590.00   2.22500e+07
       7610.00   2.20800e+07
       7630.00   2.18800e+07
       7650.00   2.16700e+07
       7670.00   2.15100e+07
       7690.00   2.13300e+07
       7710.00   2.11300e+07
       7730.00   2.09900e+07
       7750.00   2.08100e+07
       7770.00   2.02700e+07
       7790.00   2.04700e+07
       7810.00   2.03200e+07
       7830.00   2.01400e+07
       7850.00   1.99300e+07
       7870.00   1.97300e+07
       7890.00   1.95300e+07
       7910.00   1.94900e+07
       7930.00   1.93400e+07
       7950.00   1.91100e+07
       7970.00   1.90400e+07
       7990.00   1.87000e+07
       8010.00   1.87300e+07
       8030.00   1.85800e+07
       8050.00   1.84300e+07
       8070.00   1.82800e+07
       8090.00   1.81400e+07
       8110.00   1.79800e+07
       8130.00   1.78600e+07
       8150.00   1.77100e+07
       8170.00   1.75800e+07
       8190.00   1.73900e+07
       8210.00   1.72600e+07
       8230.00   1.71100e+07
       8250.00   1.70800e+07
       8270.00   1.70000e+07
       8290.00   1.68200e+07
       8310.00   1.66900e+07
       8330.00   1.64700e+07
       8350.00   1.63700e+07
       8370.00   1.60500e+07
       8390.00   1.60000e+07
       8410.00   1.58300e+07
       8430.00   1.61000e+07
       8450.00   1.58100e+07
       8470.00   1.52900e+07
       8490.00   1.65800e+07
       8510.00   1.50100e+07
       8530.00   1.67700e+07
       8550.00   1.46300e+07
       8570.00   1.69300e+07
       8590.00   1.59000e+07
       8610.00   1.54300e+07
       8630.00   1.71200e+07
       8650.00   1.68500e+07
       8670.00   1.40600e+07
       8690.00   1.67600e+07
       8710.00   1.68700e+07
       8730.00   1.66000e+07
       8750.00   1.37500e+07
       8770.00   1.61700e+07
       8790.00   1.64100e+07
       8810.00   1.63000e+07
       8830.00   1.60500e+07
       8850.00   1.54900e+07
       8870.00   1.32800e+07
       8890.00   1.57000e+07
       8910.00   1.56400e+07
       8930.00   1.55000e+07
       8950.00   1.54800e+07
       8970.00   1.53500e+07
       8990.00   1.51300e+07
       9010.00   1.29500e+07
       9030.00   1.41400e+07
       9050.00   1.48300e+07
       9070.00   1.46000e+07
       9090.00   1.44700e+07
       9110.00   1.44900e+07
       9130.00   1.44000e+07
       9150.00   1.43500e+07
       9170.00   1.42000e+07
       9190.00   1.40100e+07
       9210.00   1.37500e+07
       9230.00   1.13800e+07
       9250.00   1.34100e+07
       9270.00   1.33700e+07
       9290.00   1.35800e+07
       9310.00   1.35200e+07
       9330.00   1.34000e+07
       9350.00   1.33300e+07
       9370.00   1.32300e+07
       9390.00   1.30900e+07
       9410.00   1.28700e+07
       9430.00   1.29300e+07
       9450.00   1.28500e+07
       9470.00   1.27500e+07
       9490.00   1.26600e+07
       9510.00   1.25400e+07
       9530.00   1.22300e+07
       9550.00   1.02500e+07
       9570.00   1.21400e+07
       9590.00   1.22000e+07
       9610.00   1.21100e+07
       9630.00   1.19000e+07
       9650.00   1.19600e+07
       9670.00   1.18300e+07
       9690.00   1.17900e+07
       9710.00   1.17200e+07
       9730.00   1.16300e+07
       9750.00   1.15500e+07
       9770.00   1.14700e+07
       9790.00   1.13900e+07
       9810.00   1.13000e+07
       9830.00   1.12100e+07
       9850.00   1.11300e+07
       9870.00   1.10600e+07
       9890.00   1.09600e+07
       9910.00   1.09100e+07
       9930.00   1.08300e+07
       9950.00   1.07600e+07
       9970.00   1.06900e+07
       9990.00   1.06200e+07
       10025.0   1.01800e+07
       10075.0   9.68200e+06
       10125.0   1.00700e+07
       10175.0   9.95000e+06
       10225.0   9.79800e+06
       10275.0   9.63200e+06
       10325.0   9.46600e+06
       10375.0   9.31000e+06
       10425.0   9.16000e+06
       10475.0   8.99200e+06
       10525.0   8.83700e+06
       10575.0   8.70800e+06
       10625.0   8.57100e+06
       10675.0   8.36700e+06
       10725.0   8.27300e+06
       10775.0   8.15400e+06
       10825.0   8.01700e+06
       10875.0   7.89100e+06
       10925.0   7.15100e+06
       10975.0   7.55200e+06
       11025.0   7.53200e+06
       11075.0   7.41500e+06
       11125.0   7.29800e+06
       11175.0   7.18400e+06
       11225.0   7.07300e+06
       11275.0   6.90600e+06
       11325.0   6.81400e+06
       11375.0   6.74800e+06
       11425.0   6.64300e+06
       11475.0   6.54600e+06
       11525.0   6.44700e+06
       11575.0   6.34900e+06
       11625.0   6.23700e+06
       11675.0   6.13800e+06
       11725.0   6.06500e+06
       11775.0   5.94200e+06
       11825.0   5.87600e+06
       11875.0   5.78700e+06
       11925.0   5.71500e+06
       11975.0   5.62200e+06
       12025.0   5.54700e+06
       12075.0   5.46400e+06
       12125.0   5.38500e+06
       12175.0   5.30900e+06
       12225.0   5.23100e+06
       12275.0   5.15300e+06
       12325.0   5.08100e+06
       12375.0   5.00900e+06
       12425.0   4.94000e+06
       12475.0   4.85900e+06
       12525.0   4.80000e+06
       12575.0   4.72400e+06
       12625.0   4.66300e+06
       12675.0   4.60100e+06
       12725.0   4.53700e+06
       12775.0   4.45700e+06
       12825.0   4.06400e+06
       12875.0   4.34200e+06
       12925.0   4.29200e+06
       12975.0   4.23300e+06
       13025.0   4.17600e+06
       13075.0   4.11900e+06
       13125.0   4.06300e+06
       13175.0   3.99900e+06
       13225.0   3.95400e+06
       13275.0   3.90100e+06
       13325.0   3.84900e+06
       13375.0   3.79700e+06
       13425.0   3.74600e+06
       13475.0   3.69600e+06
       13525.0   3.64500e+06
       13575.0   3.59800e+06
       13625.0   3.55100e+06
       13675.0   3.50300e+06
       13725.0   3.45600e+06
       13775.0   3.41600e+06
       13825.0   3.37200e+06
       13875.0   3.32800e+06
       13925.0   3.28500e+06
       13975.0   3.24300e+06
       14025.0   3.20200e+06
       14075.0   3.16200e+06
       14125.0   3.12100e+06
       14175.0   3.08200e+06
       14225.0   3.04300e+06
       14275.0   3.00500e+06
       14325.0   2.96700e+06
       14375.0   2.93000e+06
       14425.0   2.88400e+06
       14475.0   2.85700e+06
       14525.0   2.81700e+06
       14570.0   2.79100e+06
       14620.0   2.76000e+06
       14675.0   2.72600e+06
       14725.0   2.69200e+06
       14775.0   2.65700e+06
       14825.0   2.62800e+06
       14875.0   2.59300e+06
       14925.0   2.56300e+06
       14975.0   2.53000e+06
       15025.0   2.49300e+06
       15075.0   2.46300e+06
       15125.0   2.43100e+06
       15175.0   2.40300e+06
       15225.0   2.40000e+06
       15275.0   2.33200e+06
       15325.0   2.30900e+06
       15375.0   2.32300e+06
       15425.0   2.23600e+06
       15475.0   2.28100e+06
       15525.0   2.26500e+06
       15575.0   2.14200e+06
       15625.0   2.23500e+06
       15675.0   2.17500e+06
       15725.0   2.08100e+06
       15775.0   2.17100e+06
       15825.0   2.14900e+06
       15875.0   1.97500e+06
       15925.0   2.09500e+06
       15975.0   2.09100e+06
       16050.0   2.04700e+06
       16150.0   1.93300e+06
       16250.0   1.97000e+06
       16350.0   1.91200e+06
       16450.0   1.80800e+06
       16550.0   1.84100e+06
       16650.0   1.80100e+06
       16750.0   1.74700e+06
       16850.0   1.65400e+06
       16950.0   1.68500e+06
       17050.0   1.64900e+06
       17150.0   1.61400e+06
       17250.0   1.57800e+06
       17350.0   1.47500e+06
       17450.0   1.50900e+06
       17550.0   1.48000e+06
       17650.0   1.45000e+06
       17750.0   1.42000e+06
       17850.0   1.39100e+06
       17950.0   1.36300e+06
       18050.0   1.33200e+06
       18150.0   1.25200e+06
       18250.0   1.27400e+06
       18350.0   1.25500e+06
       18450.0   1.23000e+06
       18550.0   1.20500e+06
       18650.0   1.18100e+06
       18750.0   1.10600e+06
       18850.0   1.13400e+06
       18950.0   1.11300e+06
       19050.0   1.09200e+06
       19150.0   1.07100e+06
       19250.0   1.05000e+06
       19350.0   1.03000e+06
       19450.0       966500.
       19550.0       990900.
       19650.0       972900.
       19750.0       954500.
       19850.0       936700.
       19950.0       919300.
       20050.0       902300.
       20150.0       885600.
       20250.0       869400.
       20350.0       853500.
       20450.0       838000.
       20550.0       822800.
       20650.0       807900.
       20750.0       793400.
       20850.0       779300.
       20950.0       765400.
       21050.0       751800.
       21150.0       738200.
       21250.0       725300.
       21350.0       712500.
       21450.0       700300.
       21550.0       688100.
       21650.0       647300.
       21750.0       663700.
       21850.0       653500.
       21950.0       642400.
       22050.0       631500.
       22150.0       620700.
       22250.0       610400.
       22350.0       600200.
       22450.0       590200.
       22550.0       580300.
       22650.0       570800.
       22750.0       561400.
       22850.0       552700.
       22950.0       543700.
       23050.0       535000.
       23150.0       526400.
       23250.0       518000.
       23350.0       509700.
       23450.0       501500.
       23550.0       493500.
       23650.0       485500.
       23750.0       477900.
       23850.0       470300.
       23950.0       462700.
       24050.0       454900.
       24150.0       447200.
       24250.0       442900.
       24350.0       433400.
       24450.0       426000.
       24550.0       422900.
       24650.0       414100.
       24750.0       408000.
       24850.0       405900.
       24950.0       390100.
       25050.0       394200.
       25150.0       388500.
       25250.0       371200.
       25350.0       377000.
       25450.0       372200.
       25550.0       366200.
       25650.0       348100.
       25750.0       356000.
       25850.0       351400.
       25950.0       346400.
       26050.0       340000.
       26150.0       322600.
       26250.0       316000.
       26350.0       326500.
       26450.0       322900.
       26550.0       318300.
       26650.0       313200.
       26750.0       295000.
       26850.0       304400.
       26950.0       300700.
       27050.0       296400.
       27150.0       292300.
       27250.0       288200.
       27350.0       284200.
       27450.0       280200.
       27550.0       265100.
       27650.0       270000.
       27750.0       268900.
       27850.0       265200.
       27950.0       261600.
       28050.0       258100.
       28150.0       254600.
       28250.0       251100.
       28350.0       247800.
       28450.0       244400.
       28550.0       241200.
       28650.0       236900.
       28750.0       224400.
       28850.0       231600.
       28950.0       228500.
       29050.0       225700.
       29150.0       222700.
       29250.0       219800.
       29350.0       217000.
       29450.0       214200.
       29550.0       211400.
       29650.0       208700.
       29750.0       206000.
       29850.0       203400.
       29950.0       200800.
       30050.0       198200.
       30150.0       195700.
       30250.0       193200.
       30350.0       184300.
       30450.0       185700.
       30550.0       186000.
       30650.0       183800.
       30750.0       181500.
       30850.0       179100.
       30950.0       177000.
       31050.0       174800.
       31150.0       172700.
       31250.0       170600.
       31350.0       168500.
       31450.0       166400.
       31550.0       164500.
       31650.0       162500.
       31750.0       160500.
       31850.0       158600.
       31950.0       156700.
       32100.0       153900.
       32300.0       150300.
       32500.0       146700.
       32700.0       143300.
       32900.0       136300.
       33100.0       136100.
       33300.0       133400.
       33500.0       130400.
       33700.0       127400.
       33900.0       124500.
       34100.0       121800.
       34300.0       119100.
       34500.0       116500.
       34700.0       113900.
       34900.0       111400.
       35100.0       109000.
       35300.0       106600.
       35500.0       104300.
       35700.0       102000.
       35900.0       100100.
       36100.0       97570.0
       36300.0       96010.0
       36500.0       93390.0
       36700.0       92110.0
       36900.0       89330.0
       37100.0       88350.0
       37300.0       85780.0
       37500.0       82450.0
       37700.0       83110.0
       37900.0       81480.0
       38100.0       79010.0
       38300.0       77750.0
       38500.0       76730.0
       38700.0       75210.0
       38900.0       73660.0
       39100.0       70850.0
       39300.0       70980.0
       39500.0       69610.0
       39700.0       68290.0
       39900.0       66960.0
       40100.0       65110.0
       40300.0       63340.0
       40500.0       61730.0
       40700.0       61980.0
       40900.0       60830.0
       41100.0       59690.0
       41300.0       58580.0
       41500.0       57480.0
       41700.0       54990.0
       41900.0       55360.0
       42100.0       54370.0
       42300.0       53380.0
       42500.0       52410.0
       42700.0       51470.0
       42900.0       50540.0
       43100.0       49630.0
       43300.0       48750.0
       43500.0       47880.0
       43700.0       45940.0
       43900.0       46060.0
       44100.0       45400.0
       44300.0       44610.0
       44500.0       43830.0
       44700.0       43150.0
       44900.0       42330.0
       45100.0       41610.0
       45300.0       40900.0
       45500.0       40210.0
       45700.0       39530.0
       45900.0       38860.0
       46100.0       38210.0
       46300.0       37550.0
       46500.0       36000.0
       46700.0       35350.0
       46900.0       35680.0
       47100.0       35140.0
       47300.0       34570.0
       47500.0       34010.0
       47700.0       33460.0
       47900.0       32910.0
       48100.0       32380.0
       48300.0       31870.0
       48500.0       31350.0
       48700.0       30870.0
       48900.0       30360.0
       49100.0       29900.0
       49300.0       29400.0
       49500.0       28980.0
       49700.0       28460.0
       49900.0       28090.0
       50100.0       27650.0
       50300.0       27140.0
       50500.0       26810.0
       50700.0       26400.0
       50900.0       25870.0
       51100.0       25570.0
       51300.0       24560.0
       51500.0       24820.0
       51700.0       24300.0
       51900.0       24120.0
       52100.0       23790.0
       52300.0       23430.0
       52500.0       23020.0
       52700.0       22510.0
       52900.0       22410.0
       53100.0       22090.0
       53300.0       21760.0
       53500.0       21450.0
       53700.0       20950.0
       53900.0       20670.0
       54100.0       20530.0
       54300.0       20240.0
       54500.0       19950.0
       54700.0       19660.0
       54900.0       19380.0
       55100.0       19070.0
       55300.0       18520.0
       55500.0       18580.0
       55700.0       18320.0
       55900.0       18060.0
       56100.0       17810.0
       56300.0       17560.0
       56500.0       17320.0
       56700.0       17080.0
       56900.0       16840.0
       57100.0       16260.0
       57300.0       16370.0
       57500.0       16170.0
       57700.0       15950.0
       57900.0       15740.0
       58100.0       15530.0
       58300.0       15310.0
       58500.0       15110.0
       58700.0       14910.0
       58900.0       14690.0
       59100.0       14130.0
       59300.0       14310.0
       59500.0       13830.0
       59700.0       13880.0
       59900.0       13770.0
       60100.0       13600.0
       60300.0       13420.0
       60500.0       13250.0
       60700.0       13080.0
       60900.0       12910.0
       61100.0       12750.0
       61300.0       12610.0
       61500.0       12450.0
       61700.0       12290.0
       61900.0       12130.0
       62100.0       11980.0
       62300.0       11820.0
       62500.0       11660.0
       62700.0       11500.0
       62900.0       11070.0
       63100.0       11210.0
       63300.0       11100.0
       63500.0       10960.0
       63700.0       10840.0
       63900.0       10700.0
       64200.0       10510.0
       64600.0       10250.0
       65000.0       10000.0
       65400.0       9773.00
       65800.0       9535.00
       66200.0       9310.00
       66600.0       9095.00
       67000.0       8884.00
       67400.0       8659.00
       67800.0       8349.00
       68200.0       8268.00
       68600.0       8101.00
       69000.0       7918.00
       69400.0       7715.00
       69800.0       7566.00
       70200.0       7398.00
       70600.0       7234.00
       71000.0       7045.00
       71400.0       6920.00
       71800.0       6770.00
       72200.0       6623.00
       72600.0       6446.00
       73000.0       6339.00
       73400.0       6207.00
       73800.0       6075.00
       74200.0       5937.00
       74600.0       5720.00
       75000.0       5522.00
       75400.0       5567.00
       75800.0       5468.00
       76200.0       5356.00
       76600.0       5246.00
       77000.0       5140.00
       77400.0       5034.00
       77800.0       4881.00
       78200.0       4834.00
       78600.0       4740.00
       79000.0       4646.00
       79400.0       4555.00
       79800.0       4465.00
       80200.0       4378.00
       80600.0       4293.00
       81000.0       4210.00
       81400.0       4081.00
       81800.0       4039.00
       82200.0       3973.00
       82600.0       3897.00
       83000.0       3824.00
       83400.0       3752.00
       83800.0       3682.00
       84200.0       3613.00
       84600.0       3546.00
       85000.0       3481.00
       85400.0       3417.00
       85800.0       3353.00
       86200.0       3293.00
       86600.0       3183.00
       87000.0       3172.00
       87400.0       3089.00
       87800.0       3036.00
       88200.0       3008.00
       88600.0       2951.00
       89000.0       2903.00
       89400.0       2852.00
       89800.0       2802.00
       90200.0       2753.00
       90600.0       2701.00
       91000.0       2659.00
       91400.0       2613.00
       91800.0       2568.00
       92200.0       2525.00
       92600.0       2472.00
       93000.0       2440.00
       93400.0       2399.00
       93800.0       2319.00
       94200.0       2314.00
       94600.0       2281.00
       95000.0       2238.00
       95400.0       2199.00
       95800.0       2170.00
       96200.0       2134.00
       96600.0       2099.00
       97000.0       2065.00
       97400.0       2032.00
       97800.0       1999.00
       98200.0       1965.00
       98600.0       1925.00
       99000.0       1905.00
       99400.0       1875.00
       99800.0       1845.00
       100200.       1816.00
       200000.       116.000
       400000.       7.18700
       600000.       1.40400
       800000.      0.440100
   1.00000e+06      0.178800
   1.20000e+06     0.0856300
   1.40000e+06     0.0459400
   1.60000e+06     0.0267900
