       90.9000   1.89800e-10
       93.5000   6.96300e-10
       96.1000   2.35500e-09
       97.7000   4.91200e-09
       99.6000   1.12700e-08
       102.000   3.08200e-08
       103.800   6.36800e-08
       105.600   1.28500e-07
       107.700   2.83400e-07
       110.400   7.51300e-07
       114.000   2.57700e-06
       117.800   8.79600e-06
       121.300   2.56700e-05
       124.800   7.09200e-05
       127.100   0.000134700
       128.400   0.000191700
       130.500   0.000334600
       132.400   0.000546600
       133.900   0.000800400
       136.600    0.00155200
       139.800    0.00334000
       143.300    0.00739900
       147.200     0.0170100
       151.000     0.0382700
       155.200     0.0881600
       158.800      0.174700
       162.000      0.315200
       166.000      0.641500
       170.300       1.31300
       173.400       2.16000
       176.800       3.70100
       180.200       6.17500
       181.700       7.59600
       186.100       14.4200
       191.000       28.0700
       193.900       41.1700
       198.400       72.5000
       201.800       108.600
       205.000       159.200
       210.500       295.600
       216.200       539.800
       219.800       785.500
       223.000       1074.00
       226.800       1544.00
       230.000   1.42200e+06
       234.000   4.43200e+06
       240.000   6.06300e+06
       246.500   9.44400e+06
       252.400   1.76100e+07
       256.800   2.36800e+07
       260.000   3.28200e+07
       264.000   2.21200e+08
       268.500   2.82600e+08
       273.500   3.65100e+08
       278.500   2.17400e+08
       284.000   6.04900e+08
       290.000   1.02500e+09
       296.000   7.04100e+08
       301.000   8.56900e+08
       308.000   3.56500e+09
       318.000   1.72200e+09
       328.000   3.07800e+09
       338.000   2.74200e+09
       348.000   3.20500e+09
       357.000   8.67900e+09
       366.000   1.96500e+10
       375.000   2.56600e+10
       385.000   2.26600e+10
       395.000   4.11700e+10
       405.000   6.66700e+10
       414.000   6.43100e+10
       422.000   6.12200e+10
       430.000   5.71200e+10
       441.000   7.10300e+10
       451.000   7.29900e+10
       460.000   6.03400e+10
       470.000   6.58400e+10
       480.000   7.76400e+10
       490.000   5.36000e+10
       500.000   8.35700e+10
       506.000   5.99800e+10
       512.000   1.03800e+11
       520.000   9.59400e+10
       530.000   8.60100e+10
       540.000   7.27200e+10
       550.000   6.10700e+10
       560.000   8.53200e+10
       570.000   1.04900e+11
       580.000   1.00900e+11
       590.000   1.01600e+11
       600.000   7.84100e+10
       610.000   7.34700e+10
       620.000   1.00300e+11
       630.000   9.15700e+10
       640.000   1.04200e+11
       650.000   9.62900e+10
       658.000   8.11400e+10
       665.000   9.81400e+10
       675.000   1.04300e+11
       685.000   8.62300e+10
       695.000   1.00100e+11
       705.000   7.97900e+10
       716.000   1.00500e+11
       726.000   1.00700e+11
       735.000   1.00300e+11
       745.000   9.29700e+10
       755.000   9.09300e+10
       765.000   7.99400e+10
       775.000   8.88000e+10
       785.000   7.61200e+10
       795.000   8.59600e+10
       805.000   8.58600e+10
       815.000   8.52600e+10
       825.000   8.53000e+10
       835.000   7.12700e+10
       845.000   8.11100e+10
       855.000   7.67800e+10
       865.000   8.00600e+10
       875.000   7.94600e+10
       885.000   7.74200e+10
       895.000   7.61600e+10
       905.000   7.34800e+10
       915.000   6.03700e+10
       925.000   9.84800e+10
       935.000   1.27700e+11
       945.000   1.35400e+11
       955.000   1.46500e+11
       965.000   1.51400e+11
       975.000   1.16500e+11
       985.000   1.34300e+11
       995.000   1.21800e+11
       1005.00   1.20900e+11
       1015.00   1.24600e+11
       1025.00   1.16400e+11
       1035.00   1.26100e+11
       1045.00   1.28800e+11
       1055.00   1.25300e+11
       1065.00   1.19100e+11
       1075.00   1.18500e+11
       1085.00   1.12300e+11
       1095.00   1.13500e+11
       1105.00   1.10400e+11
       1115.00   1.07600e+11
       1125.00   1.02000e+11
       1135.00   1.05000e+11
       1145.00   1.03900e+11
       1155.00   9.78200e+10
       1165.00   9.40300e+10
       1175.00   8.03500e+10
       1185.00   8.82100e+10
       1195.00   8.45700e+10
       1205.00   8.32600e+10
       1215.00   7.36200e+10
       1225.00   7.87400e+10
       1235.00   7.84500e+10
       1245.00   7.62400e+10
       1255.00   7.64600e+10
       1265.00   7.67100e+10
       1275.00   7.67700e+10
       1285.00   7.56300e+10
       1295.00   7.46100e+10
       1305.00   7.19400e+10
       1315.00   7.17300e+10
       1325.00   7.02300e+10
       1335.00   6.87800e+10
       1345.00   6.81300e+10
       1355.00   6.50800e+10
       1365.00   6.28000e+10
       1375.00   6.04700e+10
       1385.00   6.02300e+10
       1395.00   5.74200e+10
       1405.00   5.46700e+10
       1415.00   5.86700e+10
       1425.00   5.42000e+10
       1435.00   5.59000e+10
       1442.00   5.38100e+10
       1447.00   5.37500e+10
       1455.00   5.19800e+10
       1465.00   5.17000e+10
       1475.00   5.11700e+10
       1485.00   5.11800e+10
       1495.00   4.96800e+10
       1505.00   4.94200e+10
       1512.00   4.90500e+10
       1517.00   4.80800e+10
       1525.00   4.75000e+10
       1535.00   4.38800e+10
       1545.00   3.64500e+10
       1555.00   3.73700e+10
       1565.00   4.09800e+10
       1575.00   4.20100e+10
       1585.00   4.12800e+10
       1595.00   4.10200e+10
       1605.00   3.88600e+10
       1615.00   3.77700e+10
       1625.00   3.78400e+10
       1635.00   3.77200e+10
       1645.00   3.63700e+10
       1655.00   3.72200e+10
       1665.00   3.64900e+10
       1672.00   3.45000e+10
       1677.00   3.73000e+10
       1685.00   3.64200e+10
       1695.00   3.58500e+10
       1705.00   3.48900e+10
       1715.00   3.33200e+10
       1725.00   3.29800e+10
       1735.00   3.37000e+10
       1745.00   3.31700e+10
       1755.00   3.23800e+10
       1765.00   3.19700e+10
       1775.00   3.13100e+10
       1785.00   3.11800e+10
       1795.00   3.02900e+10
       1805.00   2.99400e+10
       1815.00   2.93700e+10
       1825.00   2.88300e+10
       1835.00   2.86200e+10
       1845.00   2.82600e+10
       1855.00   2.78500e+10
       1865.00   2.74700e+10
       1875.00   2.67900e+10
       1885.00   2.63300e+10
       1895.00   2.63700e+10
       1905.00   2.60200e+10
       1915.00   2.56200e+10
       1925.00   2.45400e+10
       1935.00   2.49000e+10
       1945.00   2.45400e+10
       1955.00   2.37000e+10
       1967.00   2.36100e+10
       1976.00   2.32600e+10
       1984.00   2.31100e+10
       1995.00   2.26500e+10
       2005.00   2.24300e+10
       2015.00   2.20700e+10
       2025.00   2.17300e+10
       2035.00   2.13400e+10
       2045.00   2.09000e+10
       2055.00   1.60700e+10
       2065.00   1.56200e+10
       2074.00   1.62000e+10
       2078.00   1.67200e+10
       2085.00   1.82800e+10
       2095.00   1.92900e+10
       2105.00   1.89700e+10
       2115.00   1.89500e+10
       2125.00   1.85600e+10
       2135.00   1.84100e+10
       2145.00   1.81100e+10
       2155.00   1.80600e+10
       2165.00   1.72100e+10
       2175.00   1.75800e+10
       2185.00   1.69800e+10
       2195.00   1.71400e+10
       2205.00   1.68800e+10
       2215.00   1.62400e+10
       2225.00   1.63700e+10
       2235.00   1.61500e+10
       2245.00   1.59000e+10
       2255.00   1.53900e+10
       2265.00   1.54500e+10
       2275.00   1.52800e+10
       2285.00   1.49600e+10
       2295.00   1.44500e+10
       2305.00   1.43000e+10
       2315.00   1.42900e+10
       2325.00   1.41900e+10
       2335.00   1.40000e+10
       2345.00   1.37400e+10
       2355.00   1.35100e+10
       2365.00   1.33100e+10
       2375.00   1.30700e+10
       2385.00   1.25200e+10
       2395.00   1.26300e+10
       2405.00   1.25000e+10
       2415.00   1.23500e+10
       2425.00   1.22800e+10
       2435.00   1.20700e+10
       2445.00   1.19200e+10
       2455.00   1.17100e+10
       2465.00   1.15800e+10
       2475.00   1.14900e+10
       2485.00   1.12300e+10
       2495.00   9.83400e+09
       2505.00   1.09300e+10
       2513.00   1.03600e+10
       2518.00   1.06200e+10
       2525.00   1.06400e+10
       2535.00   1.05800e+10
       2545.00   1.04700e+10
       2555.00   1.03100e+10
       2565.00   1.01900e+10
       2575.00   1.00400e+10
       2585.00   9.92000e+09
       2595.00   9.66400e+09
       2605.00   9.67000e+09
       2615.00   9.47600e+09
       2625.00   9.42600e+09
       2635.00   9.31900e+09
       2645.00   9.16600e+09
       2655.00   9.07400e+09
       2665.00   8.95100e+09
       2675.00   8.75700e+09
       2685.00   8.71200e+09
       2695.00   8.59000e+09
       2705.00   8.53100e+09
       2715.00   8.40300e+09
       2725.00   8.30700e+09
       2735.00   8.03100e+09
       2745.00   8.11600e+09
       2755.00   8.00000e+09
       2765.00   7.90300e+09
       2775.00   7.80400e+09
       2785.00   7.67200e+09
       2795.00   7.55700e+09
       2805.00   7.51000e+09
       2815.00   7.42300e+09
       2825.00   7.32300e+09
       2835.00   7.24800e+09
       2845.00   7.17300e+09
       2855.00   7.08200e+09
       2865.00   6.97000e+09
       2875.00   6.88500e+09
       2885.00   6.82200e+09
       2895.00   6.74300e+09
       2910.00   6.62000e+09
       2930.00   6.47800e+09
       2950.00   6.32400e+09
       2970.00   6.16300e+09
       2990.00   5.99700e+09
       3010.00   5.86400e+09
       3030.00   5.70000e+09
       3050.00   5.59500e+09
       3070.00   5.46200e+09
       3090.00   5.36200e+09
       3110.00   5.24500e+09
       3130.00   5.12700e+09
       3150.00   5.02800e+09
       3170.00   4.91100e+09
       3190.00   4.81200e+09
       3210.00   4.64100e+09
       3230.00   4.60800e+09
       3250.00   4.51200e+09
       3270.00   4.37800e+09
       3290.00   4.31100e+09
       3310.00   4.21600e+09
       3330.00   4.12800e+09
       3350.00   4.01900e+09
       3370.00   3.95300e+09
       3390.00   3.87400e+09
       3410.00   3.79000e+09
       3430.00   3.72500e+09
       3450.00   3.63100e+09
       3470.00   3.57300e+09
       3490.00   3.50200e+09
       3510.00   3.43700e+09
       3530.00   3.36100e+09
       3550.00   3.29500e+09
       3570.00   3.23200e+09
       3590.00   3.16800e+09
       3610.00   3.10100e+09
       3630.00   3.03900e+09
       3640.00   2.95900e+09
       3650.00   2.69200e+09
       3670.00   2.64400e+09
       3690.00   2.60900e+09
       3710.00   2.58300e+09
       3730.00   2.58800e+09
       3750.00   2.61300e+09
       3770.00   2.60700e+09
       3790.00   2.60700e+09
       3810.00   2.61000e+09
       3830.00   2.48700e+09
       3850.00   2.54500e+09
       3870.00   2.50500e+09
       3890.00   2.34400e+09
       3910.00   2.43200e+09
       3930.00   2.36400e+09
       3950.00   2.33600e+09
       3970.00   2.16600e+09
       3990.00   2.26000e+09
       4010.00   2.21800e+09
       4030.00   2.15100e+09
       4050.00   2.14200e+09
       4070.00   2.10000e+09
       4090.00   2.03100e+09
       4110.00   1.92500e+09
       4130.00   1.99000e+09
       4150.00   1.95700e+09
       4170.00   1.92700e+09
       4190.00   1.89100e+09
       4210.00   1.84100e+09
       4230.00   1.83200e+09
       4250.00   1.79900e+09
       4270.00   1.76900e+09
       4290.00   1.73900e+09
       4310.00   1.70600e+09
       4330.00   1.64800e+09
       4350.00   1.57800e+09
       4370.00   1.62100e+09
       4390.00   1.58800e+09
       4410.00   1.56200e+09
       4430.00   1.54300e+09
       4450.00   1.51700e+09
       4470.00   1.48500e+09
       4490.00   1.46900e+09
       4510.00   1.44000e+09
       4530.00   1.41800e+09
       4550.00   1.37900e+09
       4570.00   1.37600e+09
       4590.00   1.35300e+09
       4610.00   1.33300e+09
       4630.00   1.30700e+09
       4650.00   1.26600e+09
       4670.00   1.26800e+09
       4690.00   1.21600e+09
       4710.00   1.23100e+09
       4730.00   1.21600e+09
       4750.00   1.19700e+09
       4770.00   1.17800e+09
       4790.00   1.16000e+09
       4810.00   1.14300e+09
       4830.00   1.12500e+09
       4850.00   1.09600e+09
       4870.00   1.03400e+09
       4890.00   1.07400e+09
       4910.00   1.05800e+09
       4930.00   1.03900e+09
       4950.00   1.02700e+09
       4970.00   1.01200e+09
       4990.00   9.97500e+08
       5010.00   9.79700e+08
       5030.00   9.67400e+08
       5050.00   9.52900e+08
       5070.00   9.39800e+08
       5090.00   9.26500e+08
       5110.00   9.13100e+08
       5130.00   8.99600e+08
       5150.00   8.86700e+08
       5170.00   8.74300e+08
       5190.00   8.61700e+08
       5210.00   8.49400e+08
       5230.00   8.37600e+08
       5250.00   8.24600e+08
       5270.00   8.12700e+08
       5290.00   8.02700e+08
       5310.00   7.91400e+08
       5330.00   7.80200e+08
       5350.00   7.69600e+08
       5370.00   7.58900e+08
       5390.00   7.48400e+08
       5410.00   7.27700e+08
       5430.00   7.28100e+08
       5450.00   7.18100e+08
       5470.00   7.08100e+08
       5490.00   6.98700e+08
       5510.00   6.88600e+08
       5530.00   6.80000e+08
       5550.00   6.70900e+08
       5570.00   6.61300e+08
       5590.00   6.51000e+08
       5610.00   6.44400e+08
       5630.00   6.35800e+08
       5650.00   6.27400e+08
       5670.00   6.19100e+08
       5690.00   6.02200e+08
       5710.00   5.65400e+08
       5730.00   5.58200e+08
       5750.00   5.51100e+08
       5770.00   5.44600e+08
       5790.00   5.38600e+08
       5810.00   5.30900e+08
       5830.00   5.28700e+08
       5850.00   5.25000e+08
       5870.00   5.17200e+08
       5890.00   5.17700e+08
       5910.00   5.14700e+08
       5930.00   5.12100e+08
       5950.00   5.10200e+08
       5970.00   5.07100e+08
       5990.00   5.03100e+08
       6010.00   4.97300e+08
       6030.00   4.91300e+08
       6050.00   4.85500e+08
       6070.00   4.79000e+08
       6090.00   4.74000e+08
       6110.00   4.67400e+08
       6130.00   4.61800e+08
       6150.00   4.56900e+08
       6170.00   4.49600e+08
       6190.00   4.46100e+08
       6210.00   4.40700e+08
       6230.00   4.33200e+08
       6250.00   4.29800e+08
       6270.00   4.24900e+08
       6290.00   4.19900e+08
       6310.00   4.12100e+08
       6330.00   4.09900e+08
       6350.00   4.05000e+08
       6370.00   4.00300e+08
       6390.00   3.95400e+08
       6410.00   3.87900e+08
       6430.00   3.86300e+08
       6450.00   3.81600e+08
       6470.00   3.77100e+08
       6490.00   3.72900e+08
       6510.00   3.68500e+08
       6530.00   3.60800e+08
       6550.00   3.57600e+08
       6570.00   3.34600e+08
       6590.00   3.51700e+08
       6610.00   3.48000e+08
       6630.00   3.44000e+08
       6650.00   3.40100e+08
       6670.00   3.34700e+08
       6690.00   3.28000e+08
       6710.00   3.28300e+08
       6730.00   3.24800e+08
       6750.00   3.21100e+08
       6770.00   3.17700e+08
       6790.00   3.14200e+08
       6810.00   3.10700e+08
       6830.00   3.07300e+08
       6850.00   3.03900e+08
       6870.00   3.00500e+08
       6890.00   2.93800e+08
       6910.00   2.93900e+08
       6930.00   2.90800e+08
       6950.00   2.87600e+08
       6970.00   2.84500e+08
       6990.00   2.81400e+08
       7010.00   2.78200e+08
       7030.00   2.75000e+08
       7050.00   2.72200e+08
       7070.00   2.68100e+08
       7090.00   2.66600e+08
       7110.00   2.63600e+08
       7130.00   2.60800e+08
       7150.00   2.58100e+08
       7170.00   2.53300e+08
       7190.00   2.51800e+08
       7210.00   2.50000e+08
       7230.00   2.47400e+08
       7250.00   2.44800e+08
       7270.00   2.42300e+08
       7290.00   2.39400e+08
       7310.00   2.37100e+08
       7330.00   2.34800e+08
       7350.00   2.32400e+08
       7370.00   2.29900e+08
       7390.00   2.27500e+08
       7410.00   2.25200e+08
       7430.00   2.23000e+08
       7450.00   2.20500e+08
       7470.00   2.18400e+08
       7490.00   2.15900e+08
       7510.00   2.13900e+08
       7530.00   2.11800e+08
       7550.00   2.09700e+08
       7570.00   2.07500e+08
       7590.00   2.02900e+08
       7610.00   2.03200e+08
       7630.00   2.01400e+08
       7650.00   1.99400e+08
       7670.00   1.97400e+08
       7690.00   1.95200e+08
       7710.00   1.93400e+08
       7730.00   1.91400e+08
       7750.00   1.89700e+08
       7770.00   1.87900e+08
       7790.00   1.86000e+08
       7810.00   1.84200e+08
       7830.00   1.82400e+08
       7850.00   1.80400e+08
       7870.00   1.78800e+08
       7890.00   1.77100e+08
       7910.00   1.75500e+08
       7930.00   1.73800e+08
       7950.00   1.72100e+08
       7970.00   1.70300e+08
       7990.00   1.68800e+08
       8010.00   1.67200e+08
       8030.00   1.65500e+08
       8050.00   1.64100e+08
       8070.00   1.62500e+08
       8090.00   1.61000e+08
       8110.00   1.59500e+08
       8130.00   1.58000e+08
       8150.00   1.56500e+08
       8170.00   1.54900e+08
       8190.00   1.52900e+08
       8210.00   1.46000e+08
       8230.00   1.43800e+08
       8250.00   1.43200e+08
       8270.00   1.42000e+08
       8290.00   1.40800e+08
       8310.00   1.39500e+08
       8330.00   1.38100e+08
       8350.00   1.36900e+08
       8370.00   1.35800e+08
       8390.00   1.34800e+08
       8410.00   1.33700e+08
       8430.00   1.32600e+08
       8450.00   1.31600e+08
       8470.00   1.30600e+08
       8490.00   1.29700e+08
       8510.00   1.28400e+08
       8530.00   1.27800e+08
       8550.00   1.26500e+08
       8570.00   1.26100e+08
       8590.00   1.24700e+08
       8610.00   1.23800e+08
       8630.00   1.23700e+08
       8650.00   1.22600e+08
       8670.00   1.20000e+08
       8690.00   1.21400e+08
       8710.00   1.20800e+08
       8730.00   1.19700e+08
       8750.00   1.15500e+08
       8770.00   1.17700e+08
       8790.00   1.17600e+08
       8810.00   1.16700e+08
       8830.00   1.15700e+08
       8850.00   1.13300e+08
       8870.00   1.09100e+08
       8890.00   1.12500e+08
       8910.00   1.12000e+08
       8930.00   1.10800e+08
       8950.00   1.10100e+08
       8970.00   1.09200e+08
       8990.00   1.07800e+08
       9010.00   1.02600e+08
       9030.00   1.04200e+08
       9050.00   1.05400e+08
       9070.00   1.04500e+08
       9090.00   1.03700e+08
       9110.00   1.02600e+08
       9130.00   1.02000e+08
       9150.00   1.01200e+08
       9170.00   1.00300e+08
       9190.00   9.94400e+07
       9210.00   9.77800e+07
       9230.00   9.21700e+07
       9250.00   9.60600e+07
       9270.00   9.61200e+07
       9290.00   9.53900e+07
       9310.00   9.45700e+07
       9330.00   9.38000e+07
       9350.00   9.14200e+07
       9370.00   9.17500e+07
       9390.00   9.15200e+07
       9410.00   9.07200e+07
       9430.00   9.00100e+07
       9450.00   8.93100e+07
       9470.00   8.85300e+07
       9490.00   8.78500e+07
       9510.00   8.69300e+07
       9530.00   8.54200e+07
       9550.00   8.05200e+07
       9570.00   8.44700e+07
       9590.00   8.43400e+07
       9610.00   8.36600e+07
       9630.00   8.29500e+07
       9650.00   8.23500e+07
       9670.00   8.17000e+07
       9690.00   8.10500e+07
       9710.00   7.98000e+07
       9730.00   7.96800e+07
       9750.00   7.90700e+07
       9770.00   7.79300e+07
       9790.00   7.78900e+07
       9810.00   7.72800e+07
       9830.00   7.66400e+07
       9850.00   7.60700e+07
       9870.00   7.54700e+07
       9890.00   7.48800e+07
       9910.00   7.42800e+07
       9930.00   7.37200e+07
       9950.00   7.31500e+07
       9970.00   7.25800e+07
       9990.00   7.20200e+07
       10025.0   7.01300e+07
       10075.0   6.81900e+07
       10125.0   6.73200e+07
       10175.0   6.70700e+07
       10225.0   6.58000e+07
       10275.0   6.45500e+07
       10325.0   6.32900e+07
       10375.0   6.21900e+07
       10425.0   6.07600e+07
       10475.0   5.99200e+07
       10525.0   5.88100e+07
       10575.0   5.77400e+07
       10625.0   5.67000e+07
       10675.0   5.56600e+07
       10725.0   5.46700e+07
       10775.0   5.36900e+07
       10825.0   5.25300e+07
       10875.0   5.17900e+07
       10925.0   4.92300e+07
       10975.0   4.97300e+07
       11025.0   4.90800e+07
       11075.0   4.82500e+07
       11125.0   4.74100e+07
       11175.0   4.66200e+07
       11225.0   4.58100e+07
       11275.0   4.50200e+07
       11325.0   4.42500e+07
       11375.0   4.35000e+07
       11425.0   4.27700e+07
       11475.0   4.20400e+07
       11525.0   4.13400e+07
       11575.0   4.06400e+07
       11625.0   3.96200e+07
       11675.0   3.90700e+07
       11725.0   3.86600e+07
       11775.0   3.80200e+07
       11825.0   3.73900e+07
       11875.0   3.67900e+07
       11925.0   3.61900e+07
       11975.0   3.55000e+07
       12025.0   3.50300e+07
       12075.0   3.44600e+07
       12125.0   3.39100e+07
       12175.0   3.33700e+07
       12225.0   3.28400e+07
       12275.0   3.23300e+07
       12325.0   3.18100e+07
       12375.0   3.13200e+07
       12425.0   3.08300e+07
       12475.0   3.03500e+07
       12525.0   2.98700e+07
       12575.0   2.94100e+07
       12625.0   2.89600e+07
       12675.0   2.85200e+07
       12725.0   2.80800e+07
       12775.0   2.75300e+07
       12825.0   2.62700e+07
       12875.0   2.68000e+07
       12925.0   2.64200e+07
       12975.0   2.60000e+07
       13025.0   2.56300e+07
       13075.0   2.52500e+07
       13125.0   2.48800e+07
       13175.0   2.45100e+07
       13225.0   2.41500e+07
       13275.0   2.38000e+07
       13325.0   2.34500e+07
       13375.0   2.31100e+07
       13425.0   2.27700e+07
       13475.0   2.24400e+07
       13525.0   2.21200e+07
       13575.0   2.18000e+07
       13625.0   2.14900e+07
       13675.0   2.11800e+07
       13725.0   2.08800e+07
       13775.0   2.05900e+07
       13825.0   2.03000e+07
       13875.0   2.00100e+07
       13925.0   1.97300e+07
       13975.0   1.94600e+07
       14025.0   1.91800e+07
       14075.0   1.89200e+07
       14125.0   1.86600e+07
       14175.0   1.84000e+07
       14225.0   1.81500e+07
       14275.0   1.79000e+07
       14325.0   1.76500e+07
       14375.0   1.74100e+07
       14425.0   1.71800e+07
       14475.0   1.69500e+07
       14525.0   1.67200e+07
       14570.0   1.65200e+07
       14620.0   1.63000e+07
       14675.0   1.60600e+07
       14725.0   1.58500e+07
       14775.0   1.55200e+07
       14825.0   1.54300e+07
       14875.0   1.52300e+07
       14925.0   1.50300e+07
       14975.0   1.48400e+07
       15025.0   1.46400e+07
       15075.0   1.44500e+07
       15125.0   1.42700e+07
       15175.0   1.40800e+07
       15225.0   1.39000e+07
       15275.0   1.37200e+07
       15325.0   1.35500e+07
       15375.0   1.33800e+07
       15425.0   1.32000e+07
       15475.0   1.30400e+07
       15525.0   1.28700e+07
       15575.0   1.26900e+07
       15625.0   1.25600e+07
       15675.0   1.23800e+07
       15725.0   1.22100e+07
       15775.0   1.21200e+07
       15825.0   1.19600e+07
       15875.0   1.17200e+07
       15925.0   1.16500e+07
       15975.0   1.15400e+07
       16050.0   1.13000e+07
       16150.0   1.09700e+07
       16250.0   1.07900e+07
       16350.0   1.05000e+07
       16450.0   1.01800e+07
       16550.0   1.00400e+07
       16650.0   9.80100e+06
       16750.0   9.54200e+06
       16850.0   9.24100e+06
       16950.0   9.13500e+06
       17050.0   8.91200e+06
       17150.0   8.72200e+06
       17250.0   8.52400e+06
       17350.0   8.19500e+06
       17450.0   8.13900e+06
       17550.0   7.96400e+06
       17650.0   7.78700e+06
       17750.0   7.61500e+06
       17850.0   7.44800e+06
       17950.0   7.28600e+06
       18050.0   7.12800e+06
       18150.0   6.85300e+06
       18250.0   6.81200e+06
       18350.0   6.67800e+06
       18450.0   6.53700e+06
       18550.0   6.39900e+06
       18650.0   6.19100e+06
       18750.0   5.99200e+06
       18850.0   6.00600e+06
       18950.0   5.88200e+06
       19050.0   5.75600e+06
       19150.0   5.64300e+06
       19250.0   5.52800e+06
       19350.0   5.41500e+06
       19450.0   5.19600e+06
       19550.0   5.19800e+06
       19650.0   5.09600e+06
       19750.0   4.99500e+06
       19850.0   4.89600e+06
       19950.0   4.80000e+06
       20050.0   4.70600e+06
       20150.0   4.61400e+06
       20250.0   4.52400e+06
       20350.0   4.43700e+06
       20450.0   4.35200e+06
       20550.0   4.26700e+06
       20650.0   4.18700e+06
       20750.0   4.10600e+06
       20850.0   4.03000e+06
       20950.0   3.95500e+06
       21050.0   3.88100e+06
       21150.0   3.80500e+06
       21250.0   3.73800e+06
       21350.0   3.66900e+06
       21450.0   3.60200e+06
       21550.0   3.53600e+06
       21650.0   3.39100e+06
       21750.0   3.40700e+06
       21850.0   3.34700e+06
       21950.0   3.28800e+06
       22050.0   3.22900e+06
       22150.0   3.17100e+06
       22250.0   3.11500e+06
       22350.0   3.06000e+06
       22450.0   3.00700e+06
       22550.0   2.95400e+06
       22650.0   2.90300e+06
       22750.0   2.85200e+06
       22850.0   2.80700e+06
       22950.0   2.75900e+06
       23050.0   2.71100e+06
       23150.0   2.66500e+06
       23250.0   2.62000e+06
       23350.0   2.57600e+06
       23450.0   2.53200e+06
       23550.0   2.49000e+06
       23650.0   2.44800e+06
       23750.0   2.40800e+06
       23850.0   2.36800e+06
       23950.0   2.32900e+06
       24050.0   2.29100e+06
       24150.0   2.25300e+06
       24250.0   2.21600e+06
       24350.0   2.18100e+06
       24450.0   2.14500e+06
       24550.0   2.11100e+06
       24650.0   2.07700e+06
       24750.0   2.04200e+06
       24850.0   2.01100e+06
       24950.0   1.97700e+06
       25050.0   1.94800e+06
       25150.0   1.91800e+06
       25250.0   1.88400e+06
       25350.0   1.85800e+06
       25450.0   1.83000e+06
       25550.0   1.80100e+06
       25650.0   1.76700e+06
       25750.0   1.74600e+06
       25850.0   1.72000e+06
       25950.0   1.69300e+06
       26050.0   1.66600e+06
       26150.0   1.63100e+06
       26250.0   1.57600e+06
       26350.0   1.59200e+06
       26450.0   1.57000e+06
       26550.0   1.54600e+06
       26650.0   1.52200e+06
       26750.0   1.48600e+06
       26850.0   1.47800e+06
       26950.0   1.45700e+06
       27050.0   1.43600e+06
       27150.0   1.41500e+06
       27250.0   1.39400e+06
       27350.0   1.37400e+06
       27450.0   1.35400e+06
       27550.0   1.31900e+06
       27650.0   1.31100e+06
       27750.0   1.29700e+06
       27850.0   1.27800e+06
       27950.0   1.26000e+06
       28050.0   1.24300e+06
       28150.0   1.22500e+06
       28250.0   1.20800e+06
       28350.0   1.19100e+06
       28450.0   1.17400e+06
       28550.0   1.15800e+06
       28650.0   1.13900e+06
       28750.0   1.10800e+06
       28850.0   1.11100e+06
       28950.0   1.09600e+06
       29050.0   1.08100e+06
       29150.0   1.06600e+06
       29250.0   1.05200e+06
       29350.0   1.03700e+06
       29450.0   1.02300e+06
       29550.0   1.01000e+06
       29650.0       996200.
       29750.0       982900.
       29850.0       969900.
       29950.0       957000.
       30050.0       944400.
       30150.0       932000.
       30250.0       919800.
       30350.0       893300.
       30450.0       889500.
       30550.0       884300.
       30650.0       872900.
       30750.0       861600.
       30850.0       850500.
       30950.0       839600.
       31050.0       828900.
       31150.0       818300.
       31250.0       807900.
       31350.0       797700.
       31450.0       787600.
       31550.0       777700.
       31650.0       768000.
       31750.0       758400.
       31850.0       748900.
       31950.0       739600.
       32100.0       725900.
       32300.0       708100.
       32500.0       690900.
       32700.0       674200.
       32900.0       648800.
       33100.0       641400.
       33300.0       627400.
       33500.0       612600.
       33700.0       598300.
       33900.0       584300.
       34100.0       570700.
       34300.0       557600.
       34500.0       544800.
       34700.0       532300.
       34900.0       520200.
       35100.0       508500.
       35300.0       497100.
       35500.0       486000.
       35700.0       475200.
       35900.0       464700.
       36100.0       454500.
       36300.0       444600.
       36500.0       434900.
       36700.0       425600.
       36900.0       416400.
       37100.0       407300.
       37300.0       396300.
       37500.0       385900.
       37700.0       382200.
       37900.0       374200.
       38100.0       366100.
       38300.0       358600.
       38500.0       351400.
       38700.0       344200.
       38900.0       337200.
       39100.0       329600.
       39300.0       323700.
       39500.0       317200.
       39700.0       310800.
       39900.0       304600.
       40100.0       298100.
       40300.0       291600.
       40500.0       282600.
       40700.0       281400.
       40900.0       275900.
       41100.0       270600.
       41300.0       265300.
       41500.0       260300.
       41700.0       253500.
       41900.0       250500.
       42100.0       245700.
       42300.0       241100.
       42500.0       236600.
       42700.0       232200.
       42900.0       227800.
       43100.0       223700.
       43300.0       219600.
       43500.0       215600.
       43700.0       209900.
       43900.0       207400.
       44100.0       204100.
       44300.0       200400.
       44500.0       196800.
       44700.0       193400.
       44900.0       190000.
       45100.0       186600.
       45300.0       183300.
       45500.0       180100.
       45700.0       177000.
       45900.0       173900.
       46100.0       170900.
       46300.0       168000.
       46500.0       161800.
       46700.0       160000.
       46900.0       159300.
       47100.0       156800.
       47300.0       154200.
       47500.0       151600.
       47700.0       149100.
       47900.0       146600.
       48100.0       144200.
       48300.0       141800.
       48500.0       139500.
       48700.0       137200.
       48900.0       134900.
       49100.0       132700.
       49300.0       130600.
       49500.0       128500.
       49700.0       126400.
       49900.0       124400.
       50100.0       122400.
       50300.0       120500.
       50500.0       118600.
       50700.0       116700.
       50900.0       114900.
       51100.0       113000.
       51300.0       109500.
       51500.0       109600.
       51700.0       107900.
       51900.0       106300.
       52100.0       104600.
       52300.0       103000.
       52500.0       101500.
       52700.0       99940.0
       52900.0       98430.0
       53100.0       96950.0
       53300.0       95500.0
       53500.0       94070.0
       53700.0       92670.0
       53900.0       91300.0
       54100.0       89950.0
       54300.0       88630.0
       54500.0       87330.0
       54700.0       86060.0
       54900.0       84810.0
       55100.0       83570.0
       55300.0       82290.0
       55500.0       81180.0
       55700.0       80020.0
       55900.0       78880.0
       56100.0       77750.0
       56300.0       76650.0
       56500.0       75570.0
       56700.0       74500.0
       56900.0       73460.0
       57100.0       72230.0
       57300.0       71420.0
       57500.0       70430.0
       57700.0       69450.0
       57900.0       68490.0
       58100.0       67550.0
       58300.0       66620.0
       58500.0       65730.0
       58700.0       64830.0
       58900.0       63880.0
       59100.0       61800.0
       59300.0       62210.0
       59500.0       61120.0
       59700.0       60480.0
       59900.0       59770.0
       60100.0       58980.0
       60300.0       58190.0
       60500.0       57420.0
       60700.0       56670.0
       60900.0       55920.0
       61100.0       55190.0
       61300.0       54470.0
       61500.0       53760.0
       61700.0       53070.0
       61900.0       52380.0
       62100.0       51710.0
       62300.0       51040.0
       62500.0       50390.0
       62700.0       49720.0
       62900.0       48680.0
       63100.0       48440.0
       63300.0       47880.0
       63500.0       47270.0
       63700.0       46680.0
       63900.0       46100.0
       64200.0       45240.0
       64600.0       44120.0
       65000.0       43040.0
       65400.0       41990.0
       65800.0       40970.0
       66200.0       39990.0
       66600.0       39030.0
       67000.0       38100.0
       67400.0       37180.0
       67800.0       36070.0
       68200.0       35470.0
       68600.0       34650.0
       69000.0       33850.0
       69400.0       33070.0
       69800.0       32320.0
       70200.0       31580.0
       70600.0       30870.0
       71000.0       30170.0
       71400.0       29500.0
       71800.0       28840.0
       72200.0       28210.0
       72600.0       27590.0
       73000.0       26980.0
       73400.0       26400.0
       73800.0       25820.0
       74200.0       25250.0
       74600.0       24360.0
       75000.0       23700.0
       75400.0       23670.0
       75800.0       23190.0
       76200.0       22700.0
       76600.0       22230.0
       77000.0       21770.0
       77400.0       21320.0
       77800.0       20870.0
       78200.0       20460.0
       78600.0       20040.0
       79000.0       19630.0
       79400.0       19240.0
       79800.0       18850.0
       80200.0       18480.0
       80600.0       18110.0
       81000.0       17750.0
       81400.0       17380.0
       81800.0       17060.0
       82200.0       16730.0
       82600.0       16410.0
       83000.0       16090.0
       83400.0       15790.0
       83800.0       15480.0
       84200.0       15190.0
       84600.0       14900.0
       85000.0       14620.0
       85400.0       14350.0
       85800.0       14080.0
       86200.0       13820.0
       86600.0       13510.0
       87000.0       13310.0
       87400.0       12980.0
       87800.0       12750.0
       88200.0       12600.0
       88600.0       12370.0
       89000.0       12150.0
       89400.0       11930.0
       89800.0       11720.0
       90200.0       11510.0
       90600.0       11310.0
       91000.0       11110.0
       91400.0       10910.0
       91800.0       10720.0
       92200.0       10540.0
       92600.0       10360.0
       93000.0       10180.0
       93400.0       10000.0
       93800.0       9772.00
       94200.0       9654.00
       94600.0       9501.00
       95000.0       9341.00
       95400.0       9185.00
       95800.0       9031.00
       96200.0       8881.00
       96600.0       8733.00
       97000.0       8589.00
       97400.0       8448.00
       97800.0       8309.00
       98200.0       8174.00
       98600.0       8041.00
       99000.0       7911.00
       99400.0       7783.00
       99800.0       7659.00
       100200.       7536.00
       200000.       462.800
       400000.       28.0600
       600000.       5.44200
       800000.       1.69900
   1.00000e+06      0.688700
   1.20000e+06      0.329300
   1.40000e+06      0.176400
   1.60000e+06      0.102700
