       90.9000       0.00000
       93.5000       0.00000
       96.1000       0.00000
       97.7000       0.00000
       99.6000       0.00000
       102.000       0.00000
       103.800       0.00000
       105.600       0.00000
       107.700       0.00000
       110.400       0.00000
       114.000       0.00000
       117.800       0.00000
       121.300       0.00000
       124.800       0.00000
       127.100       0.00000
       128.400       0.00000
       130.500       0.00000
       132.400       0.00000
       133.900       0.00000
       136.600       0.00000
       139.800       0.00000
       143.300       0.00000
       147.200       0.00000
       151.000       0.00000
       155.200       0.00000
       158.800       0.00000
       162.000       0.00000
       166.000       0.00000
       170.300       0.00000
       173.400       0.00000
       176.800       0.00000
       180.200       0.00000
       181.700       0.00000
       186.100       0.00000
       191.000       0.00000
       193.900       0.00000
       198.400       0.00000
       201.800       0.00000
       205.000       0.00000
       210.500       0.00000
       216.200       0.00000
       219.800       0.00000
       223.000       0.00000
       226.800       0.00000
       230.000       0.00000
       234.000       0.00000
       240.000       0.00000
       246.500       0.00000
       252.400       0.00000
       256.800       0.00000
       260.000       0.00000
       264.000       0.00000
       268.500       0.00000
       273.500       0.00000
       278.500       0.00000
       284.000       0.00000
       290.000       0.00000
       296.000       0.00000
       301.000       0.00000
       308.000       0.00000
       318.000       0.00000
       328.000       0.00000
       338.000       0.00000
       348.000       0.00000
       357.000       0.00000
       366.000       0.00000
       375.000       0.00000
       385.000       0.00000
       395.000       0.00000
       405.000       0.00000
       414.000       0.00000
       422.000       0.00000
       430.000       0.00000
       441.000       0.00000
       451.000       0.00000
       460.000       0.00000
       470.000       0.00000
       480.000       0.00000
       490.000       0.00000
       500.000       0.00000
       506.000       0.00000
       512.000       0.00000
       520.000       0.00000
       530.000       0.00000
       540.000       0.00000
       550.000       0.00000
       560.000       0.00000
       570.000       0.00000
       580.000       0.00000
       590.000       0.00000
       600.000       0.00000
       610.000       0.00000
       620.000       0.00000
       630.000       0.00000
       640.000       0.00000
       650.000       0.00000
       658.000       0.00000
       665.000       0.00000
       675.000   4.29700e-25
       685.000   1.24600e-24
       695.000   3.49500e-24
       705.000   9.49000e-24
       716.000   2.76200e-23
       726.000   7.06700e-23
       735.000   1.60900e-22
       745.000   3.91400e-22
       755.000   9.29000e-22
       765.000   2.15300e-21
       775.000   4.87300e-21
       785.000   1.07900e-20
       795.000   2.32700e-20
       805.000   4.95700e-20
       815.000   1.03300e-19
       825.000   2.11100e-19
       835.000   4.23400e-19
       845.000   8.34000e-19
       855.000   1.61300e-18
       865.000   3.06700e-18
       875.000   5.73300e-18
       885.000   1.05700e-17
       895.000   1.92200e-17
       905.000   3.43100e-17
       915.000   1.21000e-12
       925.000   6.91400e-12
       935.000   1.10000e-11
       945.000   1.55600e-11
       955.000   1.85000e-11
       965.000   3.80400e-11
       975.000   3.02300e-11
       985.000   6.75400e-11
       995.000   1.02600e-10
       1005.00   1.14600e-10
       1015.00   1.55700e-10
       1025.00   1.98400e-10
       1035.00   4.50700e-10
       1045.00   6.20100e-10
       1055.00   7.33000e-10
       1065.00   1.75700e-09
       1075.00   2.27300e-09
       1085.00   4.34400e-09
       1095.00   5.74400e-09
       1105.00   7.79800e-09
       1115.00   1.00400e-08
       1125.00   2.29200e-08
       1135.00   3.77100e-08
       1145.00   6.03000e-08
       1155.00   8.51100e-08
       1165.00   1.03800e-07
       1175.00   1.60400e-07
       1185.00   1.96700e-07
       1195.00   1.98400e-07
       1205.00   1.41300e-07
       1215.00   2.60200e-08
       1225.00   2.15500e-07
       1235.00   7.24700e-07
       1245.00   1.20400e-06
       1255.00   1.69600e-06
       1265.00   2.17800e-06
       1275.00   2.93400e-06
       1285.00   3.08500e-06
       1295.00   3.90000e-06
       1305.00   4.96300e-06
       1315.00   6.21800e-06
       1325.00   7.06000e-06
       1335.00   7.93000e-06
       1345.00   1.05700e-05
       1355.00   1.39100e-05
       1365.00   1.54800e-05
       1375.00   1.72900e-05
       1385.00   2.06200e-05
       1395.00   2.40500e-05
       1405.00   3.32900e-05
       1415.00   4.23200e-05
       1425.00   4.80900e-05
       1435.00   6.59100e-05
       1442.00   9.42900e-05
       1447.00   8.10800e-05
       1455.00   9.56600e-05
       1465.00   0.000137300
       1475.00   0.000132600
       1485.00   0.000169100
       1495.00   0.000254400
       1505.00   0.000361500
       1512.00   0.000226500
       1517.00   0.000354600
       1525.00   0.000525500
       1535.00    0.00105600
       1545.00   0.000798400
       1555.00    0.00128900
       1565.00    0.00117600
       1575.00    0.00218900
       1585.00    0.00226800
       1595.00    0.00220000
       1605.00    0.00230400
       1615.00    0.00238900
       1625.00    0.00235000
       1635.00    0.00311800
       1645.00    0.00417400
       1655.00    0.00348800
       1665.00    0.00550200
       1672.00    0.00461700
       1677.00    0.00714100
       1685.00    0.00937100
       1695.00     0.0129800
       1705.00     0.0137400
       1715.00     0.0151200
       1725.00     0.0205700
       1735.00     0.0232600
       1745.00     0.0322600
       1755.00     0.0327900
       1765.00     0.0400400
       1775.00     0.0383600
       1785.00     0.0685500
       1795.00     0.0577000
       1805.00     0.0961600
       1815.00     0.0725500
       1825.00      0.112000
       1835.00      0.102000
       1845.00      0.147000
       1855.00      0.120600
       1865.00      0.192700
       1875.00      0.184700
       1885.00      0.230200
       1895.00      0.284600
       1905.00      0.300300
       1915.00      0.414100
       1925.00      0.368800
       1935.00      0.278800
       1945.00      0.503900
       1955.00      0.684100
       1967.00      0.748900
       1976.00      0.849700
       1984.00       1.05900
       1995.00      0.978300
       2005.00       1.15300
       2015.00       1.31000
       2025.00       1.25100
       2035.00       1.55400
       2045.00       1.64600
       2055.00       1.91900
       2065.00       1.87900
       2074.00       1.75900
       2078.00       2.30000
       2085.00       2.72000
       2095.00       3.57200
       2105.00       3.84000
       2115.00       3.98300
       2125.00       4.55200
       2135.00       5.58200
       2145.00       4.53000
       2155.00       5.48200
       2165.00       5.42900
       2175.00       5.88800
       2185.00       5.64000
       2195.00       8.68100
       2205.00       7.58300
       2215.00       8.82800
       2225.00       8.00800
       2235.00       12.3100
       2245.00       14.0200
       2255.00       16.3700
       2265.00       10.3000
       2275.00       18.0700
       2285.00       17.8600
       2295.00       26.8300
       2305.00       12.4400
       2315.00       33.4400
       2325.00       28.2800
       2335.00       40.6900
       2345.00       26.8500
       2355.00       25.3200
       2365.00       32.1300
       2375.00       32.1700
       2385.00       49.5800
       2395.00       48.2700
       2405.00       78.1500
       2415.00       52.0700
       2425.00       63.8700
       2435.00       89.8600
       2445.00       115.900
       2455.00       132.300
       2465.00       95.0400
       2475.00       153.400
       2485.00       75.9100
       2495.00       81.5200
       2505.00       141.800
       2513.00       108.700
       2518.00       123.800
       2525.00       146.100
       2535.00       253.000
       2545.00       305.300
       2555.00       326.400
       2565.00       209.400
       2575.00       293.000
       2585.00       245.800
       2595.00       279.500
       2605.00       361.700
       2615.00       345.800
       2625.00       480.000
       2635.00       674.600
       2645.00       574.500
       2655.00       735.800
       2665.00       682.100
       2675.00       609.400
       2685.00       785.700
       2695.00       616.900
       2705.00       906.000
       2715.00       900.200
       2725.00       828.000
       2735.00       854.000
       2745.00       1127.00
       2755.00       1096.00
       2765.00       1411.00
       2775.00       1765.00
       2785.00       1274.00
       2795.00       1636.00
       2805.00       1662.00
       2815.00       1723.00
       2825.00       1805.00
       2835.00       1649.00
       2845.00       1401.00
       2855.00       849.300
       2865.00       1940.00
       2875.00       2074.00
       2885.00       2871.00
       2895.00       3218.00
       2910.00       3842.00
       2930.00       4318.00
       2950.00       4297.00
       2970.00       4293.00
       2990.00       4995.00
       3010.00       5348.00
       3030.00       6567.00
       3050.00       7695.00
       3070.00       8452.00
       3090.00       7945.00
       3110.00       12470.0
       3130.00       12500.0
       3150.00       18980.0
       3170.00       28710.0
       3190.00       22480.0
       3210.00       27640.0
       3230.00       27680.0
       3250.00       44270.0
       3270.00       62510.0
       3290.00       79490.0
       3310.00       62220.0
       3330.00       68100.0
       3350.00       59670.0
       3370.00       37460.0
       3390.00       50810.0
       3410.00       59300.0
       3430.00       66880.0
       3450.00       56950.0
       3470.00       56690.0
       3490.00       79600.0
       3510.00       108900.
       3530.00       105700.
       3550.00       157000.
       3570.00       67720.0
       3590.00       58920.0
       3610.00       92170.0
       3630.00       123300.
       3640.00       134000.
       3650.00       159900.
       3670.00       213300.
       3690.00       163600.
       3710.00       123600.
       3730.00       54750.0
       3750.00       70590.0
       3770.00       171400.
       3790.00       192200.
       3810.00       170700.
       3830.00       73680.0
       3850.00       124300.
       3870.00       117600.
       3890.00       126900.
       3910.00       179700.
       3930.00       68090.0
       3950.00       125800.
       3970.00       94810.0
       3990.00       289100.
       4010.00       398300.
       4030.00       302200.
       4050.00       340300.
       4070.00       311900.
       4090.00       440700.
       4110.00       295800.
       4130.00       341600.
       4150.00       325300.
       4170.00       327100.
       4190.00       342500.
       4210.00       273100.
       4230.00       141900.
       4250.00       293300.
       4270.00       303100.
       4290.00       298300.
       4310.00       341300.
       4330.00       486200.
       4350.00       518000.
       4370.00       555100.
       4390.00       464600.
       4410.00       486900.
       4430.00       495900.
       4450.00       523500.
       4470.00       597500.
       4490.00       626200.
       4510.00       731200.
       4530.00       577300.
       4550.00       660100.
       4570.00       729100.
       4590.00       673300.
       4610.00       709800.
       4630.00       698600.
       4650.00       660300.
       4670.00       730200.
       4690.00       700300.
       4710.00       665200.
       4730.00       649900.
       4750.00       645300.
       4770.00       497200.
       4790.00       551400.
       4810.00       643400.
       4830.00       660700.
       4850.00       716800.
       4870.00       707900.
       4890.00       745400.
       4910.00       760500.
       4930.00       715200.
       4950.00       690100.
       4970.00       563000.
       4990.00       537500.
       5010.00       448300.
       5030.00       507500.
       5050.00       479100.
       5070.00       471700.
       5090.00       458500.
       5110.00       476600.
       5130.00       457200.
       5150.00       427800.
       5170.00       399100.
       5190.00       420900.
       5210.00       509500.
       5230.00       798200.
       5250.00       836100.
       5270.00       715700.
       5290.00       898000.
       5310.00       992500.
       5330.00       859400.
       5350.00       931800.
       5370.00       924200.
       5390.00       910500.
       5410.00       903000.
       5430.00       901700.
       5450.00       856400.
       5470.00       853900.
       5490.00       894100.
       5510.00       840200.
       5530.00       947000.
       5550.00       983100.
       5570.00       963800.
       5590.00       874700.
       5610.00       855600.
       5630.00       913800.
       5650.00       974200.
       5670.00       948600.
       5690.00   1.00000e+06
       5710.00       969000.
       5730.00   1.07300e+06
       5750.00   1.09500e+06
       5770.00   1.07100e+06
       5790.00   1.04900e+06
       5810.00   1.09000e+06
       5830.00   1.12100e+06
       5850.00   1.05300e+06
       5870.00       976000.
       5890.00       506100.
       5910.00       846400.
       5930.00       964000.
       5950.00       983300.
       5970.00   1.01200e+06
       5990.00   1.03700e+06
       6010.00   1.04100e+06
       6030.00   1.09500e+06
       6050.00   1.12600e+06
       6070.00   1.13600e+06
       6090.00   1.13000e+06
       6110.00   1.12400e+06
       6130.00   1.05100e+06
       6150.00   1.12500e+06
       6170.00       876700.
       6190.00       994000.
       6210.00       973000.
       6230.00       899500.
       6250.00       909600.
       6270.00       983800.
       6290.00   1.03300e+06
       6310.00   1.04600e+06
       6330.00   1.07900e+06
       6350.00   1.10400e+06
       6370.00   1.09600e+06
       6390.00   1.12500e+06
       6410.00   1.11400e+06
       6430.00   1.08200e+06
       6450.00   1.05600e+06
       6470.00   1.07900e+06
       6490.00   1.06000e+06
       6510.00   1.12100e+06
       6530.00   1.17100e+06
       6550.00   1.13900e+06
       6570.00   1.13900e+06
       6590.00   1.15100e+06
       6610.00   1.15400e+06
       6630.00   1.14500e+06
       6650.00   1.10800e+06
       6670.00   1.07200e+06
       6690.00   1.01600e+06
       6710.00   1.00400e+06
       6730.00       959800.
       6750.00       960200.
       6770.00   1.01600e+06
       6790.00       969600.
       6810.00   1.00600e+06
       6830.00   1.04700e+06
       6850.00   1.05900e+06
       6870.00   1.06400e+06
       6890.00   1.10300e+06
       6910.00   1.14200e+06
       6930.00   1.13400e+06
       6950.00   1.16200e+06
       6970.00   1.20200e+06
       6990.00   1.19300e+06
       7010.00   1.21000e+06
       7030.00   1.23000e+06
       7050.00   1.19200e+06
       7070.00   1.04800e+06
       7090.00       991900.
       7110.00       987800.
       7130.00       892600.
       7150.00       881100.
       7170.00       947200.
       7190.00       995500.
       7210.00       979000.
       7230.00   1.06700e+06
       7250.00   1.09300e+06
       7270.00   1.14500e+06
       7290.00   1.16700e+06
       7310.00   1.18900e+06
       7330.00   1.18600e+06
       7350.00   1.20200e+06
       7370.00   1.23500e+06
       7390.00   1.23900e+06
       7410.00   1.23400e+06
       7430.00   1.25100e+06
       7450.00   1.24600e+06
       7470.00   1.25600e+06
       7490.00   1.25600e+06
       7510.00   1.26600e+06
       7530.00   1.27300e+06
       7550.00   1.27400e+06
       7570.00   1.27100e+06
       7590.00   1.24000e+06
       7610.00   1.22700e+06
       7630.00   1.21800e+06
       7650.00   1.20800e+06
       7670.00   1.11000e+06
       7690.00   1.15700e+06
       7710.00   1.12000e+06
       7730.00   1.16600e+06
       7750.00   1.14400e+06
       7770.00   1.16100e+06
       7790.00   1.16100e+06
       7810.00   1.18100e+06
       7830.00   1.16200e+06
       7850.00   1.16800e+06
       7870.00   1.19100e+06
       7890.00   1.20000e+06
       7910.00   1.18700e+06
       7930.00   1.18800e+06
       7950.00   1.17700e+06
       7970.00   1.21700e+06
       7990.00   1.20700e+06
       8010.00   1.21000e+06
       8030.00   1.21400e+06
       8050.00   1.21200e+06
       8070.00   1.20900e+06
       8090.00   1.21200e+06
       8110.00   1.21800e+06
       8130.00   1.22800e+06
       8150.00   1.22900e+06
       8170.00   1.22500e+06
       8190.00   1.12900e+06
       8210.00   1.17900e+06
       8230.00   1.19400e+06
       8250.00   1.19500e+06
       8270.00   1.20400e+06
       8290.00   1.18900e+06
       8310.00   1.17100e+06
       8330.00   1.15400e+06
       8350.00   1.16500e+06
       8370.00   1.16300e+06
       8390.00   1.09900e+06
       8410.00   1.16300e+06
       8430.00   1.11000e+06
       8450.00   1.14600e+06
       8470.00   1.13300e+06
       8490.00   1.13500e+06
       8510.00   1.08800e+06
       8530.00   1.12500e+06
       8550.00       999800.
       8570.00   1.15800e+06
       8590.00   1.15400e+06
       8610.00   1.15200e+06
       8630.00   1.16000e+06
       8650.00   1.15700e+06
       8670.00   1.01500e+06
       8690.00   1.10300e+06
       8710.00   1.16300e+06
       8730.00   1.15800e+06
       8750.00   1.15900e+06
       8770.00   1.15100e+06
       8790.00   1.16200e+06
       8810.00   1.12500e+06
       8830.00   1.13300e+06
       8850.00   1.15000e+06
       8870.00   1.09000e+06
       8890.00   1.10400e+06
       8910.00   1.11200e+06
       8930.00   1.10400e+06
       8950.00   1.09200e+06
       8970.00   1.09900e+06
       8990.00   1.11100e+06
       9010.00   1.07600e+06
       9030.00   1.10300e+06
       9050.00   1.12300e+06
       9070.00   1.12600e+06
       9090.00   1.09700e+06
       9110.00   1.10300e+06
       9130.00   1.12000e+06
       9150.00   1.11600e+06
       9170.00   1.11300e+06
       9190.00   1.11800e+06
       9210.00   1.10500e+06
       9230.00   1.10900e+06
       9250.00   1.09500e+06
       9270.00   1.09900e+06
       9290.00   1.09000e+06
       9310.00   1.10200e+06
       9330.00   1.10100e+06
       9350.00   1.09600e+06
       9370.00   1.08300e+06
       9390.00   1.09200e+06
       9410.00   1.07700e+06
       9430.00   1.08800e+06
       9450.00   1.06900e+06
       9470.00   1.08500e+06
       9490.00   1.08700e+06
       9510.00   1.08300e+06
       9530.00   1.07700e+06
       9550.00   1.05900e+06
       9570.00   1.06700e+06
       9590.00   1.07900e+06
       9610.00   1.05900e+06
       9630.00   1.07000e+06
       9650.00   1.02400e+06
       9670.00   1.03000e+06
       9690.00   1.05400e+06
       9710.00   1.04200e+06
       9730.00   1.02800e+06
       9750.00   1.03000e+06
       9770.00   1.03800e+06
       9790.00   1.01000e+06
       9810.00   1.04700e+06
       9830.00   1.03100e+06
       9850.00   1.04400e+06
       9870.00   1.04000e+06
       9890.00   1.03900e+06
       9910.00   1.03400e+06
       9930.00   1.03300e+06
       9950.00   1.03200e+06
       9970.00   1.03200e+06
       9990.00   1.03200e+06
       10025.0   1.02200e+06
       10075.0   1.01600e+06
       10125.0   1.01600e+06
       10175.0   1.00800e+06
       10225.0   1.00400e+06
       10275.0   1.00400e+06
       10325.0       986800.
       10375.0       984900.
       10425.0       988300.
       10475.0       976500.
       10525.0       978900.
       10575.0       966700.
       10625.0       965800.
       10675.0       951800.
       10725.0       948800.
       10775.0       945200.
       10825.0       926100.
       10875.0       932600.
       10925.0       930600.
       10975.0       914700.
       11025.0       910700.
       11075.0       909100.
       11125.0       902900.
       11175.0       897100.
       11225.0       897000.
       11275.0       879300.
       11325.0       883100.
       11375.0       867300.
       11425.0       858000.
       11475.0       873600.
       11525.0       872900.
       11575.0       863300.
       11625.0       846800.
       11675.0       848900.
       11725.0       856400.
       11775.0       836400.
       11825.0       830700.
       11875.0       823500.
       11925.0       838800.
       11975.0       805800.
       12025.0       824700.
       12075.0       814600.
       12125.0       820400.
       12175.0       819200.
       12225.0       814900.
       12275.0       809000.
       12325.0       805000.
       12375.0       802400.
       12425.0       794500.
       12475.0       795100.
       12525.0       786900.
       12575.0       787200.
       12625.0       782300.
       12675.0       774500.
       12725.0       776000.
       12775.0       774600.
       12825.0       753000.
       12875.0       762000.
       12925.0       751300.
       12975.0       759400.
       13025.0       753500.
       13075.0       753200.
       13125.0       729100.
       13175.0       733600.
       13225.0       742200.
       13275.0       731100.
       13325.0       721400.
       13375.0       714100.
       13425.0       709800.
       13475.0       712700.
       13525.0       706000.
       13575.0       701500.
       13625.0       693900.
       13675.0       701900.
       13725.0       702800.
       13775.0       699200.
       13825.0       698100.
       13875.0       686300.
       13925.0       659200.
       13975.0       668200.
       14025.0       667600.
       14075.0       671000.
       14125.0       659200.
       14175.0       662000.
       14225.0       657000.
       14275.0       636300.
       14325.0       655500.
       14375.0       653700.
       14425.0       646900.
       14475.0       653700.
       14525.0       644600.
       14570.0       642800.
       14620.0       627100.
       14675.0       627900.
       14725.0       629900.
       14775.0       627100.
       14825.0       631300.
       14875.0       611600.
       14925.0       637500.
       14975.0       637800.
       15025.0       589000.
       15075.0       614100.
       15125.0       629200.
       15175.0       630200.
       15225.0       633000.
       15275.0       626300.
       15325.0       632500.
       15375.0       625300.
       15425.0       617800.
       15475.0       636600.
       15525.0       621300.
       15575.0       621900.
       15625.0       632500.
       15675.0       623200.
       15725.0       616300.
       15775.0       588200.
       15825.0       620600.
       15875.0       604400.
       15925.0       618600.
       15975.0       622500.
       16050.0       618300.
       16150.0       610500.
       16250.0       606000.
       16350.0       607800.
       16450.0       600200.
       16550.0       600400.
       16650.0       586700.
       16750.0       565100.
       16850.0       565400.
       16950.0       560000.
       17050.0       541800.
       17150.0       519700.
       17250.0       515300.
       17350.0       502200.
       17450.0       493100.
       17550.0       478500.
       17650.0       469000.
       17750.0       454300.
       17850.0       443900.
       17950.0       436500.
       18050.0       419900.
       18150.0       415400.
       18250.0       404200.
       18350.0       398300.
       18450.0       379100.
       18550.0       374000.
       18650.0       368900.
       18750.0       360800.
       18850.0       362100.
       18950.0       348200.
       19050.0       351900.
       19150.0       346300.
       19250.0       341900.
       19350.0       328000.
       19450.0       321500.
       19550.0       322200.
       19650.0       318700.
       19750.0       301200.
       19850.0       298400.
       19950.0       294600.
       20050.0       297000.
       20150.0       290900.
       20250.0       283500.
       20350.0       280600.
       20450.0       277700.
       20550.0       273300.
       20650.0       265900.
       20750.0       265500.
       20850.0       259600.
       20950.0       255100.
       21050.0       254100.
       21150.0       250100.
       21250.0       247700.
       21350.0       245900.
       21450.0       242900.
       21550.0       240100.
       21650.0       238000.
       21750.0       232500.
       21850.0       230900.
       21950.0       228600.
       22050.0       219300.
       22150.0       224500.
       22250.0       217400.
       22350.0       216400.
       22450.0       214200.
       22550.0       212100.
       22650.0       205900.
       22750.0       206500.
       22850.0       201100.
       22950.0       183000.
       23050.0       188800.
       23150.0       186900.
       23250.0       169400.
       23350.0       173100.
       23450.0       175400.
       23550.0       158700.
       23650.0       166100.
       23750.0       165100.
       23850.0       149900.
       23950.0       155100.
       24050.0       152500.
       24150.0       142000.
       24250.0       143100.
       24350.0       141300.
       24450.0       133700.
       24550.0       130300.
       24650.0       130100.
       24750.0       125500.
       24850.0       120300.
       24950.0       121200.
       25050.0       118900.
       25150.0       113600.
       25250.0       110500.
       25350.0       110900.
       25450.0       109900.
       25550.0       109500.
       25650.0       105600.
       25750.0       107400.
       25850.0       105700.
       25950.0       105400.
       26050.0       105200.
       26150.0       107000.
       26250.0       104600.
       26350.0       104400.
       26450.0       102500.
       26550.0       101400.
       26650.0       100500.
       26750.0       98850.0
       26850.0       98000.0
       26950.0       94190.0
       27050.0       94180.0
       27150.0       91260.0
       27250.0       88930.0
       27350.0       88170.0
       27450.0       88380.0
       27550.0       84970.0
       27650.0       84300.0
       27750.0       84000.0
       27850.0       81270.0
       27950.0       82000.0
       28050.0       76480.0
       28150.0       77880.0
       28250.0       76780.0
       28350.0       75590.0
       28450.0       76580.0
       28550.0       73300.0
       28650.0       74510.0
       28750.0       72990.0
       28850.0       71530.0
       28950.0       71940.0
       29050.0       68440.0
       29150.0       71230.0
       29250.0       64770.0
       29350.0       69330.0
       29450.0       62970.0
       29550.0       66550.0
       29650.0       62810.0
       29750.0       64990.0
       29850.0       61190.0
       29950.0       64050.0
       30050.0       59430.0
       30150.0       63120.0
       30250.0       58620.0
       30350.0       60790.0
       30450.0       57710.0
       30550.0       59160.0
       30650.0       58290.0
       30750.0       57080.0
       30850.0       56340.0
       30950.0       55100.0
       31050.0       56580.0
       31150.0       54270.0
       31250.0       55430.0
       31350.0       53100.0
       31450.0       53820.0
       31550.0       52940.0
       31650.0       53420.0
       31750.0       51990.0
       31850.0       52170.0
       31950.0       51300.0
       32100.0       51510.0
       32300.0       50080.0
       32500.0       49840.0
       32700.0       48900.0
       32900.0       47930.0
       33100.0       47710.0
       33300.0       46590.0
       33500.0       46060.0
       33700.0       45690.0
       33900.0       44340.0
       34100.0       43960.0
       34300.0       43900.0
       34500.0       42150.0
       34700.0       42330.0
       34900.0       41480.0
       35100.0       40500.0
       35300.0       39780.0
       35500.0       39550.0
       35700.0       38350.0
       35900.0       37830.0
       36100.0       37610.0
       36300.0       36540.0
       36500.0       35970.0
       36700.0       35390.0
       36900.0       34740.0
       37100.0       33920.0
       37300.0       33500.0
       37500.0       33180.0
       37700.0       32150.0
       37900.0       32060.0
       38100.0       31220.0
       38300.0       30680.0
       38500.0       30170.0
       38700.0       29700.0
       38900.0       29000.0
       39100.0       28540.0
       39300.0       28030.0
       39500.0       27590.0
       39700.0       27040.0
       39900.0       26030.0
       40100.0       25860.0
       40300.0       25420.0
       40500.0       24560.0
       40700.0       24070.0
       40900.0       23650.0
       41100.0       23290.0
       41300.0       22770.0
       41500.0       22480.0
       41700.0       21790.0
       41900.0       21630.0
       42100.0       20970.0
       42300.0       20960.0
       42500.0       20330.0
       42700.0       20070.0
       42900.0       19170.0
       43100.0       18090.0
       43300.0       18160.0
       43500.0       17170.0
       43700.0       16630.0
       43900.0       16330.0
       44100.0       15590.0
       44300.0       15270.0
       44500.0       15040.0
       44700.0       14450.0
       44900.0       14360.0
       45100.0       13970.0
       45300.0       13620.0
       45500.0       13550.0
       45700.0       13400.0
       45900.0       12960.0
       46100.0       12950.0
       46300.0       12700.0
       46500.0       12680.0
       46700.0       12530.0
       46900.0       12330.0
       47100.0       12150.0
       47300.0       12110.0
       47500.0       11850.0
       47700.0       11620.0
       47900.0       11560.0
       48100.0       11190.0
       48300.0       11330.0
       48500.0       11030.0
       48700.0       10770.0
       48900.0       10600.0
       49100.0       10610.0
       49300.0       10290.0
       49500.0       10190.0
       49700.0       10050.0
       49900.0       9942.00
       50100.0       9646.00
       50300.0       9575.00
       50500.0       9426.00
       50700.0       9352.00
       50900.0       9174.00
       51100.0       9064.00
       51300.0       8959.00
       51500.0       8873.00
       51700.0       8674.00
       51900.0       8585.00
       52100.0       8530.00
       52300.0       8358.00
       52500.0       8228.00
       52700.0       8222.00
       52900.0       7980.00
       53100.0       7966.00
       53300.0       7794.00
       53500.0       7737.00
       53700.0       7611.00
       53900.0       7607.00
       54100.0       7452.00
       54300.0       7197.00
       54500.0       7290.00
       54700.0       7177.00
       54900.0       7116.00
       55100.0       7000.00
       55300.0       6971.00
       55500.0       6768.00
       55700.0       6754.00
       55900.0       6717.00
       56100.0       6593.00
       56300.0       6485.00
       56500.0       6465.00
       56700.0       6360.00
       56900.0       6218.00
       57100.0       6252.00
       57300.0       6075.00
       57500.0       6167.00
       57700.0       6002.00
       57900.0       5910.00
       58100.0       5912.00
       58300.0       5773.00
       58500.0       5732.00
       58700.0       5678.00
       58900.0       5629.00
       59100.0       5542.00
       59300.0       5518.00
       59500.0       5448.00
       59700.0       5370.00
       59900.0       5337.00
       60100.0       5326.00
       60300.0       5177.00
       60500.0       5091.00
       60700.0       5117.00
       60900.0       5069.00
       61100.0       4939.00
       61300.0       5001.00
       61500.0       4873.00
       61700.0       4841.00
       61900.0       4790.00
       62100.0       4740.00
       62300.0       4714.00
       62500.0       4612.00
       62700.0       4548.00
       62900.0       4534.00
       63100.0       4454.00
       63300.0       4427.00
       63500.0       4314.00
       63700.0       4317.00
       63900.0       4233.00
       64200.0       4125.00
       64600.0       3915.00
       65000.0       3787.00
       65400.0       3671.00
       65800.0       3515.00
       66200.0       3420.00
       66600.0       3362.00
       67000.0       3261.00
       67400.0       3214.00
       67800.0       3098.00
       68200.0       3028.00
       68600.0       3011.00
       69000.0       2925.00
       69400.0       2848.00
       69800.0       2835.00
       70200.0       2740.00
       70600.0       2692.00
       71000.0       2631.00
       71400.0       2587.00
       71800.0       2555.00
       72200.0       2464.00
       72600.0       2425.00
       73000.0       2397.00
       73400.0       2336.00
       73800.0       2303.00
       74200.0       2236.00
       74600.0       2216.00
       75000.0       2166.00
       75400.0       2121.00
       75800.0       2052.00
       76200.0       1998.00
       76600.0       1959.00
       77000.0       1933.00
       77400.0       1863.00
       77800.0       1841.00
       78200.0       1795.00
       78600.0       1759.00
       79000.0       1711.00
       79400.0       1693.00
       79800.0       1642.00
       80200.0       1629.00
       80600.0       1586.00
       81000.0       1555.00
       81400.0       1535.00
       81800.0       1511.00
       82200.0       1474.00
       82600.0       1463.00
       83000.0       1425.00
       83400.0       1397.00
       83800.0       1366.00
       84200.0       1364.00
       84600.0       1331.00
       85000.0       1303.00
       85400.0       1291.00
       85800.0       1264.00
       86200.0       1247.00
       86600.0       1223.00
       87000.0       1214.00
       87400.0       1178.00
       87800.0       1162.00
       88200.0       1142.00
       88600.0       1127.00
       89000.0       1110.00
       89400.0       1092.00
       89800.0       1070.00
       90200.0       1062.00
       90600.0       1044.00
       91000.0       1027.00
       91400.0       1009.00
       91800.0       994.000
       92200.0       977.600
       92600.0       959.100
       93000.0       949.100
       93400.0       932.900
       93800.0       916.600
       94200.0       900.900
       94600.0       884.900
       95000.0       874.100
       95400.0       869.000
       95800.0       844.000
       96200.0       832.500
       96600.0       817.800
       97000.0       807.600
       97400.0       797.600
       97800.0       783.200
       98200.0       773.100
       98600.0       762.100
       99000.0       736.500
       99400.0       735.100
       99800.0       722.800
       100200.       711.800
       200000.       49.0000
       400000.       3.16700
       600000.      0.629000
       800000.      0.199000
   1.00000e+06     0.0814300
   1.20000e+06     0.0392000
   1.40000e+06     0.0211200
   1.60000e+06     0.0123600
