       90.9000       0.00000
       93.5000       0.00000
       96.1000       0.00000
       97.7000       0.00000
       99.6000       0.00000
       102.000       0.00000
       103.800       0.00000
       105.600       0.00000
       107.700       0.00000
       110.400       0.00000
       114.000       0.00000
       117.800       0.00000
       121.300       0.00000
       124.800       0.00000
       127.100       0.00000
       128.400       0.00000
       130.500       0.00000
       132.400       0.00000
       133.900       0.00000
       136.600       0.00000
       139.800       0.00000
       143.300       0.00000
       147.200       0.00000
       151.000       0.00000
       155.200       0.00000
       158.800       0.00000
       162.000       0.00000
       166.000       0.00000
       170.300       0.00000
       173.400       0.00000
       176.800       0.00000
       180.200       0.00000
       181.700       0.00000
       186.100       0.00000
       191.000       0.00000
       193.900       0.00000
       198.400       0.00000
       201.800       0.00000
       205.000       0.00000
       210.500       0.00000
       216.200       0.00000
       219.800       0.00000
       223.000       0.00000
       226.800       0.00000
       230.000       0.00000
       234.000       0.00000
       240.000       0.00000
       246.500       0.00000
       252.400       0.00000
       256.800       0.00000
       260.000       0.00000
       264.000       0.00000
       268.500       0.00000
       273.500       0.00000
       278.500       0.00000
       284.000       0.00000
       290.000       0.00000
       296.000       0.00000
       301.000       0.00000
       308.000       0.00000
       318.000       0.00000
       328.000       0.00000
       338.000       0.00000
       348.000       0.00000
       357.000       0.00000
       366.000       0.00000
       375.000       0.00000
       385.000       0.00000
       395.000       0.00000
       405.000       0.00000
       414.000   1.48400e-24
       422.000   6.04500e-24
       430.000   2.33000e-23
       441.000   1.36900e-22
       451.000   6.32400e-22
       460.000   2.36000e-21
       470.000   9.57800e-21
       480.000   3.65100e-20
       490.000   1.31400e-19
       500.000   4.47400e-19
       506.000   1.20800e-18
       512.000   2.71300e-18
       520.000   6.63100e-18
       530.000   1.95900e-17
       540.000   5.45900e-17
       550.000   1.47900e-16
       560.000   3.83400e-16
       570.000   9.58600e-16
       580.000   2.29000e-15
       590.000   5.41600e-15
       600.000   1.22800e-14
       610.000   2.70600e-14
       620.000   5.79600e-14
       630.000   1.20900e-13
       640.000   2.46100e-13
       650.000   4.89200e-13
       658.000   8.33500e-13
       665.000   1.31200e-12
       675.000   2.46900e-12
       685.000   4.55200e-12
       695.000   8.22800e-12
       705.000   1.45500e-11
       716.000   2.68700e-11
       726.000   4.59700e-11
       735.000   7.35100e-11
       745.000   1.22000e-10
       755.000   1.99500e-10
       765.000   3.21900e-10
       775.000   5.11600e-10
       785.000   8.03600e-10
       795.000   1.23400e-09
       805.000   1.89900e-09
       815.000   2.88200e-09
       825.000   4.31200e-09
       835.000   6.38300e-09
       845.000   9.34800e-09
       855.000   1.35500e-08
       865.000   1.94600e-08
       875.000   2.76200e-08
       885.000   3.90000e-08
       895.000   5.45000e-08
       905.000   7.54700e-08
       915.000   0.000129900
       925.000   0.000437500
       935.000   0.000615200
       945.000   0.000859000
       955.000    0.00123500
       965.000    0.00169900
       975.000    0.00231800
       985.000    0.00314500
       995.000    0.00423300
       1005.00    0.00577500
       1015.00    0.00767900
       1025.00    0.00966400
       1035.00     0.0133600
       1045.00     0.0174700
       1055.00     0.0227200
       1065.00     0.0293700
       1075.00     0.0378200
       1085.00     0.0484500
       1095.00     0.0616900
       1105.00      0.141000
       1115.00      0.455900
       1125.00      0.696200
       1135.00       1.03200
       1145.00       1.35700
       1155.00       1.54400
       1165.00       2.12900
       1175.00       2.63200
       1185.00       2.83300
       1195.00       1.69600
       1205.00       1.62300
       1215.00      0.673700
       1225.00       2.04800
       1235.00       4.83800
       1245.00       9.47700
       1255.00       16.1200
       1265.00       16.4700
       1275.00       22.6500
       1285.00       29.4400
       1295.00       35.7500
       1305.00       35.0800
       1315.00       46.9400
       1325.00       53.5800
       1335.00       60.6000
       1345.00       70.7400
       1355.00       77.8400
       1365.00       87.3400
       1375.00       94.8300
       1385.00       103.600
       1395.00       116.900
       1405.00       135.600
       1415.00       147.600
       1425.00       162.800
       1435.00       179.800
       1442.00       214.800
       1447.00       208.200
       1455.00       237.400
       1465.00       264.900
       1475.00       274.300
       1485.00       311.300
       1495.00       381.100
       1505.00       439.600
       1512.00       404.300
       1517.00       474.600
       1525.00       579.200
       1535.00       1268.00
       1545.00       1518.00
       1555.00       1926.00
       1565.00       1842.00
       1575.00       2730.00
       1585.00       3162.00
       1595.00       3660.00
       1605.00       3840.00
       1615.00       4230.00
       1625.00       4540.00
       1635.00       5563.00
       1645.00       7106.00
       1655.00       4677.00
       1665.00       7964.00
       1672.00       5595.00
       1677.00       8750.00
       1685.00       13510.0
       1695.00       18490.0
       1705.00       28740.0
       1715.00       68850.0
       1725.00       90300.0
       1735.00       138600.
       1745.00       143500.
       1755.00       234000.
       1765.00       136600.
       1775.00       202300.
       1785.00       245100.
       1795.00       394000.
       1805.00       255000.
       1815.00       242400.
       1825.00       251400.
       1835.00       275800.
       1845.00       177600.
       1855.00       316400.
       1865.00       462200.
       1875.00       431400.
       1885.00       465500.
       1895.00       558600.
       1905.00       498700.
       1915.00       538200.
       1925.00       397100.
       1935.00       158900.
       1945.00       590900.
       1955.00       642500.
       1967.00       787000.
       1976.00       666500.
       1984.00       629200.
       1995.00       712200.
       2005.00       686400.
       2015.00       711800.
       2025.00       586200.
       2035.00       862000.
       2045.00       977300.
       2055.00       872100.
       2065.00       824700.
       2074.00       916500.
       2078.00   1.55200e+06
       2085.00   1.45400e+06
       2095.00   1.61600e+06
       2105.00   2.01600e+06
       2115.00   2.43700e+06
       2125.00   2.16500e+06
       2135.00   1.89200e+06
       2145.00   2.55800e+06
       2155.00   2.65200e+06
       2165.00   2.27600e+06
       2175.00   2.36200e+06
       2185.00   2.88000e+06
       2195.00   2.99500e+06
       2205.00   2.79000e+06
       2215.00   2.02200e+06
       2225.00   2.26600e+06
       2235.00   3.08500e+06
       2245.00   2.85400e+06
       2255.00   2.07800e+06
       2265.00   2.02100e+06
       2275.00   2.46000e+06
       2285.00   2.96300e+06
       2295.00   2.42000e+06
       2305.00   2.95600e+06
       2315.00   2.55000e+06
       2325.00   2.42000e+06
       2335.00   1.50800e+06
       2345.00       891600.
       2355.00   2.11700e+06
       2365.00   1.00200e+06
       2375.00   1.47900e+06
       2385.00       672900.
       2395.00       964300.
       2405.00       945400.
       2415.00   1.27700e+06
       2425.00   2.45000e+06
       2435.00   2.43900e+06
       2445.00   2.95300e+06
       2455.00   3.10300e+06
       2465.00   2.73100e+06
       2475.00   2.40900e+06
       2485.00   1.78100e+06
       2495.00   1.98700e+06
       2505.00   3.06400e+06
       2513.00   1.58600e+06
       2518.00   1.23400e+06
       2525.00   1.09100e+06
       2535.00   1.16500e+06
       2545.00   1.41900e+06
       2555.00   2.55500e+06
       2565.00   2.13500e+06
       2575.00   2.81600e+06
       2585.00   2.50900e+06
       2595.00   2.23500e+06
       2605.00   1.81500e+06
       2615.00   1.62600e+06
       2625.00   2.40600e+06
       2635.00   3.91200e+06
       2645.00   5.53900e+06
       2655.00   6.67500e+06
       2665.00   4.41300e+06
       2675.00   5.17600e+06
       2685.00   5.56900e+06
       2695.00   4.43100e+06
       2705.00   5.32500e+06
       2715.00   4.00700e+06
       2725.00   3.81700e+06
       2735.00   4.36500e+06
       2745.00   2.11300e+06
       2755.00   2.91900e+06
       2765.00   3.81100e+06
       2775.00   4.49300e+06
       2785.00   2.52900e+06
       2795.00       807000.
       2805.00   1.06600e+06
       2815.00   4.03100e+06
       2825.00   6.15800e+06
       2835.00   5.85200e+06
       2845.00   5.06700e+06
       2855.00   2.90000e+06
       2865.00   6.02200e+06
       2875.00   6.60800e+06
       2885.00   6.07400e+06
       2895.00   6.32300e+06
       2910.00   8.16800e+06
       2930.00   7.33500e+06
       2950.00   7.20000e+06
       2970.00   8.01300e+06
       2990.00   7.91500e+06
       3010.00   8.43700e+06
       3030.00   8.37500e+06
       3050.00   8.62800e+06
       3070.00   8.62200e+06
       3090.00   8.86300e+06
       3110.00   8.80200e+06
       3130.00   8.67300e+06
       3150.00   8.55500e+06
       3170.00   8.88300e+06
       3190.00   8.00600e+06
       3210.00   8.81000e+06
       3230.00   7.57400e+06
       3250.00   9.05000e+06
       3270.00   9.99700e+06
       3290.00   9.74700e+06
       3310.00   9.93500e+06
       3330.00   9.82300e+06
       3350.00   9.66000e+06
       3370.00   8.70800e+06
       3390.00   9.40500e+06
       3410.00   9.46100e+06
       3430.00   9.58200e+06
       3450.00   9.89700e+06
       3470.00   9.84000e+06
       3490.00   1.01000e+07
       3510.00   1.04300e+07
       3530.00   9.97700e+06
       3550.00   1.11100e+07
       3570.00   9.59600e+06
       3590.00   9.50800e+06
       3610.00   9.85000e+06
       3630.00   9.92600e+06
       3640.00   9.87100e+06
       3650.00   1.09600e+07
       3670.00   1.08100e+07
       3690.00   1.05100e+07
       3710.00   1.10400e+07
       3730.00   1.03500e+07
       3750.00   1.16600e+07
       3770.00   1.27400e+07
       3790.00   1.40100e+07
       3810.00   1.52400e+07
       3830.00   1.17300e+07
       3850.00   1.52600e+07
       3870.00   1.58900e+07
       3890.00   1.32100e+07
       3910.00   1.59600e+07
       3930.00   9.60200e+06
       3950.00   1.46000e+07
       3970.00   9.77500e+06
       3990.00   1.70500e+07
       4010.00   1.80700e+07
       4030.00   1.80600e+07
       4050.00   1.76800e+07
       4070.00   1.74400e+07
       4090.00   1.74800e+07
       4110.00   1.55500e+07
       4130.00   1.81100e+07
       4150.00   1.87100e+07
       4170.00   1.84400e+07
       4190.00   1.81700e+07
       4210.00   1.81200e+07
       4230.00   1.74300e+07
       4250.00   1.79000e+07
       4270.00   1.72800e+07
       4290.00   1.64100e+07
       4310.00   1.47400e+07
       4330.00   1.64000e+07
       4350.00   1.49900e+07
       4370.00   1.81600e+07
       4390.00   1.73700e+07
       4410.00   1.76400e+07
       4430.00   1.77200e+07
       4450.00   1.76800e+07
       4470.00   1.80700e+07
       4490.00   1.80200e+07
       4510.00   1.91200e+07
       4530.00   1.77600e+07
       4550.00   1.79600e+07
       4570.00   1.88400e+07
       4590.00   1.79100e+07
       4610.00   1.83000e+07
       4630.00   1.79400e+07
       4650.00   1.81100e+07
       4670.00   1.83800e+07
       4690.00   1.78900e+07
       4710.00   1.71800e+07
       4730.00   1.80000e+07
       4750.00   1.81000e+07
       4770.00   1.79500e+07
       4790.00   1.78500e+07
       4810.00   1.76500e+07
       4830.00   1.76100e+07
       4850.00   1.58700e+07
       4870.00   1.36200e+07
       4890.00   1.67500e+07
       4910.00   1.68500e+07
       4930.00   1.65700e+07
       4950.00   1.70300e+07
       4970.00   1.71600e+07
       4990.00   1.61900e+07
       5010.00   1.56100e+07
       5030.00   1.63300e+07
       5050.00   1.62200e+07
       5070.00   1.66700e+07
       5090.00   1.62200e+07
       5110.00   1.63500e+07
       5130.00   1.59600e+07
       5150.00   1.55700e+07
       5170.00   1.50400e+07
       5190.00   1.49000e+07
       5210.00   1.53700e+07
       5230.00   1.54700e+07
       5250.00   1.57200e+07
       5270.00   1.43800e+07
       5290.00   1.54700e+07
       5310.00   1.56100e+07
       5330.00   1.46400e+07
       5350.00   1.53200e+07
       5370.00   1.52500e+07
       5390.00   1.50900e+07
       5410.00   1.46700e+07
       5430.00   1.49400e+07
       5450.00   1.51400e+07
       5470.00   1.48900e+07
       5490.00   1.47800e+07
       5510.00   1.47600e+07
       5530.00   1.47300e+07
       5550.00   1.48100e+07
       5570.00   1.44800e+07
       5590.00   1.42800e+07
       5610.00   1.44400e+07
       5630.00   1.44800e+07
       5650.00   1.43500e+07
       5670.00   1.40600e+07
       5690.00   1.41700e+07
       5710.00   1.39900e+07
       5730.00   1.44300e+07
       5750.00   1.40800e+07
       5770.00   1.41200e+07
       5790.00   1.38800e+07
       5810.00   1.39600e+07
       5830.00   1.40000e+07
       5850.00   1.37600e+07
       5870.00   1.37300e+07
       5890.00   1.32400e+07
       5910.00   1.35600e+07
       5930.00   1.34800e+07
       5950.00   1.34500e+07
       5970.00   1.33900e+07
       5990.00   1.32500e+07
       6010.00   1.30700e+07
       6030.00   1.30300e+07
       6050.00   1.31200e+07
       6070.00   1.30700e+07
       6090.00   1.28500e+07
       6110.00   1.27000e+07
       6130.00   1.23800e+07
       6150.00   1.23500e+07
       6170.00   1.21500e+07
       6190.00   1.25000e+07
       6210.00   1.24700e+07
       6230.00   1.22300e+07
       6250.00   1.18600e+07
       6270.00   1.22300e+07
       6290.00   1.22000e+07
       6310.00   1.19000e+07
       6330.00   1.19100e+07
       6350.00   1.18500e+07
       6370.00   1.17800e+07
       6390.00   1.18000e+07
       6410.00   1.15600e+07
       6430.00   1.16100e+07
       6450.00   1.14500e+07
       6470.00   1.14300e+07
       6490.00   1.12400e+07
       6510.00   1.13400e+07
       6530.00   1.12400e+07
       6550.00   1.05800e+07
       6570.00   9.04500e+06
       6590.00   1.08700e+07
       6610.00   1.10700e+07
       6630.00   1.10300e+07
       6650.00   1.09800e+07
       6670.00   1.08600e+07
       6690.00   1.09100e+07
       6710.00   1.07700e+07
       6730.00   1.07700e+07
       6750.00   1.06300e+07
       6770.00   1.06300e+07
       6790.00   1.05600e+07
       6810.00   1.04800e+07
       6830.00   1.04500e+07
       6850.00   1.03100e+07
       6870.00   1.03300e+07
       6890.00   1.02800e+07
       6910.00   1.02100e+07
       6930.00   1.01500e+07
       6950.00   1.01000e+07
       6970.00   1.00500e+07
       6990.00   1.00000e+07
       7010.00   9.76900e+06
       7030.00   9.83300e+06
       7050.00   9.81900e+06
       7070.00   9.74300e+06
       7090.00   9.68500e+06
       7110.00   9.56200e+06
       7130.00   9.52100e+06
       7150.00   9.46500e+06
       7170.00   9.39600e+06
       7190.00   9.24500e+06
       7210.00   9.29500e+06
       7230.00   9.24100e+06
       7250.00   9.23000e+06
       7270.00   9.20100e+06
       7290.00   9.01700e+06
       7310.00   9.05800e+06
       7330.00   9.01000e+06
       7350.00   9.00300e+06
       7370.00   8.96600e+06
       7390.00   8.79800e+06
       7410.00   8.67800e+06
       7430.00   8.69700e+06
       7450.00   8.67900e+06
       7470.00   8.67000e+06
       7490.00   8.59900e+06
       7510.00   8.58200e+06
       7530.00   8.54900e+06
       7550.00   8.54000e+06
       7570.00   8.45100e+06
       7590.00   8.41500e+06
       7610.00   8.35200e+06
       7630.00   8.34200e+06
       7650.00   8.27800e+06
       7670.00   8.12200e+06
       7690.00   8.16800e+06
       7710.00   8.09500e+06
       7730.00   8.08100e+06
       7750.00   7.98900e+06
       7770.00   7.93500e+06
       7790.00   7.99600e+06
       7810.00   7.93300e+06
       7830.00   7.84400e+06
       7850.00   7.79900e+06
       7870.00   7.80800e+06
       7890.00   7.76000e+06
       7910.00   7.68600e+06
       7930.00   7.55800e+06
       7950.00   7.55900e+06
       7970.00   7.60800e+06
       7990.00   7.56400e+06
       8010.00   7.48800e+06
       8030.00   7.44100e+06
       8050.00   7.39200e+06
       8070.00   7.39300e+06
       8090.00   7.30000e+06
       8110.00   7.32200e+06
       8130.00   7.30500e+06
       8150.00   7.25100e+06
       8170.00   7.21100e+06
       8190.00   7.03200e+06
       8210.00   7.02800e+06
       8230.00   6.99500e+06
       8250.00   6.98300e+06
       8270.00   7.02500e+06
       8290.00   6.97500e+06
       8310.00   6.87600e+06
       8330.00   6.80100e+06
       8350.00   6.82800e+06
       8370.00   6.82500e+06
       8390.00   6.73400e+06
       8410.00   6.75300e+06
       8430.00   6.66000e+06
       8450.00   6.59600e+06
       8470.00   6.57100e+06
       8490.00   6.51500e+06
       8510.00   6.21700e+06
       8530.00   6.42800e+06
       8550.00   5.57800e+06
       8570.00   6.49600e+06
       8590.00   6.32400e+06
       8610.00   6.25600e+06
       8630.00   6.39900e+06
       8650.00   6.28700e+06
       8670.00   5.41900e+06
       8690.00   6.15900e+06
       8710.00   6.27000e+06
       8730.00   6.19900e+06
       8750.00   5.75400e+06
       8770.00   6.12400e+06
       8790.00   6.15900e+06
       8810.00   6.08600e+06
       8830.00   6.06000e+06
       8850.00   5.90900e+06
       8870.00   5.51300e+06
       8890.00   5.97500e+06
       8910.00   6.00000e+06
       8930.00   5.92200e+06
       8950.00   5.93900e+06
       8970.00   5.90400e+06
       8990.00   5.84800e+06
       9010.00   5.29400e+06
       9030.00   5.59500e+06
       9050.00   5.80200e+06
       9070.00   5.68400e+06
       9090.00   5.55900e+06
       9110.00   5.64500e+06
       9130.00   5.70900e+06
       9150.00   5.68300e+06
       9170.00   5.63900e+06
       9190.00   5.60900e+06
       9210.00   5.42200e+06
       9230.00   4.89900e+06
       9250.00   5.30200e+06
       9270.00   5.41200e+06
       9290.00   5.47100e+06
       9310.00   5.46500e+06
       9330.00   5.42600e+06
       9350.00   5.40400e+06
       9370.00   5.38000e+06
       9390.00   5.34700e+06
       9410.00   5.13300e+06
       9430.00   5.25200e+06
       9450.00   5.21200e+06
       9470.00   5.24500e+06
       9490.00   5.22300e+06
       9510.00   5.15800e+06
       9530.00   5.03100e+06
       9550.00   4.53800e+06
       9570.00   4.99500e+06
       9590.00   5.06900e+06
       9610.00   5.01400e+06
       9630.00   4.96500e+06
       9650.00   4.97300e+06
       9670.00   4.91800e+06
       9690.00   4.92500e+06
       9710.00   4.94300e+06
       9730.00   4.92000e+06
       9750.00   4.85000e+06
       9770.00   4.86000e+06
       9790.00   4.83100e+06
       9810.00   4.82500e+06
       9830.00   4.79300e+06
       9850.00   4.76200e+06
       9870.00   4.72600e+06
       9890.00   4.69000e+06
       9910.00   4.66300e+06
       9930.00   4.68000e+06
       9950.00   4.65700e+06
       9970.00   4.63600e+06
       9990.00   4.60400e+06
       10025.0   4.45100e+06
       10075.0   4.30200e+06
       10125.0   4.43800e+06
       10175.0   4.38000e+06
       10225.0   4.35300e+06
       10275.0   4.31800e+06
       10325.0   4.23600e+06
       10375.0   4.19600e+06
       10425.0   4.15800e+06
       10475.0   4.06300e+06
       10525.0   4.04800e+06
       10575.0   3.99500e+06
       10625.0   3.94500e+06
       10675.0   3.83100e+06
       10725.0   3.83200e+06
       10775.0   3.78900e+06
       10825.0   3.71800e+06
       10875.0   3.67900e+06
       10925.0   3.43200e+06
       10975.0   3.53800e+06
       11025.0   3.59400e+06
       11075.0   3.57600e+06
       11125.0   3.52300e+06
       11175.0   3.47900e+06
       11225.0   3.45600e+06
       11275.0   3.36600e+06
       11325.0   3.33800e+06
       11375.0   3.32000e+06
       11425.0   3.25800e+06
       11475.0   3.27200e+06
       11525.0   3.23700e+06
       11575.0   3.18900e+06
       11625.0   3.11900e+06
       11675.0   3.08100e+06
       11725.0   3.10100e+06
       11775.0   3.00900e+06
       11825.0   2.99500e+06
       11875.0   2.94700e+06
       11925.0   2.97700e+06
       11975.0   2.88300e+06
       12025.0   2.88700e+06
       12075.0   2.84700e+06
       12125.0   2.82600e+06
       12175.0   2.81800e+06
       12225.0   2.78600e+06
       12275.0   2.74700e+06
       12325.0   2.72400e+06
       12375.0   2.69700e+06
       12425.0   2.67000e+06
       12475.0   2.64600e+06
       12525.0   2.61000e+06
       12575.0   2.57600e+06
       12625.0   2.55500e+06
       12675.0   2.53000e+06
       12725.0   2.50800e+06
       12775.0   2.45200e+06
       12825.0   2.21100e+06
       12875.0   2.40500e+06
       12925.0   2.39900e+06
       12975.0   2.38800e+06
       13025.0   2.35800e+06
       13075.0   2.34500e+06
       13125.0   2.30700e+06
       13175.0   2.27900e+06
       13225.0   2.27500e+06
       13275.0   2.24000e+06
       13325.0   2.22600e+06
       13375.0   2.20200e+06
       13425.0   2.18700e+06
       13475.0   2.16500e+06
       13525.0   2.14000e+06
       13575.0   2.10800e+06
       13625.0   2.09800e+06
       13675.0   2.07400e+06
       13725.0   2.04100e+06
       13775.0   2.03100e+06
       13825.0   2.01400e+06
       13875.0   2.00500e+06
       13925.0   1.97700e+06
       13975.0   1.96000e+06
       14025.0   1.93600e+06
       14075.0   1.92600e+06
       14125.0   1.89700e+06
       14175.0   1.89100e+06
       14225.0   1.85700e+06
       14275.0   1.83000e+06
       14325.0   1.83300e+06
       14375.0   1.82400e+06
       14425.0   1.75500e+06
       14475.0   1.78400e+06
       14525.0   1.74100e+06
       14570.0   1.74600e+06
       14620.0   1.72600e+06
       14675.0   1.71500e+06
       14725.0   1.68400e+06
       14775.0   1.66800e+06
       14825.0   1.65900e+06
       14875.0   1.62500e+06
       14925.0   1.64400e+06
       14975.0   1.61700e+06
       15025.0   1.58700e+06
       15075.0   1.57100e+06
       15125.0   1.57700e+06
       15175.0   1.56700e+06
       15225.0   1.54000e+06
       15275.0   1.53500e+06
       15325.0   1.51700e+06
       15375.0   1.50400e+06
       15425.0   1.48100e+06
       15475.0   1.47400e+06
       15525.0   1.45800e+06
       15575.0   1.43500e+06
       15625.0   1.44300e+06
       15675.0   1.40700e+06
       15725.0   1.39200e+06
       15775.0   1.37300e+06
       15825.0   1.37500e+06
       15875.0   1.30700e+06
       15925.0   1.34300e+06
       15975.0   1.34500e+06
       16050.0   1.31500e+06
       16150.0   1.26400e+06
       16250.0   1.28500e+06
       16350.0   1.23500e+06
       16450.0   1.17800e+06
       16550.0   1.21100e+06
       16650.0   1.18900e+06
       16750.0   1.13400e+06
       16850.0   1.07300e+06
       16950.0   1.11900e+06
       17050.0   1.08900e+06
       17150.0   1.07100e+06
       17250.0   1.03600e+06
       17350.0       944600.
       17450.0       985200.
       17550.0       981800.
       17650.0       962100.
       17750.0       944900.
       17850.0       927200.
       17950.0       911700.
       18050.0       885700.
       18150.0       811800.
       18250.0       836600.
       18350.0       837000.
       18450.0       818900.
       18550.0       804100.
       18650.0       782200.
       18750.0       709700.
       18850.0       751000.
       18950.0       732100.
       19050.0       733300.
       19150.0       717800.
       19250.0       703900.
       19350.0       683200.
       19450.0       624000.
       19550.0       660300.
       19650.0       652300.
       19750.0       638900.
       19850.0       630000.
       19950.0       618500.
       20050.0       609000.
       20150.0       599600.
       20250.0       585800.
       20350.0       572700.
       20450.0       567800.
       20550.0       556600.
       20650.0       544600.
       20750.0       536200.
       20850.0       527000.
       20950.0       516000.
       21050.0       509100.
       21150.0       499000.
       21250.0       490200.
       21350.0       482500.
       21450.0       475100.
       21550.0       464300.
       21650.0       424900.
       21750.0       444800.
       21850.0       441700.
       21950.0       437100.
       22050.0       427000.
       22150.0       421300.
       22250.0       415200.
       22350.0       408300.
       22450.0       401600.
       22550.0       392900.
       22650.0       387500.
       22750.0       382100.
       22850.0       374800.
       22950.0       369100.
       23050.0       364400.
       23150.0       357900.
       23250.0       352700.
       23350.0       346500.
       23450.0       341900.
       23550.0       336100.
       23650.0       331400.
       23750.0       324600.
       23850.0       319800.
       23950.0       315800.
       24050.0       310600.
       24150.0       305100.
       24250.0       301100.
       24350.0       295900.
       24450.0       292000.
       24550.0       286100.
       24650.0       283300.
       24750.0       278300.
       24850.0       273300.
       24950.0       269700.
       25050.0       266700.
       25150.0       262700.
       25250.0       258300.
       25350.0       255100.
       25450.0       250900.
       25550.0       246900.
       25650.0       241600.
       25750.0       240600.
       25850.0       235800.
       25950.0       233800.
       26050.0       229700.
       26150.0       223300.
       26250.0       209500.
       26350.0       218700.
       26450.0       216800.
       26550.0       214200.
       26650.0       209800.
       26750.0       204200.
       26850.0       205500.
       26950.0       203600.
       27050.0       200700.
       27150.0       197900.
       27250.0       195200.
       27350.0       192600.
       27450.0       189600.
       27550.0       181900.
       27650.0       182400.
       27750.0       182000.
       27850.0       179800.
       27950.0       177700.
       28050.0       175200.
       28150.0       172900.
       28250.0       170600.
       28350.0       168500.
       28450.0       165800.
       28550.0       163700.
       28650.0       160200.
       28750.0       153400.
       28850.0       156700.
       28950.0       155400.
       29050.0       153500.
       29150.0       151300.
       29250.0       149200.
       29350.0       147600.
       29450.0       145600.
       29550.0       143900.
       29650.0       142100.
       29750.0       140200.
       29850.0       138500.
       29950.0       136600.
       30050.0       134800.
       30150.0       133200.
       30250.0       131200.
       30350.0       125300.
       30450.0       126000.
       30550.0       126500.
       30650.0       125000.
       30750.0       123700.
       30850.0       121900.
       30950.0       120500.
       31050.0       119100.
       31150.0       117000.
       31250.0       116100.
       31350.0       114800.
       31450.0       113400.
       31550.0       111900.
       31650.0       110800.
       31750.0       109300.
       31850.0       108100.
       31950.0       106900.
       32100.0       104900.
       32300.0       102500.
       32500.0       100100.
       32700.0       97740.0
       32900.0       92830.0
       33100.0       92670.0
       33300.0       90920.0
       33500.0       89100.0
       33700.0       86930.0
       33900.0       84990.0
       34100.0       83040.0
       34300.0       81410.0
       34500.0       79790.0
       34700.0       77970.0
       34900.0       76320.0
       35100.0       74680.0
       35300.0       73010.0
       35500.0       71490.0
       35700.0       69910.0
       35900.0       68430.0
       36100.0       67060.0
       36300.0       65670.0
       36500.0       64090.0
       36700.0       62800.0
       36900.0       61230.0
       37100.0       60030.0
       37300.0       58320.0
       37500.0       56470.0
       37700.0       56570.0
       37900.0       55470.0
       38100.0       54310.0
       38300.0       53340.0
       38500.0       52370.0
       38700.0       51240.0
       38900.0       50200.0
       39100.0       49150.0
       39300.0       48370.0
       39500.0       47350.0
       39700.0       46520.0
       39900.0       45440.0
       40100.0       44530.0
       40300.0       43710.0
       40500.0       42090.0
       40700.0       42180.0
       40900.0       41420.0
       41100.0       40720.0
       41300.0       39990.0
       41500.0       39170.0
       41700.0       38170.0
       41900.0       37750.0
       42100.0       36990.0
       42300.0       36480.0
       42500.0       35780.0
       42700.0       35170.0
       42900.0       34510.0
       43100.0       33850.0
       43300.0       33220.0
       43500.0       32570.0
       43700.0       31620.0
       43900.0       31370.0
       44100.0       30780.0
       44300.0       30300.0
       44500.0       29780.0
       44700.0       29250.0
       44900.0       28770.0
       45100.0       28270.0
       45300.0       27770.0
       45500.0       27330.0
       45700.0       26870.0
       45900.0       26390.0
       46100.0       26000.0
       46300.0       25560.0
       46500.0       24580.0
       46700.0       24360.0
       46900.0       24330.0
       47100.0       23960.0
       47300.0       23590.0
       47500.0       23200.0
       47700.0       22830.0
       47900.0       22470.0
       48100.0       22100.0
       48300.0       21760.0
       48500.0       21400.0
       48700.0       21070.0
       48900.0       20740.0
       49100.0       20410.0
       49300.0       20100.0
       49500.0       19770.0
       49700.0       19470.0
       49900.0       19190.0
       50100.0       18870.0
       50300.0       18600.0
       50500.0       18300.0
       50700.0       18030.0
       50900.0       17750.0
       51100.0       17460.0
       51300.0       16950.0
       51500.0       16960.0
       51700.0       16720.0
       51900.0       16470.0
       52100.0       16210.0
       52300.0       15980.0
       52500.0       15760.0
       52700.0       15530.0
       52900.0       15290.0
       53100.0       15080.0
       53300.0       14860.0
       53500.0       14640.0
       53700.0       14410.0
       53900.0       14220.0
       54100.0       14030.0
       54300.0       13810.0
       54500.0       13630.0
       54700.0       13420.0
       54900.0       13250.0
       55100.0       13070.0
       55300.0       12870.0
       55500.0       12700.0
       55700.0       12530.0
       55900.0       12330.0
       56100.0       12190.0
       56300.0       12010.0
       56500.0       11860.0
       56700.0       11700.0
       56900.0       11530.0
       57100.0       11360.0
       57300.0       11230.0
       57500.0       11080.0
       57700.0       10930.0
       57900.0       10780.0
       58100.0       10640.0
       58300.0       10500.0
       58500.0       10360.0
       58700.0       10220.0
       58900.0       10070.0
       59100.0       9792.00
       59300.0       9822.00
       59500.0       9643.00
       59700.0       9563.00
       59900.0       9449.00
       60100.0       9321.00
       60300.0       9209.00
       60500.0       9091.00
       60700.0       8971.00
       60900.0       8853.00
       61100.0       8731.00
       61300.0       8634.00
       61500.0       8528.00
       61700.0       8420.00
       61900.0       8314.00
       62100.0       8212.00
       62300.0       8093.00
       62500.0       8003.00
       62700.0       7902.00
       62900.0       7764.00
       63100.0       7700.00
       63300.0       7621.00
       63500.0       7526.00
       63700.0       7434.00
       63900.0       7343.00
       64200.0       7212.00
       64600.0       7035.00
       65000.0       6866.00
       65400.0       6708.00
       65800.0       6551.00
       66200.0       6396.00
       66600.0       6249.00
       67000.0       6102.00
       67400.0       5959.00
       67800.0       5803.00
       68200.0       5693.00
       68600.0       5564.00
       69000.0       5439.00
       69400.0       5316.00
       69800.0       5199.00
       70200.0       5081.00
       70600.0       4972.00
       71000.0       4864.00
       71400.0       4758.00
       71800.0       4654.00
       72200.0       4553.00
       72600.0       4456.00
       73000.0       4363.00
       73400.0       4268.00
       73800.0       4180.00
       74200.0       4090.00
       74600.0       3968.00
       75000.0       3875.00
       75400.0       3841.00
       75800.0       3764.00
       76200.0       3687.00
       76600.0       3612.00
       77000.0       3538.00
       77400.0       3468.00
       77800.0       3398.00
       78200.0       3331.00
       78600.0       3265.00
       79000.0       3200.00
       79400.0       3137.00
       79800.0       3076.00
       80200.0       3015.00
       80600.0       2957.00
       81000.0       2901.00
       81400.0       2842.00
       81800.0       2790.00
       82200.0       2738.00
       82600.0       2686.00
       83000.0       2636.00
       83400.0       2585.00
       83800.0       2537.00
       84200.0       2491.00
       84600.0       2445.00
       85000.0       2400.00
       85400.0       2356.00
       85800.0       2313.00
       86200.0       2271.00
       86600.0       2228.00
       87000.0       2190.00
       87400.0       2145.00
       87800.0       2107.00
       88200.0       2075.00
       88600.0       2038.00
       89000.0       2002.00
       89400.0       1968.00
       89800.0       1933.00
       90200.0       1900.00
       90600.0       1867.00
       91000.0       1834.00
       91400.0       1803.00
       91800.0       1773.00
       92200.0       1743.00
       92600.0       1713.00
       93000.0       1685.00
       93400.0       1656.00
       93800.0       1625.00
       94200.0       1601.00
       94600.0       1575.00
       95000.0       1549.00
       95400.0       1523.00
       95800.0       1499.00
       96200.0       1474.00
       96600.0       1450.00
       97000.0       1427.00
       97400.0       1403.00
       97800.0       1381.00
       98200.0       1359.00
       98600.0       1338.00
       99000.0       1317.00
       99400.0       1296.00
       99800.0       1275.00
       100200.       1255.00
       200000.       81.0200
       400000.       5.07400
       600000.      0.996500
       800000.      0.313300
   1.00000e+06      0.127600
   1.20000e+06     0.0612200
   1.40000e+06     0.0329000
   1.60000e+06     0.0192000
