       90.9000   1.22000e-17
       93.5000   7.09700e-17
       96.1000   3.78300e-16
       97.7000   1.01900e-15
       99.6000   3.17600e-15
       102.000   1.26400e-14
       103.800   3.42700e-14
       105.600   9.00200e-14
       107.700   2.67300e-13
       110.400   1.02300e-12
       114.000   5.56600e-12
       117.800   2.99400e-11
       121.300   1.28800e-10
       124.800   5.11400e-10
       127.100   1.21500e-09
       128.400   1.95500e-09
       130.500   4.13200e-09
       132.400   7.97400e-09
       133.900   1.32200e-08
       136.600   3.19900e-08
       139.800   8.73000e-08
       143.300   2.48700e-07
       147.200   7.53000e-07
       151.000   2.10000e-06
       155.200   6.15300e-06
       158.800   1.47900e-05
       162.000   3.12500e-05
       166.000   7.65700e-05
       170.300   0.000191300
       173.400   0.000361200
       176.800   0.000707500
       180.200    0.00134900
       181.700    0.00178600
       186.100    0.00393100
       191.000    0.00908900
       193.900     0.0146300
       198.400     0.0299000
       201.800     0.0501800
       205.000     0.0804600
       210.500      0.175700
       216.200      0.377500
       219.800      0.603700
       223.000      0.902500
       226.800       1.44200
       230.000       957.100
       234.000       2103.00
       240.000       3354.00
       246.500       5704.00
       252.400       9371.00
       256.800       12690.0
       260.000       23080.0
       264.000       40130.0
       268.500       60050.0
       273.500       81740.0
       278.500       101500.
       284.000       215300.
       290.000       308600.
       296.000       403400.
       301.000       654800.
       308.000   1.51300e+06
       318.000   3.41800e+06
       328.000   4.88500e+06
       338.000   8.80300e+06
       348.000   1.35400e+07
       357.000   2.62500e+07
       366.000   4.99900e+07
       375.000   5.89700e+07
       385.000   8.29500e+07
       395.000   1.32200e+08
       405.000   1.62800e+08
       414.000   2.04400e+08
       422.000   2.29400e+08
       430.000   2.62100e+08
       441.000   3.25300e+08
       451.000   3.64100e+08
       460.000   3.86800e+08
       470.000   4.59200e+08
       480.000   5.39100e+08
       490.000   5.82000e+08
       500.000   7.03300e+08
       506.000   1.37500e+09
       512.000   8.38600e+09
       520.000   7.92900e+09
       530.000   7.07400e+09
       540.000   6.53000e+09
       550.000   7.61000e+09
       560.000   9.77700e+09
       570.000   1.04500e+10
       580.000   9.57200e+09
       590.000   1.01300e+10
       600.000   8.03400e+09
       610.000   9.87900e+09
       620.000   1.17800e+10
       630.000   1.13600e+10
       640.000   1.13000e+10
       650.000   1.08600e+10
       658.000   9.23500e+09
       665.000   1.10400e+10
       675.000   1.23700e+10
       685.000   9.75600e+09
       695.000   1.28900e+10
       705.000   1.02700e+10
       716.000   1.37600e+10
       726.000   1.34200e+10
       735.000   1.34600e+10
       745.000   1.28000e+10
       755.000   1.28300e+10
       765.000   1.29800e+10
       775.000   1.34800e+10
       785.000   1.38500e+10
       795.000   1.39400e+10
       805.000   1.33300e+10
       815.000   1.32400e+10
       825.000   1.39800e+10
       835.000   1.14000e+10
       845.000   1.33500e+10
       855.000   1.32400e+10
       865.000   1.36300e+10
       875.000   1.37100e+10
       885.000   1.39300e+10
       895.000   1.40200e+10
       905.000   1.36000e+10
       915.000   1.51500e+10
       925.000   4.40800e+10
       935.000   6.64600e+10
       945.000   8.14100e+10
       955.000   8.64300e+10
       965.000   9.44600e+10
       975.000   4.22400e+10
       985.000   7.65200e+10
       995.000   7.06100e+10
       1005.00   7.35500e+10
       1015.00   7.68100e+10
       1025.00   6.41300e+10
       1035.00   7.42700e+10
       1045.00   8.40700e+10
       1055.00   8.00100e+10
       1065.00   7.05600e+10
       1075.00   7.25200e+10
       1085.00   6.72600e+10
       1095.00   7.07000e+10
       1105.00   6.77900e+10
       1115.00   6.65700e+10
       1125.00   5.56900e+10
       1135.00   6.38700e+10
       1145.00   6.14700e+10
       1155.00   5.88200e+10
       1165.00   5.70200e+10
       1175.00   3.84400e+10
       1185.00   5.18500e+10
       1195.00   5.05500e+10
       1205.00   4.83300e+10
       1215.00   3.98100e+10
       1225.00   4.69800e+10
       1235.00   4.98200e+10
       1245.00   4.78400e+10
       1255.00   4.76600e+10
       1265.00   4.87200e+10
       1275.00   4.97500e+10
       1285.00   4.95000e+10
       1295.00   4.62600e+10
       1305.00   4.59500e+10
       1315.00   4.80500e+10
       1325.00   4.63200e+10
       1335.00   4.48400e+10
       1345.00   4.49000e+10
       1355.00   4.36400e+10
       1365.00   4.22300e+10
       1375.00   4.10300e+10
       1385.00   3.97800e+10
       1395.00   3.21900e+10
       1405.00   3.28600e+10
       1415.00   3.76300e+10
       1425.00   3.39600e+10
       1435.00   3.59000e+10
       1442.00   3.55300e+10
       1447.00   3.53000e+10
       1455.00   3.37000e+10
       1465.00   3.28800e+10
       1475.00   3.30100e+10
       1485.00   3.29200e+10
       1495.00   3.18500e+10
       1505.00   3.10100e+10
       1512.00   3.02300e+10
       1517.00   3.04500e+10
       1525.00   2.94100e+10
       1535.00   2.58800e+10
       1545.00   2.22300e+10
       1555.00   2.22600e+10
       1565.00   2.47500e+10
       1575.00   2.59000e+10
       1585.00   2.59900e+10
       1595.00   2.56900e+10
       1605.00   2.42500e+10
       1615.00   2.32100e+10
       1625.00   2.36800e+10
       1635.00   2.38600e+10
       1645.00   2.36200e+10
       1655.00   2.37700e+10
       1665.00   2.34000e+10
       1672.00   2.16800e+10
       1677.00   2.49200e+10
       1685.00   2.37100e+10
       1695.00   2.28800e+10
       1705.00   2.25900e+10
       1715.00   2.15800e+10
       1725.00   2.08600e+10
       1735.00   2.15100e+10
       1745.00   2.12200e+10
       1755.00   2.08700e+10
       1765.00   2.06000e+10
       1775.00   1.99200e+10
       1785.00   2.01200e+10
       1795.00   1.96600e+10
       1805.00   1.96100e+10
       1815.00   1.90100e+10
       1825.00   1.87500e+10
       1835.00   1.86900e+10
       1845.00   1.77100e+10
       1855.00   1.78800e+10
       1865.00   1.78500e+10
       1875.00   1.74900e+10
       1885.00   1.66100e+10
       1895.00   1.62400e+10
       1905.00   1.66200e+10
       1915.00   1.61500e+10
       1925.00   1.52100e+10
       1935.00   1.59900e+10
       1945.00   1.61100e+10
       1955.00   1.47500e+10
       1967.00   1.53300e+10
       1976.00   1.56000e+10
       1984.00   1.50400e+10
       1995.00   1.46300e+10
       2005.00   1.48400e+10
       2015.00   1.47800e+10
       2025.00   1.47300e+10
       2035.00   1.41400e+10
       2045.00   1.39500e+10
       2055.00   1.15400e+10
       2065.00   1.11800e+10
       2074.00   1.16700e+10
       2078.00   1.15400e+10
       2085.00   1.22600e+10
       2095.00   1.26500e+10
       2105.00   1.28300e+10
       2115.00   1.29100e+10
       2125.00   1.26900e+10
       2135.00   1.25700e+10
       2145.00   1.23200e+10
       2155.00   1.23400e+10
       2165.00   1.18800e+10
       2175.00   1.20100e+10
       2185.00   1.16800e+10
       2195.00   1.18100e+10
       2205.00   1.16200e+10
       2215.00   1.12500e+10
       2225.00   1.12600e+10
       2235.00   1.10700e+10
       2245.00   1.09200e+10
       2255.00   1.06100e+10
       2265.00   1.06400e+10
       2275.00   1.05200e+10
       2285.00   1.02900e+10
       2295.00   9.35800e+09
       2305.00   9.85100e+09
       2315.00   9.81400e+09
       2325.00   9.74800e+09
       2335.00   9.59000e+09
       2345.00   9.47900e+09
       2355.00   9.30800e+09
       2365.00   9.16800e+09
       2375.00   8.99000e+09
       2385.00   8.67300e+09
       2395.00   8.68400e+09
       2405.00   8.64700e+09
       2415.00   8.53300e+09
       2425.00   8.46300e+09
       2435.00   8.31200e+09
       2445.00   8.22100e+09
       2455.00   8.11100e+09
       2465.00   8.00200e+09
       2475.00   7.89000e+09
       2485.00   7.68100e+09
       2495.00   6.02500e+09
       2505.00   7.37800e+09
       2513.00   7.13500e+09
       2518.00   7.26800e+09
       2525.00   7.37500e+09
       2535.00   7.31400e+09
       2545.00   7.16300e+09
       2555.00   7.08400e+09
       2565.00   7.01100e+09
       2575.00   6.92300e+09
       2585.00   6.84100e+09
       2595.00   6.72800e+09
       2605.00   6.68700e+09
       2615.00   6.56400e+09
       2625.00   6.51000e+09
       2635.00   6.43700e+09
       2645.00   6.33500e+09
       2655.00   6.26500e+09
       2665.00   6.13500e+09
       2675.00   6.01500e+09
       2685.00   6.02400e+09
       2695.00   5.88900e+09
       2705.00   5.84100e+09
       2715.00   5.76000e+09
       2725.00   5.70300e+09
       2735.00   5.57300e+09
       2745.00   5.58900e+09
       2755.00   5.52100e+09
       2765.00   5.42900e+09
       2775.00   5.41000e+09
       2785.00   5.32100e+09
       2795.00   5.16500e+09
       2805.00   5.17500e+09
       2815.00   5.14700e+09
       2825.00   5.07000e+09
       2835.00   4.97600e+09
       2845.00   4.96800e+09
       2855.00   4.89700e+09
       2865.00   4.82600e+09
       2875.00   4.77600e+09
       2885.00   4.72300e+09
       2895.00   4.66700e+09
       2910.00   4.56500e+09
       2930.00   4.48700e+09
       2950.00   4.35900e+09
       2970.00   4.26900e+09
       2990.00   4.15000e+09
       3010.00   4.04100e+09
       3030.00   3.94500e+09
       3050.00   3.88000e+09
       3070.00   3.81000e+09
       3090.00   3.69600e+09
       3110.00   3.64500e+09
       3130.00   3.55500e+09
       3150.00   3.48500e+09
       3170.00   3.40400e+09
       3190.00   3.33000e+09
       3210.00   3.24500e+09
       3230.00   3.18900e+09
       3250.00   3.13400e+09
       3270.00   3.04800e+09
       3290.00   2.99500e+09
       3310.00   2.93100e+09
       3330.00   2.86300e+09
       3350.00   2.79600e+09
       3370.00   2.74400e+09
       3390.00   2.70200e+09
       3410.00   2.64600e+09
       3430.00   2.59300e+09
       3450.00   2.52900e+09
       3470.00   2.48500e+09
       3490.00   2.43500e+09
       3510.00   2.39000e+09
       3530.00   2.34700e+09
       3550.00   2.29900e+09
       3570.00   2.25900e+09
       3590.00   2.20400e+09
       3610.00   2.16100e+09
       3630.00   2.12000e+09
       3640.00   2.09700e+09
       3650.00   2.00100e+09
       3670.00   1.96900e+09
       3690.00   1.93100e+09
       3710.00   1.87500e+09
       3730.00   1.83400e+09
       3750.00   1.85500e+09
       3770.00   1.83100e+09
       3790.00   1.87200e+09
       3810.00   1.90400e+09
       3830.00   1.74300e+09
       3850.00   1.88600e+09
       3870.00   1.84000e+09
       3890.00   1.64800e+09
       3910.00   1.81700e+09
       3930.00   1.76300e+09
       3950.00   1.73100e+09
       3970.00   1.52100e+09
       3990.00   1.68500e+09
       4010.00   1.65400e+09
       4030.00   1.59600e+09
       4050.00   1.60300e+09
       4070.00   1.54800e+09
       4090.00   1.47800e+09
       4110.00   1.36700e+09
       4130.00   1.47200e+09
       4150.00   1.45300e+09
       4170.00   1.44100e+09
       4190.00   1.41400e+09
       4210.00   1.38800e+09
       4230.00   1.37200e+09
       4250.00   1.33900e+09
       4270.00   1.31000e+09
       4290.00   1.29100e+09
       4310.00   1.26000e+09
       4330.00   1.19900e+09
       4350.00   1.12200e+09
       4370.00   1.20200e+09
       4390.00   1.17700e+09
       4410.00   1.16400e+09
       4430.00   1.15400e+09
       4450.00   1.13300e+09
       4470.00   1.09700e+09
       4490.00   1.09800e+09
       4510.00   1.07600e+09
       4530.00   1.06300e+09
       4550.00   1.04000e+09
       4570.00   1.03100e+09
       4590.00   1.01200e+09
       4610.00   9.94600e+08
       4630.00   9.74100e+08
       4650.00   9.31000e+08
       4670.00   9.45000e+08
       4690.00   9.23000e+08
       4710.00   9.10900e+08
       4730.00   9.11400e+08
       4750.00   8.96200e+08
       4770.00   8.86000e+08
       4790.00   8.72100e+08
       4810.00   8.57300e+08
       4830.00   8.41700e+08
       4850.00   8.08500e+08
       4870.00   7.43300e+08
       4890.00   8.04200e+08
       4910.00   7.93300e+08
       4930.00   7.72100e+08
       4950.00   7.68000e+08
       4970.00   7.60700e+08
       4990.00   7.49300e+08
       5010.00   7.27500e+08
       5030.00   7.25400e+08
       5050.00   7.13300e+08
       5070.00   7.06300e+08
       5090.00   6.95600e+08
       5110.00   6.85300e+08
       5130.00   6.74600e+08
       5150.00   6.65000e+08
       5170.00   6.55600e+08
       5190.00   6.46900e+08
       5210.00   6.37900e+08
       5230.00   6.28900e+08
       5250.00   6.18700e+08
       5270.00   6.09800e+08
       5290.00   6.02700e+08
       5310.00   5.94100e+08
       5330.00   5.85900e+08
       5350.00   5.77800e+08
       5370.00   5.69800e+08
       5390.00   5.61600e+08
       5410.00   5.50200e+08
       5430.00   5.46700e+08
       5450.00   5.39100e+08
       5470.00   5.31700e+08
       5490.00   5.24500e+08
       5510.00   5.17400e+08
       5530.00   5.10300e+08
       5550.00   5.03800e+08
       5570.00   4.96800e+08
       5590.00   4.89500e+08
       5610.00   4.83900e+08
       5630.00   4.77500e+08
       5650.00   4.70900e+08
       5670.00   4.64000e+08
       5690.00   4.53200e+08
       5710.00   4.43600e+08
       5730.00   4.38200e+08
       5750.00   4.32000e+08
       5770.00   4.27300e+08
       5790.00   4.21700e+08
       5810.00   4.16000e+08
       5830.00   4.10700e+08
       5850.00   4.07000e+08
       5870.00   3.94800e+08
       5890.00   3.97100e+08
       5910.00   3.93400e+08
       5930.00   3.89100e+08
       5950.00   3.85000e+08
       5970.00   3.81700e+08
       5990.00   3.77200e+08
       6010.00   3.73200e+08
       6030.00   3.68200e+08
       6050.00   3.63900e+08
       6070.00   3.59500e+08
       6090.00   3.55200e+08
       6110.00   3.50700e+08
       6130.00   3.46500e+08
       6150.00   3.41800e+08
       6170.00   3.37600e+08
       6190.00   3.34000e+08
       6210.00   3.30100e+08
       6230.00   3.25900e+08
       6250.00   3.21900e+08
       6270.00   3.18200e+08
       6290.00   3.14500e+08
       6310.00   3.10300e+08
       6330.00   3.07000e+08
       6350.00   3.03200e+08
       6370.00   2.99800e+08
       6390.00   2.96300e+08
       6410.00   2.92400e+08
       6430.00   2.89400e+08
       6450.00   2.85900e+08
       6470.00   2.82100e+08
       6490.00   2.79000e+08
       6510.00   2.75900e+08
       6530.00   2.71800e+08
       6550.00   2.65400e+08
       6570.00   2.41900e+08
       6590.00   2.62000e+08
       6610.00   2.60400e+08
       6630.00   2.57600e+08
       6650.00   2.54600e+08
       6670.00   2.49700e+08
       6690.00   2.46600e+08
       6710.00   2.45800e+08
       6730.00   2.42800e+08
       6750.00   2.40400e+08
       6770.00   2.38000e+08
       6790.00   2.34900e+08
       6810.00   2.32700e+08
       6830.00   2.30100e+08
       6850.00   2.27600e+08
       6870.00   2.25000e+08
       6890.00   2.21900e+08
       6910.00   2.19800e+08
       6930.00   2.17800e+08
       6950.00   2.15400e+08
       6970.00   2.13100e+08
       6990.00   2.10800e+08
       7010.00   2.08400e+08
       7030.00   2.05900e+08
       7050.00   2.03800e+08
       7070.00   1.99300e+08
       7090.00   1.99700e+08
       7110.00   1.97200e+08
       7130.00   1.95200e+08
       7150.00   1.93400e+08
       7170.00   1.90900e+08
       7190.00   1.89100e+08
       7210.00   1.87300e+08
       7230.00   1.84200e+08
       7250.00   1.83200e+08
       7270.00   1.81500e+08
       7290.00   1.78500e+08
       7310.00   1.77600e+08
       7330.00   1.75800e+08
       7350.00   1.74000e+08
       7370.00   1.72200e+08
       7390.00   1.70500e+08
       7410.00   1.68700e+08
       7430.00   1.67000e+08
       7450.00   1.65200e+08
       7470.00   1.63400e+08
       7490.00   1.61600e+08
       7510.00   1.60200e+08
       7530.00   1.58600e+08
       7550.00   1.57100e+08
       7570.00   1.55500e+08
       7590.00   1.53400e+08
       7610.00   1.52200e+08
       7630.00   1.50800e+08
       7650.00   1.49300e+08
       7670.00   1.47900e+08
       7690.00   1.46200e+08
       7710.00   1.44900e+08
       7730.00   1.43300e+08
       7750.00   1.42100e+08
       7770.00   1.40700e+08
       7790.00   1.39300e+08
       7810.00   1.37900e+08
       7830.00   1.36600e+08
       7850.00   1.35300e+08
       7870.00   1.33900e+08
       7890.00   1.32600e+08
       7910.00   1.31400e+08
       7930.00   1.30100e+08
       7950.00   1.29000e+08
       7970.00   1.27600e+08
       7990.00   1.26500e+08
       8010.00   1.25200e+08
       8030.00   1.24000e+08
       8050.00   1.22900e+08
       8070.00   1.21700e+08
       8090.00   1.20500e+08
       8110.00   1.19000e+08
       8130.00   1.18300e+08
       8150.00   1.17100e+08
       8170.00   1.16100e+08
       8190.00   1.14700e+08
       8210.00   1.12800e+08
       8230.00   1.11500e+08
       8250.00   1.10900e+08
       8270.00   1.09400e+08
       8290.00   1.08800e+08
       8310.00   1.07900e+08
       8330.00   1.06800e+08
       8350.00   1.05500e+08
       8370.00   1.04800e+08
       8390.00   1.04000e+08
       8410.00   1.03000e+08
       8430.00   1.02100e+08
       8450.00   1.00800e+08
       8470.00   1.00200e+08
       8490.00   9.93100e+07
       8510.00   9.80100e+07
       8530.00   9.76500e+07
       8550.00   9.60300e+07
       8570.00   9.65400e+07
       8590.00   9.39100e+07
       8610.00   9.34300e+07
       8630.00   9.45300e+07
       8650.00   9.26200e+07
       8670.00   8.87400e+07
       8690.00   9.21600e+07
       8710.00   9.19600e+07
       8730.00   9.00500e+07
       8750.00   8.41500e+07
       8770.00   8.78300e+07
       8790.00   8.91200e+07
       8810.00   8.85200e+07
       8830.00   8.75100e+07
       8850.00   8.38900e+07
       8870.00   7.92200e+07
       8890.00   8.48400e+07
       8910.00   8.47800e+07
       8930.00   8.41300e+07
       8950.00   8.35200e+07
       8970.00   8.27200e+07
       8990.00   8.10700e+07
       9010.00   7.45700e+07
       9030.00   7.71300e+07
       9050.00   7.96600e+07
       9070.00   7.88200e+07
       9090.00   7.85600e+07
       9110.00   7.80900e+07
       9130.00   7.74600e+07
       9150.00   7.68200e+07
       9170.00   7.60100e+07
       9190.00   7.52600e+07
       9210.00   7.29600e+07
       9230.00   6.64700e+07
       9250.00   7.18500e+07
       9270.00   7.27200e+07
       9290.00   7.23600e+07
       9310.00   7.15900e+07
       9330.00   7.11200e+07
       9350.00   7.02800e+07
       9370.00   6.99900e+07
       9390.00   6.94700e+07
       9410.00   6.88500e+07
       9430.00   6.83100e+07
       9450.00   6.77500e+07
       9470.00   6.69700e+07
       9490.00   6.66100e+07
       9510.00   6.54500e+07
       9530.00   6.35300e+07
       9550.00   5.81500e+07
       9570.00   6.34300e+07
       9590.00   6.38200e+07
       9610.00   6.33300e+07
       9630.00   6.27300e+07
       9650.00   6.25100e+07
       9670.00   6.20200e+07
       9690.00   6.14900e+07
       9710.00   6.01500e+07
       9730.00   6.04300e+07
       9750.00   6.00600e+07
       9770.00   5.95800e+07
       9790.00   5.91100e+07
       9810.00   5.86300e+07
       9830.00   5.81900e+07
       9850.00   5.77200e+07
       9870.00   5.72600e+07
       9890.00   5.67700e+07
       9910.00   5.61900e+07
       9930.00   5.59500e+07
       9950.00   5.55100e+07
       9970.00   5.50600e+07
       9990.00   5.46400e+07
       10025.0   5.24100e+07
       10075.0   5.08100e+07
       10125.0   5.14800e+07
       10175.0   5.09000e+07
       10225.0   4.99200e+07
       10275.0   4.89900e+07
       10325.0   4.79400e+07
       10375.0   4.71900e+07
       10425.0   4.63100e+07
       10475.0   4.54600e+07
       10525.0   4.46200e+07
       10575.0   4.38100e+07
       10625.0   4.30100e+07
       10675.0   4.21900e+07
       10725.0   4.14800e+07
       10775.0   4.07300e+07
       10825.0   3.96700e+07
       10875.0   3.92400e+07
       10925.0   3.64000e+07
       10975.0   3.74200e+07
       11025.0   3.71100e+07
       11075.0   3.65900e+07
       11125.0   3.59600e+07
       11175.0   3.53400e+07
       11225.0   3.47200e+07
       11275.0   3.41300e+07
       11325.0   3.35300e+07
       11375.0   3.29700e+07
       11425.0   3.24100e+07
       11475.0   3.18700e+07
       11525.0   3.13400e+07
       11575.0   3.08100e+07
       11625.0   3.02400e+07
       11675.0   2.97500e+07
       11725.0   2.93000e+07
       11775.0   2.88200e+07
       11825.0   2.83400e+07
       11875.0   2.78800e+07
       11925.0   2.74300e+07
       11975.0   2.67800e+07
       12025.0   2.65500e+07
       12075.0   2.61200e+07
       12125.0   2.57000e+07
       12175.0   2.52900e+07
       12225.0   2.48900e+07
       12275.0   2.45000e+07
       12325.0   2.41100e+07
       12375.0   2.37300e+07
       12425.0   2.33600e+07
       12475.0   2.30000e+07
       12525.0   2.26000e+07
       12575.0   2.22800e+07
       12625.0   2.19400e+07
       12675.0   2.16100e+07
       12725.0   2.12800e+07
       12775.0   2.07100e+07
       12825.0   1.94600e+07
       12875.0   2.02600e+07
       12925.0   2.00200e+07
       12975.0   1.96300e+07
       13025.0   1.94200e+07
       13075.0   1.91400e+07
       13125.0   1.88500e+07
       13175.0   1.85700e+07
       13225.0   1.83000e+07
       13275.0   1.80300e+07
       13325.0   1.77700e+07
       13375.0   1.75000e+07
       13425.0   1.72400e+07
       13475.0   1.70000e+07
       13525.0   1.67600e+07
       13575.0   1.65200e+07
       13625.0   1.62800e+07
       13675.0   1.60500e+07
       13725.0   1.58100e+07
       13775.0   1.56000e+07
       13825.0   1.53800e+07
       13875.0   1.51600e+07
       13925.0   1.49400e+07
       13975.0   1.47400e+07
       14025.0   1.45300e+07
       14075.0   1.43400e+07
       14125.0   1.41400e+07
       14175.0   1.39400e+07
       14225.0   1.37500e+07
       14275.0   1.35600e+07
       14325.0   1.33800e+07
       14375.0   1.32000e+07
       14425.0   1.30200e+07
       14475.0   1.28400e+07
       14525.0   1.26700e+07
       14570.0   1.25200e+07
       14620.0   1.23500e+07
       14675.0   1.21700e+07
       14725.0   1.20100e+07
       14775.0   1.18400e+07
       14825.0   1.16900e+07
       14875.0   1.15400e+07
       14925.0   1.13900e+07
       14975.0   1.12400e+07
       15025.0   1.10900e+07
       15075.0   1.09400e+07
       15125.0   1.08100e+07
       15175.0   1.06700e+07
       15225.0   1.05300e+07
       15275.0   1.04000e+07
       15325.0   1.02600e+07
       15375.0   1.01300e+07
       15425.0   9.99400e+06
       15475.0   9.87900e+06
       15525.0   9.75200e+06
       15575.0   9.60400e+06
       15625.0   9.52600e+06
       15675.0   9.37300e+06
       15725.0   9.23100e+06
       15775.0   9.18200e+06
       15825.0   9.06400e+06
       15875.0   8.82800e+06
       15925.0   8.81800e+06
       15975.0   8.75000e+06
       16050.0   8.56300e+06
       16150.0   8.27800e+06
       16250.0   8.20500e+06
       16350.0   7.95300e+06
       16450.0   7.66700e+06
       16550.0   7.63400e+06
       16650.0   7.45500e+06
       16750.0   7.22300e+06
       16850.0   6.95200e+06
       16950.0   6.94800e+06
       17050.0   6.76100e+06
       17150.0   6.63500e+06
       17250.0   6.48200e+06
       17350.0   6.14400e+06
       17450.0   6.17900e+06
       17550.0   6.05800e+06
       17650.0   5.92400e+06
       17750.0   5.79300e+06
       17850.0   5.66400e+06
       17950.0   5.54200e+06
       18050.0   5.42100e+06
       18150.0   5.14300e+06
       18250.0   5.16400e+06
       18350.0   5.08000e+06
       18450.0   4.97200e+06
       18550.0   4.86300e+06
       18650.0   4.72900e+06
       18750.0   4.51600e+06
       18850.0   4.56600e+06
       18950.0   4.47300e+06
       19050.0   4.36900e+06
       19150.0   4.29200e+06
       19250.0   4.20400e+06
       19350.0   4.11400e+06
       19450.0   3.89100e+06
       19550.0   3.94600e+06
       19650.0   3.87600e+06
       19750.0   3.79900e+06
       19850.0   3.72400e+06
       19950.0   3.65000e+06
       20050.0   3.57900e+06
       20150.0   3.50900e+06
       20250.0   3.44100e+06
       20350.0   3.37500e+06
       20450.0   3.30900e+06
       20550.0   3.24100e+06
       20650.0   3.18500e+06
       20750.0   3.12400e+06
       20850.0   3.06500e+06
       20950.0   3.00800e+06
       21050.0   2.95100e+06
       21150.0   2.88800e+06
       21250.0   2.84300e+06
       21350.0   2.79100e+06
       21450.0   2.73900e+06
       21550.0   2.68700e+06
       21650.0   2.54200e+06
       21750.0   2.58600e+06
       21850.0   2.54500e+06
       21950.0   2.50100e+06
       22050.0   2.45600e+06
       22150.0   2.41200e+06
       22250.0   2.36900e+06
       22350.0   2.32800e+06
       22450.0   2.28700e+06
       22550.0   2.24700e+06
       22650.0   2.20800e+06
       22750.0   2.17000e+06
       22850.0   2.13200e+06
       22950.0   2.09600e+06
       23050.0   2.05900e+06
       23150.0   2.02500e+06
       23250.0   1.99100e+06
       23350.0   1.95700e+06
       23450.0   1.92400e+06
       23550.0   1.89200e+06
       23650.0   1.86000e+06
       23750.0   1.83000e+06
       23850.0   1.79900e+06
       23950.0   1.77000e+06
       24050.0   1.74100e+06
       24150.0   1.71200e+06
       24250.0   1.68400e+06
       24350.0   1.65700e+06
       24450.0   1.63000e+06
       24550.0   1.60400e+06
       24650.0   1.57800e+06
       24750.0   1.55100e+06
       24850.0   1.52900e+06
       24950.0   1.50200e+06
       25050.0   1.48200e+06
       25150.0   1.45900e+06
       25250.0   1.43100e+06
       25350.0   1.41300e+06
       25450.0   1.39400e+06
       25550.0   1.37000e+06
       25650.0   1.34100e+06
       25750.0   1.32900e+06
       25850.0   1.31000e+06
       25950.0   1.29000e+06
       26050.0   1.26600e+06
       26150.0   1.23400e+06
       26250.0   1.18500e+06
       26350.0   1.21000e+06
       26450.0   1.19600e+06
       26550.0   1.17700e+06
       26650.0   1.15800e+06
       26750.0   1.12400e+06
       26850.0   1.12300e+06
       26950.0   1.11000e+06
       27050.0   1.09400e+06
       27150.0   1.07800e+06
       27250.0   1.06200e+06
       27350.0   1.04700e+06
       27450.0   1.03100e+06
       27550.0       996800.
       27650.0       994500.
       27750.0       988100.
       27850.0       974100.
       27950.0       960300.
       28050.0       946700.
       28150.0       933500.
       28250.0       920400.
       28350.0       907600.
       28450.0       894900.
       28550.0       882200.
       28650.0       865200.
       28750.0       835400.
       28850.0       845200.
       28950.0       835000.
       29050.0       823600.
       29150.0       812400.
       29250.0       801400.
       29350.0       790600.
       29450.0       780000.
       29550.0       769500.
       29650.0       759200.
       29750.0       749100.
       29850.0       739200.
       29950.0       729400.
       30050.0       719800.
       30150.0       710200.
       30250.0       700500.
       30350.0       675000.
       30450.0       673700.
       30550.0       673900.
       30650.0       665200.
       30750.0       656500.
       30850.0       648100.
       30950.0       640000.
       31050.0       631800.
       31150.0       623700.
       31250.0       615800.
       31350.0       608100.
       31450.0       600400.
       31550.0       592800.
       31650.0       585400.
       31750.0       578100.
       31850.0       570900.
       31950.0       563800.
       32100.0       553400.
       32300.0       539900.
       32500.0       526700.
       32700.0       514000.
       32900.0       491200.
       33100.0       487600.
       33300.0       478400.
       33500.0       467400.
       33700.0       456400.
       33900.0       445800.
       34100.0       435500.
       34300.0       425400.
       34500.0       415700.
       34700.0       406200.
       34900.0       397000.
       35100.0       388000.
       35300.0       379300.
       35500.0       370900.
       35700.0       362700.
       35900.0       354700.
       36100.0       346900.
       36300.0       339300.
       36500.0       331900.
       36700.0       324800.
       36900.0       317500.
       37100.0       310700.
       37300.0       301200.
       37500.0       293000.
       37700.0       291700.
       37900.0       285700.
       38100.0       279300.
       38300.0       273500.
       38500.0       268300.
       38700.0       262800.
       38900.0       257300.
       39100.0       251100.
       39300.0       247100.
       39500.0       242200.
       39700.0       237400.
       39900.0       232600.
       40100.0       227300.
       40300.0       222100.
       40500.0       214700.
       40700.0       214900.
       40900.0       210700.
       41100.0       206700.
       41300.0       202600.
       41500.0       198700.
       41700.0       192900.
       41900.0       191200.
       42100.0       187700.
       42300.0       184200.
       42500.0       180700.
       42700.0       177400.
       42900.0       173900.
       43100.0       170900.
       43300.0       167800.
       43500.0       164700.
       43700.0       159600.
       43900.0       158200.
       44100.0       155900.
       44300.0       153200.
       44500.0       150400.
       44700.0       147800.
       44900.0       145200.
       45100.0       142700.
       45300.0       140200.
       45500.0       137700.
       45700.0       135300.
       45900.0       133000.
       46100.0       130700.
       46300.0       128400.
       46500.0       122900.
       46700.0       121600.
       46900.0       121600.
       47100.0       119900.
       47300.0       117900.
       47500.0       115900.
       47700.0       114000.
       47900.0       112100.
       48100.0       110300.
       48300.0       108500.
       48500.0       106700.
       48700.0       104900.
       48900.0       103200.
       49100.0       101600.
       49300.0       99920.0
       49500.0       98310.0
       49700.0       96740.0
       49900.0       95200.0
       50100.0       93680.0
       50300.0       92200.0
       50500.0       90750.0
       50700.0       89320.0
       50900.0       87930.0
       51100.0       86370.0
       51300.0       83310.0
       51500.0       83780.0
       51700.0       82610.0
       51900.0       81340.0
       52100.0       80100.0
       52300.0       78880.0
       52500.0       77680.0
       52700.0       76510.0
       52900.0       75360.0
       53100.0       74230.0
       53300.0       73120.0
       53500.0       72030.0
       53700.0       70930.0
       53900.0       69880.0
       54100.0       68880.0
       54300.0       67870.0
       54500.0       66880.0
       54700.0       65910.0
       54900.0       64950.0
       55100.0       63980.0
       55300.0       62960.0
       55500.0       62180.0
       55700.0       61290.0
       55900.0       60420.0
       56100.0       59560.0
       56300.0       58720.0
       56500.0       57890.0
       56700.0       57070.0
       56900.0       56270.0
       57100.0       55260.0
       57300.0       54690.0
       57500.0       53960.0
       57700.0       53210.0
       57900.0       52480.0
       58100.0       51760.0
       58300.0       51050.0
       58500.0       50380.0
       58700.0       49690.0
       58900.0       48880.0
       59100.0       47080.0
       59300.0       47580.0
       59500.0       46740.0
       59700.0       46290.0
       59900.0       45820.0
       60100.0       45210.0
       60300.0       44620.0
       60500.0       44030.0
       60700.0       43450.0
       60900.0       42880.0
       61100.0       42320.0
       61300.0       41770.0
       61500.0       41230.0
       61700.0       40690.0
       61900.0       40170.0
       62100.0       39650.0
       62300.0       39140.0
       62500.0       38640.0
       62700.0       38100.0
       62900.0       37210.0
       63100.0       37100.0
       63300.0       36720.0
       63500.0       36260.0
       63700.0       35810.0
       63900.0       35360.0
       64200.0       34700.0
       64600.0       33850.0
       65000.0       33020.0
       65400.0       32220.0
       65800.0       31440.0
       66200.0       30680.0
       66600.0       29950.0
       67000.0       29240.0
       67400.0       28520.0
       67800.0       27600.0
       68200.0       27230.0
       68600.0       26600.0
       69000.0       25980.0
       69400.0       25390.0
       69800.0       24810.0
       70200.0       24250.0
       70600.0       23700.0
       71000.0       23170.0
       71400.0       22650.0
       71800.0       22150.0
       72200.0       21660.0
       72600.0       21190.0
       73000.0       20720.0
       73400.0       20270.0
       73800.0       19840.0
       74200.0       19380.0
       74600.0       18650.0
       75000.0       18110.0
       75400.0       18170.0
       75800.0       17820.0
       76200.0       17440.0
       76600.0       17080.0
       77000.0       16730.0
       77400.0       16380.0
       77800.0       16030.0
       78200.0       15720.0
       78600.0       15400.0
       79000.0       15090.0
       79400.0       14790.0
       79800.0       14490.0
       80200.0       14200.0
       80600.0       13920.0
       81000.0       13650.0
       81400.0       13350.0
       81800.0       13110.0
       82200.0       12870.0
       82600.0       12620.0
       83000.0       12380.0
       83400.0       12140.0
       83800.0       11910.0
       84200.0       11680.0
       84600.0       11460.0
       85000.0       11250.0
       85400.0       11040.0
       85800.0       10830.0
       86200.0       10630.0
       86600.0       10380.0
       87000.0       10240.0
       87400.0       9969.00
       87800.0       9787.00
       88200.0       9695.00
       88600.0       9520.00
       89000.0       9349.00
       89400.0       9183.00
       89800.0       9019.00
       90200.0       8860.00
       90600.0       8703.00
       91000.0       8550.00
       91400.0       8401.00
       91800.0       8255.00
       92200.0       8112.00
       92600.0       7972.00
       93000.0       7835.00
       93400.0       7701.00
       93800.0       7506.00
       94200.0       7425.00
       94600.0       7316.00
       95000.0       7193.00
       95400.0       7072.00
       95800.0       6955.00
       96200.0       6839.00
       96600.0       6726.00
       97000.0       6615.00
       97400.0       6506.00
       97800.0       6400.00
       98200.0       6296.00
       98600.0       6194.00
       99000.0       6094.00
       99400.0       5996.00
       99800.0       5900.00
       100200.       5806.00
       200000.       358.700
       400000.       21.8000
       600000.       4.22900
       800000.       1.32000
   1.00000e+06      0.535200
   1.20000e+06      0.255900
   1.40000e+06      0.137200
   1.60000e+06     0.0799600
