       90.9000   7.00300e-22
       93.5000   5.48900e-21
       96.1000   3.69600e-20
       97.7000   1.14000e-19
       99.6000   4.15800e-19
       102.000   2.00100e-18
       103.800   6.22700e-18
       105.600   1.87000e-17
       107.700   6.46100e-17
       110.400   2.98100e-16
       114.000   2.05900e-15
       117.800   1.40600e-14
       121.300   7.45000e-14
       124.800   3.60900e-13
       127.100   9.72600e-13
       128.400   1.67800e-12
       130.500   3.95700e-12
       132.400   8.41300e-12
       133.900   1.50300e-11
       136.600   4.15000e-11
       139.800   1.31600e-10
       143.300   4.39300e-10
       147.200   1.57600e-09
       151.000   5.14700e-09
       155.200   1.78300e-08
       158.800   4.92100e-08
       162.000   1.17100e-07
       166.000   3.31100e-07
       170.300   9.58300e-07
       173.400   2.00300e-06
       176.800   4.36600e-06
       180.200   9.24600e-06
       181.700   1.27800e-05
       186.100   3.20000e-05
       191.000   8.48900e-05
       193.900   0.000147900
       198.400   0.000339400
       201.800   0.000620800
       205.000    0.00107700
       210.500    0.00267500
       216.200    0.00653900
       219.800     0.0112700
       223.000     0.0179900
       226.800     0.0311100
       230.000       13.1400
       234.000       28.8800
       240.000       52.1700
       246.500       100.500
       252.400       180.300
       256.800       257.000
       260.000       465.800
       264.000       756.100
       268.500       1170.00
       273.500       1730.00
       278.500       2403.00
       284.000       5615.00
       290.000       8654.00
       296.000       12420.0
       301.000       17510.0
       308.000       45860.0
       318.000       105700.
       328.000       167900.
       338.000       312500.
       348.000       515200.
       357.000   1.40900e+06
       366.000   2.89700e+06
       375.000   3.70500e+06
       385.000   5.68500e+06
       395.000   1.03400e+07
       405.000   1.34000e+07
       414.000   1.83600e+07
       422.000   2.16000e+07
       430.000   2.67400e+07
       441.000   3.48700e+07
       451.000   4.09300e+07
       460.000   4.63200e+07
       470.000   5.82300e+07
       480.000   7.11400e+07
       490.000   8.32100e+07
       500.000   1.02200e+08
       506.000   2.65500e+08
       512.000   2.03200e+09
       520.000   1.95600e+09
       530.000   1.77800e+09
       540.000   1.68700e+09
       550.000   2.13000e+09
       560.000   2.74400e+09
       570.000   2.94900e+09
       580.000   2.66100e+09
       590.000   2.93600e+09
       600.000   2.37200e+09
       610.000   3.04600e+09
       620.000   3.62200e+09
       630.000   3.52500e+09
       640.000   3.34600e+09
       650.000   2.87300e+09
       658.000   2.80500e+09
       665.000   3.49700e+09
       675.000   3.94300e+09
       685.000   3.14500e+09
       695.000   4.38100e+09
       705.000   3.47800e+09
       716.000   4.78100e+09
       726.000   4.64800e+09
       735.000   4.69500e+09
       745.000   4.62600e+09
       755.000   4.68000e+09
       765.000   4.85000e+09
       775.000   5.11400e+09
       785.000   5.35800e+09
       795.000   5.39400e+09
       805.000   5.19000e+09
       815.000   5.15100e+09
       825.000   5.55600e+09
       835.000   4.39900e+09
       845.000   5.34300e+09
       855.000   5.32200e+09
       865.000   5.53600e+09
       875.000   5.65400e+09
       885.000   5.85700e+09
       895.000   5.95400e+09
       905.000   5.79800e+09
       915.000   8.15900e+09
       925.000   3.04000e+10
       935.000   4.48000e+10
       945.000   5.17900e+10
       955.000   5.33800e+10
       965.000   5.62600e+10
       975.000   2.05300e+10
       985.000   4.29600e+10
       995.000   4.23900e+10
       1005.00   4.58700e+10
       1015.00   4.80300e+10
       1025.00   4.18700e+10
       1035.00   4.53000e+10
       1045.00   5.35900e+10
       1055.00   5.06400e+10
       1065.00   4.39100e+10
       1075.00   4.62000e+10
       1085.00   4.31100e+10
       1095.00   4.56200e+10
       1105.00   4.37600e+10
       1115.00   4.28900e+10
       1125.00   3.45300e+10
       1135.00   4.16000e+10
       1145.00   3.98200e+10
       1155.00   3.87400e+10
       1165.00   3.77300e+10
       1175.00   2.33800e+10
       1185.00   3.43400e+10
       1195.00   3.38000e+10
       1205.00   3.15000e+10
       1215.00   2.76900e+10
       1225.00   3.19400e+10
       1235.00   3.40000e+10
       1245.00   3.23500e+10
       1255.00   3.25100e+10
       1265.00   3.33100e+10
       1275.00   3.41100e+10
       1285.00   3.39800e+10
       1295.00   3.09300e+10
       1305.00   3.12500e+10
       1315.00   3.32100e+10
       1325.00   3.19200e+10
       1335.00   3.08700e+10
       1345.00   3.10200e+10
       1355.00   3.03600e+10
       1365.00   2.93300e+10
       1375.00   2.84700e+10
       1385.00   2.75100e+10
       1395.00   2.03200e+10
       1405.00   2.16300e+10
       1415.00   2.59300e+10
       1425.00   2.37200e+10
       1435.00   2.50600e+10
       1442.00   2.50200e+10
       1447.00   2.48200e+10
       1455.00   2.37300e+10
       1465.00   2.29300e+10
       1475.00   2.32400e+10
       1485.00   2.31200e+10
       1495.00   2.24400e+10
       1505.00   2.16100e+10
       1512.00   2.07400e+10
       1517.00   2.10800e+10
       1525.00   2.04800e+10
       1535.00   1.78100e+10
       1545.00   1.56200e+10
       1555.00   1.55100e+10
       1565.00   1.74000e+10
       1575.00   1.83900e+10
       1585.00   1.84700e+10
       1595.00   1.82500e+10
       1605.00   1.73600e+10
       1615.00   1.66500e+10
       1625.00   1.69600e+10
       1635.00   1.73200e+10
       1645.00   1.72700e+10
       1655.00   1.72200e+10
       1665.00   1.70500e+10
       1672.00   1.58300e+10
       1677.00   1.82700e+10
       1685.00   1.73200e+10
       1695.00   1.66200e+10
       1705.00   1.64500e+10
       1715.00   1.56300e+10
       1725.00   1.52000e+10
       1735.00   1.56800e+10
       1745.00   1.54600e+10
       1755.00   1.53100e+10
       1765.00   1.51700e+10
       1775.00   1.45700e+10
       1785.00   1.47700e+10
       1795.00   1.45400e+10
       1805.00   1.45700e+10
       1815.00   1.39300e+10
       1825.00   1.39100e+10
       1835.00   1.38200e+10
       1845.00   1.28900e+10
       1855.00   1.31500e+10
       1865.00   1.32000e+10
       1875.00   1.30400e+10
       1885.00   1.21800e+10
       1895.00   1.17200e+10
       1905.00   1.22000e+10
       1915.00   1.18200e+10
       1925.00   1.11300e+10
       1935.00   1.17900e+10
       1945.00   1.19800e+10
       1955.00   1.08400e+10
       1967.00   1.14300e+10
       1976.00   1.17900e+10
       1984.00   1.12000e+10
       1995.00   1.09300e+10
       2005.00   1.11400e+10
       2015.00   1.11300e+10
       2025.00   1.12000e+10
       2035.00   1.05800e+10
       2045.00   1.05100e+10
       2055.00   9.10500e+09
       2065.00   8.91900e+09
       2074.00   9.44400e+09
       2078.00   9.17200e+09
       2085.00   9.76100e+09
       2095.00   9.62500e+09
       2105.00   9.79300e+09
       2115.00   9.86200e+09
       2125.00   9.78900e+09
       2135.00   9.67300e+09
       2145.00   9.40200e+09
       2155.00   9.49500e+09
       2165.00   9.24100e+09
       2175.00   9.24300e+09
       2185.00   9.06300e+09
       2195.00   9.11400e+09
       2205.00   8.98500e+09
       2215.00   8.79000e+09
       2225.00   8.69900e+09
       2235.00   8.54500e+09
       2245.00   8.47500e+09
       2255.00   8.29400e+09
       2265.00   8.26800e+09
       2275.00   8.18400e+09
       2285.00   8.03100e+09
       2295.00   7.17400e+09
       2305.00   7.73600e+09
       2315.00   7.64900e+09
       2325.00   7.59600e+09
       2335.00   7.46200e+09
       2345.00   7.42300e+09
       2355.00   7.30100e+09
       2365.00   7.20100e+09
       2375.00   7.06300e+09
       2385.00   6.88100e+09
       2395.00   6.84200e+09
       2405.00   6.80600e+09
       2415.00   6.71200e+09
       2425.00   6.66200e+09
       2435.00   6.53700e+09
       2445.00   6.47800e+09
       2455.00   6.40700e+09
       2465.00   6.31500e+09
       2475.00   6.21900e+09
       2485.00   6.03500e+09
       2495.00   4.52000e+09
       2505.00   5.76500e+09
       2513.00   5.67700e+09
       2518.00   5.77300e+09
       2525.00   5.84300e+09
       2535.00   5.79800e+09
       2545.00   5.66000e+09
       2555.00   5.61600e+09
       2565.00   5.56500e+09
       2575.00   5.50100e+09
       2585.00   5.43800e+09
       2595.00   5.36200e+09
       2605.00   5.32500e+09
       2615.00   5.23000e+09
       2625.00   5.18700e+09
       2635.00   5.13200e+09
       2645.00   5.05300e+09
       2655.00   5.00000e+09
       2665.00   4.88500e+09
       2675.00   4.80900e+09
       2685.00   4.81700e+09
       2695.00   4.69500e+09
       2705.00   4.65000e+09
       2715.00   4.60000e+09
       2725.00   4.56400e+09
       2735.00   4.48400e+09
       2745.00   4.47200e+09
       2755.00   4.42400e+09
       2765.00   4.35200e+09
       2775.00   4.34400e+09
       2785.00   4.27100e+09
       2795.00   4.14300e+09
       2805.00   4.15800e+09
       2815.00   4.14100e+09
       2825.00   4.08200e+09
       2835.00   3.99500e+09
       2845.00   3.99800e+09
       2855.00   3.93800e+09
       2865.00   3.89100e+09
       2875.00   3.85000e+09
       2885.00   3.80900e+09
       2895.00   3.76500e+09
       2910.00   3.68300e+09
       2930.00   3.62500e+09
       2950.00   3.52300e+09
       2970.00   3.45600e+09
       2990.00   3.36400e+09
       3010.00   3.26900e+09
       3030.00   3.20500e+09
       3050.00   3.15400e+09
       3070.00   3.10000e+09
       3090.00   2.99800e+09
       3110.00   2.96900e+09
       3130.00   2.89500e+09
       3150.00   2.84000e+09
       3170.00   2.77500e+09
       3190.00   2.71700e+09
       3210.00   2.65800e+09
       3230.00   2.60300e+09
       3250.00   2.56300e+09
       3270.00   2.49600e+09
       3290.00   2.45100e+09
       3310.00   2.40100e+09
       3330.00   2.34500e+09
       3350.00   2.29500e+09
       3370.00   2.25100e+09
       3390.00   2.21900e+09
       3410.00   2.17500e+09
       3430.00   2.13200e+09
       3450.00   2.08100e+09
       3470.00   2.04500e+09
       3490.00   2.00300e+09
       3510.00   1.96900e+09
       3530.00   1.93700e+09
       3550.00   1.89700e+09
       3570.00   1.86400e+09
       3590.00   1.81900e+09
       3610.00   1.78500e+09
       3630.00   1.75300e+09
       3640.00   1.73800e+09
       3650.00   1.67500e+09
       3670.00   1.65000e+09
       3690.00   1.61400e+09
       3710.00   1.56800e+09
       3730.00   1.53300e+09
       3750.00   1.57900e+09
       3770.00   1.55900e+09
       3790.00   1.57900e+09
       3810.00   1.60400e+09
       3830.00   1.47800e+09
       3850.00   1.58200e+09
       3870.00   1.53500e+09
       3890.00   1.40700e+09
       3910.00   1.51500e+09
       3930.00   1.46800e+09
       3950.00   1.44600e+09
       3970.00   1.30000e+09
       3990.00   1.40800e+09
       4010.00   1.38200e+09
       4030.00   1.33900e+09
       4050.00   1.33800e+09
       4070.00   1.29100e+09
       4090.00   1.24400e+09
       4110.00   1.16200e+09
       4130.00   1.23100e+09
       4150.00   1.21600e+09
       4170.00   1.20500e+09
       4190.00   1.18500e+09
       4210.00   1.16600e+09
       4230.00   1.14900e+09
       4250.00   1.12200e+09
       4270.00   1.09700e+09
       4290.00   1.08100e+09
       4310.00   1.05600e+09
       4330.00   1.01700e+09
       4350.00   9.53600e+08
       4370.00   1.00800e+09
       4390.00   9.92300e+08
       4410.00   9.78900e+08
       4430.00   9.70800e+08
       4450.00   9.53400e+08
       4470.00   9.26300e+08
       4490.00   9.25100e+08
       4510.00   9.08200e+08
       4530.00   8.97100e+08
       4550.00   8.79900e+08
       4570.00   8.69500e+08
       4590.00   8.54100e+08
       4610.00   8.39300e+08
       4630.00   8.23800e+08
       4650.00   7.88400e+08
       4670.00   7.98700e+08
       4690.00   7.84800e+08
       4710.00   7.69500e+08
       4730.00   7.70200e+08
       4750.00   7.57200e+08
       4770.00   7.50300e+08
       4790.00   7.38600e+08
       4810.00   7.26100e+08
       4830.00   7.13700e+08
       4850.00   6.92700e+08
       4870.00   6.40100e+08
       4890.00   6.83400e+08
       4910.00   6.73400e+08
       4930.00   6.56500e+08
       4950.00   6.51700e+08
       4970.00   6.46300e+08
       4990.00   6.36700e+08
       5010.00   6.17600e+08
       5030.00   6.16900e+08
       5050.00   6.06600e+08
       5070.00   6.00900e+08
       5090.00   5.91800e+08
       5110.00   5.83200e+08
       5130.00   5.73800e+08
       5150.00   5.65900e+08
       5170.00   5.58300e+08
       5190.00   5.51200e+08
       5210.00   5.43700e+08
       5230.00   5.36100e+08
       5250.00   5.27700e+08
       5270.00   5.20200e+08
       5290.00   5.14100e+08
       5310.00   5.06900e+08
       5330.00   5.00200e+08
       5350.00   4.93300e+08
       5370.00   4.86700e+08
       5390.00   4.79700e+08
       5410.00   4.71600e+08
       5430.00   4.67300e+08
       5450.00   4.60900e+08
       5470.00   4.54600e+08
       5490.00   4.48600e+08
       5510.00   4.42700e+08
       5530.00   4.36600e+08
       5550.00   4.31300e+08
       5570.00   4.25300e+08
       5590.00   4.19400e+08
       5610.00   4.14500e+08
       5630.00   4.09100e+08
       5650.00   4.03500e+08
       5670.00   3.97400e+08
       5690.00   3.88900e+08
       5710.00   3.83100e+08
       5730.00   3.78500e+08
       5750.00   3.72900e+08
       5770.00   3.69300e+08
       5790.00   3.64500e+08
       5810.00   3.59900e+08
       5830.00   3.55200e+08
       5850.00   3.51800e+08
       5870.00   3.41400e+08
       5890.00   3.42800e+08
       5910.00   3.39600e+08
       5930.00   3.35600e+08
       5950.00   3.32000e+08
       5970.00   3.29200e+08
       5990.00   3.24500e+08
       6010.00   3.21000e+08
       6030.00   3.16700e+08
       6050.00   3.13000e+08
       6070.00   3.09400e+08
       6090.00   3.05800e+08
       6110.00   3.01900e+08
       6130.00   2.98400e+08
       6150.00   2.94300e+08
       6170.00   2.90800e+08
       6190.00   2.87700e+08
       6210.00   2.84400e+08
       6230.00   2.80900e+08
       6250.00   2.77500e+08
       6270.00   2.74300e+08
       6290.00   2.71200e+08
       6310.00   2.67700e+08
       6330.00   2.64900e+08
       6350.00   2.61600e+08
       6370.00   2.58800e+08
       6390.00   2.55700e+08
       6410.00   2.52600e+08
       6430.00   2.49900e+08
       6450.00   2.46900e+08
       6470.00   2.43600e+08
       6490.00   2.40900e+08
       6510.00   2.38400e+08
       6530.00   2.35300e+08
       6550.00   2.30700e+08
       6570.00   2.11200e+08
       6590.00   2.26600e+08
       6610.00   2.25100e+08
       6630.00   2.22800e+08
       6650.00   2.20100e+08
       6670.00   2.16200e+08
       6690.00   2.13700e+08
       6710.00   2.12800e+08
       6730.00   2.10100e+08
       6750.00   2.08200e+08
       6770.00   2.06000e+08
       6790.00   2.03200e+08
       6810.00   2.01500e+08
       6830.00   1.99200e+08
       6850.00   1.97100e+08
       6870.00   1.94900e+08
       6890.00   1.92500e+08
       6910.00   1.90400e+08
       6930.00   1.88800e+08
       6950.00   1.86700e+08
       6970.00   1.84700e+08
       6990.00   1.82700e+08
       7010.00   1.80700e+08
       7030.00   1.78600e+08
       7050.00   1.76900e+08
       7070.00   1.72900e+08
       7090.00   1.73200e+08
       7110.00   1.71000e+08
       7130.00   1.69300e+08
       7150.00   1.67800e+08
       7170.00   1.65900e+08
       7190.00   1.64300e+08
       7210.00   1.62600e+08
       7230.00   1.59700e+08
       7250.00   1.59000e+08
       7270.00   1.57600e+08
       7290.00   1.55000e+08
       7310.00   1.54400e+08
       7330.00   1.52800e+08
       7350.00   1.51200e+08
       7370.00   1.49700e+08
       7390.00   1.48200e+08
       7410.00   1.46700e+08
       7430.00   1.45200e+08
       7450.00   1.43700e+08
       7470.00   1.42000e+08
       7490.00   1.40700e+08
       7510.00   1.39400e+08
       7530.00   1.38000e+08
       7550.00   1.36700e+08
       7570.00   1.35300e+08
       7590.00   1.33800e+08
       7610.00   1.32500e+08
       7630.00   1.31300e+08
       7650.00   1.30000e+08
       7670.00   1.28800e+08
       7690.00   1.27400e+08
       7710.00   1.26200e+08
       7730.00   1.24900e+08
       7750.00   1.23800e+08
       7770.00   1.22600e+08
       7790.00   1.21400e+08
       7810.00   1.20200e+08
       7830.00   1.19100e+08
       7850.00   1.18000e+08
       7870.00   1.16700e+08
       7890.00   1.15600e+08
       7910.00   1.14600e+08
       7930.00   1.13500e+08
       7950.00   1.12400e+08
       7970.00   1.11300e+08
       7990.00   1.10300e+08
       8010.00   1.09200e+08
       8030.00   1.08200e+08
       8050.00   1.07200e+08
       8070.00   1.06200e+08
       8090.00   1.05100e+08
       8110.00   1.03800e+08
       8130.00   1.03300e+08
       8150.00   1.02200e+08
       8170.00   1.01400e+08
       8190.00   1.00100e+08
       8210.00   9.87700e+07
       8230.00   9.77600e+07
       8250.00   9.72000e+07
       8270.00   9.57500e+07
       8290.00   9.53500e+07
       8310.00   9.45500e+07
       8330.00   9.36100e+07
       8350.00   9.24600e+07
       8370.00   9.18100e+07
       8390.00   9.11300e+07
       8410.00   9.02500e+07
       8430.00   8.94200e+07
       8450.00   8.83000e+07
       8470.00   8.76400e+07
       8490.00   8.71100e+07
       8510.00   8.56200e+07
       8530.00   8.57700e+07
       8550.00   8.35500e+07
       8570.00   8.49600e+07
       8590.00   8.21400e+07
       8610.00   8.15300e+07
       8630.00   8.32500e+07
       8650.00   8.15600e+07
       8670.00   7.70500e+07
       8690.00   8.12200e+07
       8710.00   8.09600e+07
       8730.00   7.93300e+07
       8750.00   7.35200e+07
       8770.00   7.75200e+07
       8790.00   7.83700e+07
       8810.00   7.78000e+07
       8830.00   7.69300e+07
       8850.00   7.41500e+07
       8870.00   6.96700e+07
       8890.00   7.47700e+07
       8910.00   7.45000e+07
       8930.00   7.38400e+07
       8950.00   7.32900e+07
       8970.00   7.27000e+07
       8990.00   7.13900e+07
       9010.00   6.58600e+07
       9030.00   6.84100e+07
       9050.00   7.01100e+07
       9070.00   6.92600e+07
       9090.00   6.89400e+07
       9110.00   6.85400e+07
       9130.00   6.79800e+07
       9150.00   6.74300e+07
       9170.00   6.67400e+07
       9190.00   6.62100e+07
       9210.00   6.44600e+07
       9230.00   5.89500e+07
       9250.00   6.36200e+07
       9270.00   6.40000e+07
       9290.00   6.35700e+07
       9310.00   6.28800e+07
       9330.00   6.24200e+07
       9350.00   6.18900e+07
       9370.00   6.15000e+07
       9390.00   6.10300e+07
       9410.00   6.05000e+07
       9430.00   6.00200e+07
       9450.00   5.95300e+07
       9470.00   5.88600e+07
       9490.00   5.85700e+07
       9510.00   5.76600e+07
       9530.00   5.63100e+07
       9550.00   5.17200e+07
       9570.00   5.61500e+07
       9590.00   5.62400e+07
       9610.00   5.57000e+07
       9630.00   5.51600e+07
       9650.00   5.49700e+07
       9670.00   5.45400e+07
       9690.00   5.40700e+07
       9710.00   5.30400e+07
       9730.00   5.31700e+07
       9750.00   5.28300e+07
       9770.00   5.24200e+07
       9790.00   5.20100e+07
       9810.00   5.15700e+07
       9830.00   5.12000e+07
       9850.00   5.07900e+07
       9870.00   5.03800e+07
       9890.00   4.99500e+07
       9910.00   4.94300e+07
       9930.00   4.92500e+07
       9950.00   4.88700e+07
       9970.00   4.84700e+07
       9990.00   4.81100e+07
       10025.0   4.64200e+07
       10075.0   4.50100e+07
       10125.0   4.54600e+07
       10175.0   4.48400e+07
       10225.0   4.39800e+07
       10275.0   4.31700e+07
       10325.0   4.22600e+07
       10375.0   4.16000e+07
       10425.0   4.08300e+07
       10475.0   4.00900e+07
       10525.0   3.93500e+07
       10575.0   3.86400e+07
       10625.0   3.79400e+07
       10675.0   3.72200e+07
       10725.0   3.66000e+07
       10775.0   3.59400e+07
       10825.0   3.49900e+07
       10875.0   3.46700e+07
       10925.0   3.23700e+07
       10975.0   3.31900e+07
       11025.0   3.27800e+07
       11075.0   3.23200e+07
       11125.0   3.17600e+07
       11175.0   3.12200e+07
       11225.0   3.06800e+07
       11275.0   3.01600e+07
       11325.0   2.96300e+07
       11375.0   2.91400e+07
       11425.0   2.86500e+07
       11475.0   2.81700e+07
       11525.0   2.77100e+07
       11575.0   2.72400e+07
       11625.0   2.67700e+07
       11675.0   2.63200e+07
       11725.0   2.59200e+07
       11775.0   2.54900e+07
       11825.0   2.50800e+07
       11875.0   2.46700e+07
       11925.0   2.42700e+07
       11975.0   2.37300e+07
       12025.0   2.35000e+07
       12075.0   2.31200e+07
       12125.0   2.27500e+07
       12175.0   2.24000e+07
       12225.0   2.20400e+07
       12275.0   2.17000e+07
       12325.0   2.13500e+07
       12375.0   2.10200e+07
       12425.0   2.07000e+07
       12475.0   2.03700e+07
       12525.0   2.00200e+07
       12575.0   1.97500e+07
       12625.0   1.94500e+07
       12675.0   1.91600e+07
       12725.0   1.88600e+07
       12775.0   1.83900e+07
       12825.0   1.74000e+07
       12875.0   1.79900e+07
       12925.0   1.77500e+07
       12975.0   1.74100e+07
       13025.0   1.72200e+07
       13075.0   1.69700e+07
       13125.0   1.67200e+07
       13175.0   1.64800e+07
       13225.0   1.62400e+07
       13275.0   1.60000e+07
       13325.0   1.57600e+07
       13375.0   1.55300e+07
       13425.0   1.53000e+07
       13475.0   1.50900e+07
       13525.0   1.48700e+07
       13575.0   1.46600e+07
       13625.0   1.44500e+07
       13675.0   1.42500e+07
       13725.0   1.40400e+07
       13775.0   1.38500e+07
       13825.0   1.36600e+07
       13875.0   1.34700e+07
       13925.0   1.32700e+07
       13975.0   1.30900e+07
       14025.0   1.29100e+07
       14075.0   1.27400e+07
       14125.0   1.25600e+07
       14175.0   1.23900e+07
       14225.0   1.22200e+07
       14275.0   1.20500e+07
       14325.0   1.18900e+07
       14375.0   1.17300e+07
       14425.0   1.15700e+07
       14475.0   1.14200e+07
       14525.0   1.12600e+07
       14570.0   1.11300e+07
       14620.0   1.09800e+07
       14675.0   1.08200e+07
       14725.0   1.06800e+07
       14775.0   1.05300e+07
       14825.0   1.04000e+07
       14875.0   1.02600e+07
       14925.0   1.01300e+07
       14975.0   9.99800e+06
       15025.0   9.86700e+06
       15075.0   9.72800e+06
       15125.0   9.61500e+06
       15175.0   9.49000e+06
       15225.0   9.37100e+06
       15275.0   9.24400e+06
       15325.0   9.12500e+06
       15375.0   9.01800e+06
       15425.0   8.88200e+06
       15475.0   8.79300e+06
       15525.0   8.68200e+06
       15575.0   8.52700e+06
       15625.0   8.48900e+06
       15675.0   8.34100e+06
       15725.0   8.19400e+06
       15775.0   8.18600e+06
       15825.0   8.08300e+06
       15875.0   7.81700e+06
       15925.0   7.86400e+06
       15975.0   7.80800e+06
       16050.0   7.64300e+06
       16150.0   7.36200e+06
       16250.0   7.31300e+06
       16350.0   7.10300e+06
       16450.0   6.83200e+06
       16550.0   6.80800e+06
       16650.0   6.64900e+06
       16750.0   6.45600e+06
       16850.0   6.20600e+06
       16950.0   6.19800e+06
       17050.0   6.03300e+06
       17150.0   5.91900e+06
       17250.0   5.78600e+06
       17350.0   5.49800e+06
       17450.0   5.52200e+06
       17550.0   5.40700e+06
       17650.0   5.28700e+06
       17750.0   5.17100e+06
       17850.0   5.05600e+06
       17950.0   4.94800e+06
       18050.0   4.84100e+06
       18150.0   4.60800e+06
       18250.0   4.62100e+06
       18350.0   4.53700e+06
       18450.0   4.44100e+06
       18550.0   4.34400e+06
       18650.0   4.23100e+06
       18750.0   4.05000e+06
       18850.0   4.08100e+06
       18950.0   3.99600e+06
       19050.0   3.90500e+06
       19150.0   3.83600e+06
       19250.0   3.75800e+06
       19350.0   3.68000e+06
       19450.0   3.49400e+06
       19550.0   3.53000e+06
       19650.0   3.46500e+06
       19750.0   3.39700e+06
       19850.0   3.33000e+06
       19950.0   3.26400e+06
       20050.0   3.20100e+06
       20150.0   3.13800e+06
       20250.0   3.07800e+06
       20350.0   3.01800e+06
       20450.0   2.96000e+06
       20550.0   2.89900e+06
       20650.0   2.84900e+06
       20750.0   2.79500e+06
       20850.0   2.74300e+06
       20950.0   2.69100e+06
       21050.0   2.64100e+06
       21150.0   2.58400e+06
       21250.0   2.54500e+06
       21350.0   2.49800e+06
       21450.0   2.45200e+06
       21550.0   2.40600e+06
       21650.0   2.28600e+06
       21750.0   2.31800e+06
       21850.0   2.27800e+06
       21950.0   2.23900e+06
       22050.0   2.19900e+06
       22150.0   2.16000e+06
       22250.0   2.12100e+06
       22350.0   2.08400e+06
       22450.0   2.04800e+06
       22550.0   2.01200e+06
       22650.0   1.97700e+06
       22750.0   1.94300e+06
       22850.0   1.91000e+06
       22950.0   1.87700e+06
       23050.0   1.84500e+06
       23150.0   1.81400e+06
       23250.0   1.78300e+06
       23350.0   1.75300e+06
       23450.0   1.72400e+06
       23550.0   1.69500e+06
       23650.0   1.66700e+06
       23750.0   1.63900e+06
       23850.0   1.61200e+06
       23950.0   1.58600e+06
       24050.0   1.56000e+06
       24150.0   1.53400e+06
       24250.0   1.50900e+06
       24350.0   1.48500e+06
       24450.0   1.46100e+06
       24550.0   1.43800e+06
       24650.0   1.41400e+06
       24750.0   1.39000e+06
       24850.0   1.37100e+06
       24950.0   1.34500e+06
       25050.0   1.32900e+06
       25150.0   1.30900e+06
       25250.0   1.28100e+06
       25350.0   1.26800e+06
       25450.0   1.25000e+06
       25550.0   1.22900e+06
       25650.0   1.19900e+06
       25750.0   1.19200e+06
       25850.0   1.17500e+06
       25950.0   1.15700e+06
       26050.0   1.13600e+06
       26150.0   1.10300e+06
       26250.0   1.06800e+06
       26350.0   1.08700e+06
       26450.0   1.07300e+06
       26550.0   1.05600e+06
       26650.0   1.03900e+06
       26750.0   1.00400e+06
       26850.0   1.00900e+06
       26950.0       996100.
       27050.0       981500.
       27150.0       967300.
       27250.0       953300.
       27350.0       939500.
       27450.0       925800.
       27550.0       892300.
       27650.0       893900.
       27750.0       886900.
       27850.0       874300.
       27950.0       862000.
       28050.0       849700.
       28150.0       837900.
       28250.0       826200.
       28350.0       814700.
       28450.0       803400.
       28550.0       792000.
       28650.0       778200.
       28750.0       749100.
       28850.0       759500.
       28950.0       749600.
       29050.0       739500.
       29150.0       729400.
       29250.0       719600.
       29350.0       709800.
       29450.0       700300.
       29550.0       691000.
       29650.0       681700.
       29750.0       672700.
       29850.0       663800.
       29950.0       655000.
       30050.0       646400.
       30150.0       637700.
       30250.0       629500.
       30350.0       606500.
       30450.0       606400.
       30550.0       605300.
       30650.0       597400.
       30750.0       589500.
       30850.0       582100.
       30950.0       574800.
       31050.0       567400.
       31150.0       560200.
       31250.0       553100.
       31350.0       546200.
       31450.0       539300.
       31550.0       532500.
       31650.0       525900.
       31750.0       519300.
       31850.0       512800.
       31950.0       506500.
       32100.0       497100.
       32300.0       485000.
       32500.0       473200.
       32700.0       461800.
       32900.0       442000.
       33100.0       438600.
       33300.0       429200.
       33500.0       419900.
       33700.0       410200.
       33900.0       400700.
       34100.0       391400.
       34300.0       382400.
       34500.0       373600.
       34700.0       365100.
       34900.0       356900.
       35100.0       348800.
       35300.0       341000.
       35500.0       333400.
       35700.0       325900.
       35900.0       318900.
       36100.0       311600.
       36300.0       305100.
       36500.0       298100.
       36700.0       292100.
       36900.0       285200.
       37100.0       279400.
       37300.0       271300.
       37500.0       263700.
       37700.0       262400.
       37900.0       256900.
       38100.0       250900.
       38300.0       245900.
       38500.0       241300.
       38700.0       236400.
       38900.0       231500.
       39100.0       225400.
       39300.0       222300.
       39500.0       217800.
       39700.0       213500.
       39900.0       209300.
       40100.0       204300.
       40300.0       199500.
       40500.0       193500.
       40700.0       193300.
       40900.0       189600.
       41100.0       185900.
       41300.0       182200.
       41500.0       178800.
       41700.0       173100.
       41900.0       172100.
       42100.0       168900.
       42300.0       165700.
       42500.0       162600.
       42700.0       159600.
       42900.0       156500.
       43100.0       153800.
       43300.0       151000.
       43500.0       148200.
       43700.0       143400.
       43900.0       142500.
       44100.0       140300.
       44300.0       137800.
       44500.0       135400.
       44700.0       133100.
       44900.0       130700.
       45100.0       128400.
       45300.0       126200.
       45500.0       124000.
       45700.0       121800.
       45900.0       119700.
       46100.0       117600.
       46300.0       115600.
       46500.0       110900.
       46700.0       109400.
       46900.0       109500.
       47100.0       108000.
       47300.0       106100.
       47500.0       104400.
       47700.0       102600.
       47900.0       100900.
       48100.0       99260.0
       48300.0       97630.0
       48500.0       96030.0
       48700.0       94460.0
       48900.0       92930.0
       49100.0       91430.0
       49300.0       89950.0
       49500.0       88510.0
       49700.0       87090.0
       49900.0       85700.0
       50100.0       84340.0
       50300.0       83010.0
       50500.0       81700.0
       50700.0       80420.0
       50900.0       79160.0
       51100.0       77840.0
       51300.0       75060.0
       51500.0       75490.0
       51700.0       74340.0
       51900.0       73230.0
       52100.0       72120.0
       52300.0       71020.0
       52500.0       69940.0
       52700.0       68810.0
       52900.0       67850.0
       53100.0       66830.0
       53300.0       65840.0
       53500.0       64860.0
       53700.0       63820.0
       53900.0       62880.0
       54100.0       62020.0
       54300.0       61120.0
       54500.0       60220.0
       54700.0       59350.0
       54900.0       58490.0
       55100.0       57600.0
       55300.0       56610.0
       55500.0       56000.0
       55700.0       55200.0
       55900.0       54410.0
       56100.0       53640.0
       56300.0       52880.0
       56500.0       52130.0
       56700.0       51400.0
       56900.0       50680.0
       57100.0       49660.0
       57300.0       49260.0
       57500.0       48600.0
       57700.0       47930.0
       57900.0       47260.0
       58100.0       46620.0
       58300.0       45980.0
       58500.0       45380.0
       58700.0       44760.0
       58900.0       44080.0
       59100.0       42490.0
       59300.0       42920.0
       59500.0       42000.0
       59700.0       41680.0
       59900.0       41270.0
       60100.0       40730.0
       60300.0       40190.0
       60500.0       39660.0
       60700.0       39140.0
       60900.0       38630.0
       61100.0       38120.0
       61300.0       37630.0
       61500.0       37140.0
       61700.0       36660.0
       61900.0       36190.0
       62100.0       35720.0
       62300.0       35260.0
       62500.0       34810.0
       62700.0       34340.0
       62900.0       33420.0
       63100.0       33440.0
       63300.0       33080.0
       63500.0       32670.0
       63700.0       32260.0
       63900.0       31860.0
       64200.0       31260.0
       64600.0       30500.0
       65000.0       29750.0
       65400.0       29030.0
       65800.0       28330.0
       66200.0       27650.0
       66600.0       26990.0
       67000.0       26350.0
       67400.0       25710.0
       67800.0       24850.0
       68200.0       24540.0
       68600.0       23970.0
       69000.0       23410.0
       69400.0       22880.0
       69800.0       22360.0
       70200.0       21850.0
       70600.0       21360.0
       71000.0       20880.0
       71400.0       20410.0
       71800.0       19960.0
       72200.0       19520.0
       72600.0       19090.0
       73000.0       18680.0
       73400.0       18270.0
       73800.0       17880.0
       74200.0       17470.0
       74600.0       16850.0
       75000.0       16350.0
       75400.0       16380.0
       75800.0       16060.0
       76200.0       15720.0
       76600.0       15400.0
       77000.0       15080.0
       77400.0       14770.0
       77800.0       14430.0
       78200.0       14170.0
       78600.0       13880.0
       79000.0       13600.0
       79400.0       13330.0
       79800.0       13060.0
       80200.0       12800.0
       80600.0       12550.0
       81000.0       12300.0
       81400.0       12020.0
       81800.0       11820.0
       82200.0       11600.0
       82600.0       11380.0
       83000.0       11160.0
       83400.0       10940.0
       83800.0       10740.0
       84200.0       10530.0
       84600.0       10330.0
       85000.0       10140.0
       85400.0       9950.00
       85800.0       9765.00
       86200.0       9584.00
       86600.0       9339.00
       87000.0       9231.00
       87400.0       8995.00
       87800.0       8831.00
       88200.0       8741.00
       88600.0       8583.00
       89000.0       8429.00
       89400.0       8279.00
       89800.0       8132.00
       90200.0       7988.00
       90600.0       7847.00
       91000.0       7709.00
       91400.0       7575.00
       91800.0       7443.00
       92200.0       7314.00
       92600.0       7188.00
       93000.0       7065.00
       93400.0       6944.00
       93800.0       6759.00
       94200.0       6697.00
       94600.0       6597.00
       95000.0       6486.00
       95400.0       6377.00
       95800.0       6271.00
       96200.0       6167.00
       96600.0       6065.00
       97000.0       5965.00
       97400.0       5867.00
       97800.0       5771.00
       98200.0       5677.00
       98600.0       5583.00
       99000.0       5495.00
       99400.0       5407.00
       99800.0       5320.00
       100200.       5235.00
       200000.       323.800
       400000.       19.7400
       600000.       3.83500
       800000.       1.19900
   1.00000e+06      0.486200
   1.20000e+06      0.232600
   1.40000e+06      0.124700
   1.60000e+06     0.0726600
