       90.9000       0.00000
       93.5000       0.00000
       96.1000       0.00000
       97.7000       0.00000
       99.6000       0.00000
       102.000       0.00000
       103.800       0.00000
       105.600       0.00000
       107.700       0.00000
       110.400       0.00000
       114.000       0.00000
       117.800       0.00000
       121.300       0.00000
       124.800       0.00000
       127.100       0.00000
       128.400       0.00000
       130.500       0.00000
       132.400       0.00000
       133.900       0.00000
       136.600       0.00000
       139.800       0.00000
       143.300       0.00000
       147.200       0.00000
       151.000       0.00000
       155.200       0.00000
       158.800       0.00000
       162.000       0.00000
       166.000       0.00000
       170.300       0.00000
       173.400       0.00000
       176.800       0.00000
       180.200       0.00000
       181.700       0.00000
       186.100       0.00000
       191.000       0.00000
       193.900       0.00000
       198.400       0.00000
       201.800       0.00000
       205.000       0.00000
       210.500       0.00000
       216.200       0.00000
       219.800       0.00000
       223.000       0.00000
       226.800       0.00000
       230.000       0.00000
       234.000       0.00000
       240.000       0.00000
       246.500       0.00000
       252.400       0.00000
       256.800       0.00000
       260.000       0.00000
       264.000       0.00000
       268.500       0.00000
       273.500       0.00000
       278.500       0.00000
       284.000       0.00000
       290.000       0.00000
       296.000       0.00000
       301.000       0.00000
       308.000       0.00000
       318.000       0.00000
       328.000       0.00000
       338.000       0.00000
       348.000       0.00000
       357.000       0.00000
       366.000   7.48600e-24
       375.000   9.38700e-23
       385.000   7.63700e-22
       395.000   5.41400e-21
       405.000   3.46800e-20
       414.000   1.70400e-19
       422.000   6.61100e-19
       430.000   1.71300e-19
       441.000   8.66600e-19
       451.000   3.51600e-18
       460.000   1.17300e-17
       470.000   4.22600e-17
       480.000   1.43700e-16
       490.000   4.63500e-16
       500.000   1.42100e-15
       506.000   3.60800e-15
       512.000   7.66000e-15
       520.000   1.73300e-14
       530.000   4.66300e-14
       540.000   1.18500e-13
       550.000   2.94800e-13
       560.000   7.03200e-13
       570.000   1.62200e-12
       580.000   3.58200e-12
       590.000   7.85800e-12
       600.000   1.65600e-11
       610.000   3.40300e-11
       620.000   6.80800e-11
       630.000   1.33000e-10
       640.000   2.53800e-10
       650.000   4.74200e-10
       658.000   7.70000e-10
       665.000   1.16300e-09
       675.000   2.06600e-09
       685.000   3.60200e-09
       695.000   6.16900e-09
       705.000   1.03500e-08
       716.000   1.80700e-08
       726.000   2.94100e-08
       735.000   4.50300e-08
       745.000   7.12900e-08
       755.000   1.11400e-07
       765.000   1.71700e-07
       775.000   2.61500e-07
       785.000   3.93700e-07
       795.000   5.80100e-07
       805.000   8.57300e-07
       815.000   1.25100e-06
       825.000   1.80100e-06
       835.000   2.56800e-06
       845.000   3.62700e-06
       855.000   5.07400e-06
       865.000   7.03500e-06
       875.000   9.64200e-06
       885.000   1.31800e-05
       895.000   1.78300e-05
       905.000   2.38000e-05
       915.000     0.0160900
       925.000     0.0497800
       935.000     0.0655100
       945.000     0.0875800
       955.000      0.123400
       965.000      0.163200
       975.000      0.206900
       985.000      0.267700
       995.000      0.331900
       1005.00      0.451500
       1015.00      0.575300
       1025.00      0.700600
       1035.00      0.903200
       1045.00       1.14400
       1055.00       1.42900
       1065.00       1.73200
       1075.00       2.17300
       1085.00       2.68600
       1095.00       3.22100
       1105.00       9.71900
       1115.00       31.6400
       1125.00       46.3500
       1135.00       64.3000
       1145.00       80.3100
       1155.00       88.0600
       1165.00       117.700
       1175.00       134.200
       1185.00       142.900
       1195.00       64.1800
       1205.00       56.5100
       1215.00       14.3000
       1225.00       66.3800
       1235.00       172.200
       1245.00       411.200
       1255.00       994.900
       1265.00       1007.00
       1275.00       1868.00
       1285.00       2894.00
       1295.00       3741.00
       1305.00       2797.00
       1315.00       5089.00
       1325.00       6389.00
       1335.00       6883.00
       1345.00       9307.00
       1355.00       9643.00
       1365.00       10540.0
       1375.00       11700.0
       1385.00       13140.0
       1395.00       15410.0
       1405.00       17430.0
       1415.00       17560.0
       1425.00       20400.0
       1435.00       20470.0
       1442.00       23940.0
       1447.00       26370.0
       1455.00       30100.0
       1465.00       30270.0
       1475.00       33470.0
       1485.00       37640.0
       1495.00       43330.0
       1505.00       47830.0
       1512.00       47770.0
       1517.00       52430.0
       1525.00       56330.0
       1535.00       222200.
       1545.00       906000.
       1555.00       760200.
       1565.00       598000.
       1575.00   1.17600e+06
       1585.00   1.48200e+06
       1595.00   2.03700e+06
       1605.00   1.64500e+06
       1615.00   1.48200e+06
       1625.00   1.23200e+06
       1635.00   1.47100e+06
       1645.00   2.20300e+06
       1655.00   1.04900e+06
       1665.00   1.85300e+06
       1672.00       476300.
       1677.00   2.70400e+06
       1685.00   4.31400e+06
       1695.00   4.49200e+06
       1705.00   4.18000e+06
       1715.00   5.79300e+06
       1725.00   6.21700e+06
       1735.00   7.73800e+06
       1745.00   6.81300e+06
       1755.00   8.92400e+06
       1765.00   6.39500e+06
       1775.00   8.58600e+06
       1785.00   7.33200e+06
       1795.00   1.07600e+07
       1805.00   8.70800e+06
       1815.00   1.00400e+07
       1825.00   8.26700e+06
       1835.00   7.49200e+06
       1845.00   6.87700e+06
       1855.00   8.03800e+06
       1865.00   9.05700e+06
       1875.00   8.49400e+06
       1885.00   8.86700e+06
       1895.00   9.87900e+06
       1905.00   8.74400e+06
       1915.00   9.34100e+06
       1925.00   9.21200e+06
       1935.00   6.41700e+06
       1945.00   1.02900e+07
       1955.00   1.05100e+07
       1967.00   1.16400e+07
       1976.00   1.13800e+07
       1984.00   1.08900e+07
       1995.00   1.06000e+07
       2005.00   9.87100e+06
       2015.00   9.00200e+06
       2025.00   8.54900e+06
       2035.00   1.00500e+07
       2045.00   1.12400e+07
       2055.00   9.90600e+06
       2065.00   9.35000e+06
       2074.00   1.19700e+07
       2078.00   1.28600e+07
       2085.00   1.21700e+07
       2095.00   1.13400e+07
       2105.00   1.03900e+07
       2115.00   1.06300e+07
       2125.00   1.09800e+07
       2135.00   8.17000e+06
       2145.00   1.02200e+07
       2155.00   1.05800e+07
       2165.00   9.30900e+06
       2175.00   9.40300e+06
       2185.00   9.87800e+06
       2195.00   1.10800e+07
       2205.00   1.04200e+07
       2215.00   8.59000e+06
       2225.00   8.22900e+06
       2235.00   1.06800e+07
       2245.00   9.47400e+06
       2255.00   8.05500e+06
       2265.00   8.18000e+06
       2275.00   9.49600e+06
       2285.00   1.00700e+07
       2295.00   9.01100e+06
       2305.00   9.50300e+06
       2315.00   8.81500e+06
       2325.00   8.33600e+06
       2335.00   5.91200e+06
       2345.00   4.55400e+06
       2355.00   7.65000e+06
       2365.00   4.55200e+06
       2375.00   6.25200e+06
       2385.00   3.54600e+06
       2395.00   4.79200e+06
       2405.00   4.54900e+06
       2415.00   5.68300e+06
       2425.00   8.65000e+06
       2435.00   8.33500e+06
       2445.00   9.07700e+06
       2455.00   9.01800e+06
       2465.00   8.67300e+06
       2475.00   8.09100e+06
       2485.00   8.37200e+06
       2495.00   7.96200e+06
       2505.00   1.04200e+07
       2513.00   7.91700e+06
       2518.00   8.60200e+06
       2525.00   7.04300e+06
       2535.00   6.73500e+06
       2545.00   6.89800e+06
       2555.00   8.27400e+06
       2565.00   7.26200e+06
       2575.00   8.48100e+06
       2585.00   7.90400e+06
       2595.00   7.13200e+06
       2605.00   6.29000e+06
       2615.00   5.83600e+06
       2625.00   7.66200e+06
       2635.00   9.05500e+06
       2645.00   1.27200e+07
       2655.00   1.29800e+07
       2665.00   1.03900e+07
       2675.00   1.15400e+07
       2685.00   1.12200e+07
       2695.00   1.05800e+07
       2705.00   1.12700e+07
       2715.00   9.77700e+06
       2725.00   9.94800e+06
       2735.00   1.08800e+07
       2745.00   6.52000e+06
       2755.00   7.70000e+06
       2765.00   8.77100e+06
       2775.00   1.07200e+07
       2785.00   8.83500e+06
       2795.00   3.35800e+06
       2805.00   4.42500e+06
       2815.00   1.05700e+07
       2825.00   1.27200e+07
       2835.00   1.19800e+07
       2845.00   1.14600e+07
       2855.00   1.03200e+07
       2865.00   1.23600e+07
       2875.00   1.18700e+07
       2885.00   1.22400e+07
       2895.00   1.14100e+07
       2910.00   1.38900e+07
       2930.00   1.30700e+07
       2950.00   1.29400e+07
       2970.00   1.38800e+07
       2990.00   1.40800e+07
       3010.00   1.46500e+07
       3030.00   1.44600e+07
       3050.00   1.44100e+07
       3070.00   1.45500e+07
       3090.00   1.51500e+07
       3110.00   1.45200e+07
       3130.00   1.44100e+07
       3150.00   1.51900e+07
       3170.00   1.51000e+07
       3190.00   1.40200e+07
       3210.00   1.48000e+07
       3230.00   1.40900e+07
       3250.00   1.49000e+07
       3270.00   1.52300e+07
       3290.00   1.54300e+07
       3310.00   1.58500e+07
       3330.00   1.54200e+07
       3350.00   1.52300e+07
       3370.00   1.50000e+07
       3390.00   1.52800e+07
       3410.00   1.56700e+07
       3430.00   1.59300e+07
       3450.00   1.58200e+07
       3470.00   1.55500e+07
       3490.00   1.54100e+07
       3510.00   1.60000e+07
       3530.00   1.61000e+07
       3550.00   1.66000e+07
       3570.00   1.57800e+07
       3590.00   1.58000e+07
       3610.00   1.59100e+07
       3630.00   1.61600e+07
       3640.00   1.58400e+07
       3650.00   1.66200e+07
       3670.00   1.63200e+07
       3690.00   1.67700e+07
       3710.00   2.09000e+07
       3730.00   2.57600e+07
       3750.00   3.72200e+07
       3770.00   4.04800e+07
       3790.00   5.13300e+07
       3810.00   5.90100e+07
       3830.00   4.58400e+07
       3850.00   6.27000e+07
       3870.00   6.85400e+07
       3890.00   4.19100e+07
       3910.00   6.55000e+07
       3930.00   4.89900e+07
       3950.00   6.37700e+07
       3970.00   3.54600e+07
       3990.00   6.50700e+07
       4010.00   6.78600e+07
       4030.00   6.65700e+07
       4050.00   6.59400e+07
       4070.00   6.41600e+07
       4090.00   5.71200e+07
       4110.00   4.38300e+07
       4130.00   6.21000e+07
       4150.00   6.37400e+07
       4170.00   6.19500e+07
       4190.00   6.15100e+07
       4210.00   6.10000e+07
       4230.00   5.96100e+07
       4250.00   5.95700e+07
       4270.00   5.74100e+07
       4290.00   5.81000e+07
       4310.00   5.42900e+07
       4330.00   4.67100e+07
       4350.00   3.98500e+07
       4370.00   5.54800e+07
       4390.00   5.46500e+07
       4410.00   5.32300e+07
       4430.00   5.31200e+07
       4450.00   5.35000e+07
       4470.00   5.30100e+07
       4490.00   5.25300e+07
       4510.00   5.34300e+07
       4530.00   5.12000e+07
       4550.00   5.00400e+07
       4570.00   5.16900e+07
       4590.00   4.94800e+07
       4610.00   5.09100e+07
       4630.00   4.90900e+07
       4650.00   4.95700e+07
       4670.00   4.91700e+07
       4690.00   4.75900e+07
       4710.00   4.59500e+07
       4730.00   4.75300e+07
       4750.00   4.75200e+07
       4770.00   4.64900e+07
       4790.00   4.60800e+07
       4810.00   4.53500e+07
       4830.00   4.43100e+07
       4850.00   3.70100e+07
       4870.00   2.94500e+07
       4890.00   4.21000e+07
       4910.00   4.27000e+07
       4930.00   4.16600e+07
       4950.00   4.22300e+07
       4970.00   4.23700e+07
       4990.00   4.07000e+07
       5010.00   3.91000e+07
       5030.00   4.00100e+07
       5050.00   3.93700e+07
       5070.00   3.97700e+07
       5090.00   3.91900e+07
       5110.00   3.89300e+07
       5130.00   3.79600e+07
       5150.00   3.71800e+07
       5170.00   3.64100e+07
       5190.00   3.60300e+07
       5210.00   3.59800e+07
       5230.00   3.55300e+07
       5250.00   3.60100e+07
       5270.00   3.39900e+07
       5290.00   3.51900e+07
       5310.00   3.43900e+07
       5330.00   3.35400e+07
       5350.00   3.43700e+07
       5370.00   3.38900e+07
       5390.00   3.34000e+07
       5410.00   3.27400e+07
       5430.00   3.26200e+07
       5450.00   3.28400e+07
       5470.00   3.24000e+07
       5490.00   3.22300e+07
       5510.00   3.18200e+07
       5530.00   3.14900e+07
       5550.00   3.15000e+07
       5570.00   3.09900e+07
       5590.00   3.06800e+07
       5610.00   3.05400e+07
       5630.00   3.04000e+07
       5650.00   2.99000e+07
       5670.00   2.95000e+07
       5690.00   2.95000e+07
       5710.00   2.92300e+07
       5730.00   2.92100e+07
       5750.00   2.87800e+07
       5770.00   2.85800e+07
       5790.00   2.82300e+07
       5810.00   2.80200e+07
       5830.00   2.77900e+07
       5850.00   2.75000e+07
       5870.00   2.72800e+07
       5890.00   2.66300e+07
       5910.00   2.67700e+07
       5930.00   2.65200e+07
       5950.00   2.62400e+07
       5970.00   2.60700e+07
       5990.00   2.56900e+07
       6010.00   2.53900e+07
       6030.00   2.53000e+07
       6050.00   2.50700e+07
       6070.00   2.49400e+07
       6090.00   2.46400e+07
       6110.00   2.43400e+07
       6130.00   2.39600e+07
       6150.00   2.34400e+07
       6170.00   2.35100e+07
       6190.00   2.35800e+07
       6210.00   2.34100e+07
       6230.00   2.30600e+07
       6250.00   2.23700e+07
       6270.00   2.28200e+07
       6290.00   2.26100e+07
       6310.00   2.21900e+07
       6330.00   2.21300e+07
       6350.00   2.17900e+07
       6370.00   2.16300e+07
       6390.00   2.15600e+07
       6410.00   2.12200e+07
       6430.00   2.11500e+07
       6450.00   2.07200e+07
       6470.00   2.08300e+07
       6490.00   2.03500e+07
       6510.00   2.03100e+07
       6530.00   2.00500e+07
       6550.00   1.80600e+07
       6570.00   1.42500e+07
       6590.00   1.91700e+07
       6610.00   1.95000e+07
       6630.00   1.94900e+07
       6650.00   1.93400e+07
       6670.00   1.91600e+07
       6690.00   1.90600e+07
       6710.00   1.89000e+07
       6730.00   1.87300e+07
       6750.00   1.85200e+07
       6770.00   1.84800e+07
       6790.00   1.83000e+07
       6810.00   1.81700e+07
       6830.00   1.79500e+07
       6850.00   1.78300e+07
       6870.00   1.77300e+07
       6890.00   1.75900e+07
       6910.00   1.74400e+07
       6930.00   1.72800e+07
       6950.00   1.71600e+07
       6970.00   1.70000e+07
       6990.00   1.68900e+07
       7010.00   1.66300e+07
       7030.00   1.65800e+07
       7050.00   1.64700e+07
       7070.00   1.63600e+07
       7090.00   1.62300e+07
       7110.00   1.57900e+07
       7130.00   1.58700e+07
       7150.00   1.57800e+07
       7170.00   1.56700e+07
       7190.00   1.55100e+07
       7210.00   1.54100e+07
       7230.00   1.52700e+07
       7250.00   1.51500e+07
       7270.00   1.51000e+07
       7290.00   1.49100e+07
       7310.00   1.47800e+07
       7330.00   1.47000e+07
       7350.00   1.46200e+07
       7370.00   1.45500e+07
       7390.00   1.43800e+07
       7410.00   1.42100e+07
       7430.00   1.40600e+07
       7450.00   1.40000e+07
       7470.00   1.38100e+07
       7490.00   1.37700e+07
       7510.00   1.37000e+07
       7530.00   1.36400e+07
       7550.00   1.35900e+07
       7570.00   1.34500e+07
       7590.00   1.33700e+07
       7610.00   1.32800e+07
       7630.00   1.31800e+07
       7650.00   1.30400e+07
       7670.00   1.29000e+07
       7690.00   1.28500e+07
       7710.00   1.27100e+07
       7730.00   1.26900e+07
       7750.00   1.25800e+07
       7770.00   1.22300e+07
       7790.00   1.24300e+07
       7810.00   1.23300e+07
       7830.00   1.21800e+07
       7850.00   1.20500e+07
       7870.00   1.19800e+07
       7890.00   1.18700e+07
       7910.00   1.18000e+07
       7930.00   1.17200e+07
       7950.00   1.16000e+07
       7970.00   1.16300e+07
       7990.00   1.14200e+07
       8010.00   1.14400e+07
       8030.00   1.13400e+07
       8050.00   1.12800e+07
       8070.00   1.11900e+07
       8090.00   1.11100e+07
       8110.00   1.10600e+07
       8130.00   1.09900e+07
       8150.00   1.09100e+07
       8170.00   1.08300e+07
       8190.00   1.06000e+07
       8210.00   1.05700e+07
       8230.00   1.04900e+07
       8250.00   1.04400e+07
       8270.00   1.04900e+07
       8290.00   1.04000e+07
       8310.00   1.03100e+07
       8330.00   1.01100e+07
       8350.00   1.01500e+07
       8370.00   9.98200e+06
       8390.00   9.89000e+06
       8410.00   9.80100e+06
       8430.00   9.89300e+06
       8450.00   9.69500e+06
       8470.00   9.35500e+06
       8490.00   1.01100e+07
       8510.00   8.97900e+06
       8530.00   1.02500e+07
       8550.00   8.32300e+06
       8570.00   1.04900e+07
       8590.00   9.66700e+06
       8610.00   9.33400e+06
       8630.00   1.06800e+07
       8650.00   1.03500e+07
       8670.00   8.05100e+06
       8690.00   1.03600e+07
       8710.00   1.08200e+07
       8730.00   1.05000e+07
       8750.00   8.22700e+06
       8770.00   1.01000e+07
       8790.00   1.06500e+07
       8810.00   1.05800e+07
       8830.00   1.02800e+07
       8850.00   9.52900e+06
       8870.00   7.98900e+06
       8890.00   1.00400e+07
       8910.00   1.02000e+07
       8930.00   1.01400e+07
       8950.00   1.01800e+07
       8970.00   1.00500e+07
       8990.00   9.77500e+06
       9010.00   7.88900e+06
       9030.00   8.76000e+06
       9050.00   9.69000e+06
       9070.00   9.49000e+06
       9090.00   9.34700e+06
       9110.00   9.53300e+06
       9130.00   9.55200e+06
       9150.00   9.53200e+06
       9170.00   9.41800e+06
       9190.00   9.24700e+06
       9210.00   8.80900e+06
       9230.00   6.92200e+06
       9250.00   8.47400e+06
       9270.00   8.78300e+06
       9290.00   9.04800e+06
       9310.00   9.02300e+06
       9330.00   8.95200e+06
       9350.00   8.91600e+06
       9370.00   8.86900e+06
       9390.00   8.73700e+06
       9410.00   8.45300e+06
       9430.00   8.59900e+06
       9450.00   8.57200e+06
       9470.00   8.53400e+06
       9490.00   8.47400e+06
       9510.00   8.33800e+06
       9530.00   7.87500e+06
       9550.00   6.33900e+06
       9570.00   7.88000e+06
       9590.00   8.13900e+06
       9610.00   8.06500e+06
       9630.00   7.93400e+06
       9650.00   8.02000e+06
       9670.00   7.88100e+06
       9690.00   7.86200e+06
       9710.00   7.91400e+06
       9730.00   7.85000e+06
       9750.00   7.74900e+06
       9770.00   7.75900e+06
       9790.00   7.70400e+06
       9810.00   7.64800e+06
       9830.00   7.58800e+06
       9850.00   7.49100e+06
       9870.00   7.45700e+06
       9890.00   7.37500e+06
       9910.00   7.35900e+06
       9930.00   7.32300e+06
       9950.00   7.27700e+06
       9970.00   7.25100e+06
       9990.00   7.18800e+06
       10025.0   6.72000e+06
       10075.0   6.37600e+06
       10125.0   6.81100e+06
       10175.0   6.77600e+06
       10225.0   6.69400e+06
       10275.0   6.59900e+06
       10325.0   6.46200e+06
       10375.0   6.38000e+06
       10425.0   6.28500e+06
       10475.0   6.11300e+06
       10525.0   6.04900e+06
       10575.0   5.97600e+06
       10625.0   5.88700e+06
       10675.0   5.69700e+06
       10725.0   5.67700e+06
       10775.0   5.60300e+06
       10825.0   5.52000e+06
       10875.0   5.42000e+06
       10925.0   4.75300e+06
       10975.0   5.11700e+06
       11025.0   5.23100e+06
       11075.0   5.17200e+06
       11125.0   5.08100e+06
       11175.0   5.01100e+06
       11225.0   4.94800e+06
       11275.0   4.78400e+06
       11325.0   4.72400e+06
       11375.0   4.71000e+06
       11425.0   4.61700e+06
       11475.0   4.60200e+06
       11525.0   4.54100e+06
       11575.0   4.46900e+06
       11625.0   4.35100e+06
       11675.0   4.26600e+06
       11725.0   4.28800e+06
       11775.0   4.14800e+06
       11825.0   4.12600e+06
       11875.0   4.04400e+06
       11925.0   4.06100e+06
       11975.0   3.96100e+06
       12025.0   3.93100e+06
       12075.0   3.86700e+06
       12125.0   3.81800e+06
       12175.0   3.78000e+06
       12225.0   3.72300e+06
       12275.0   3.66600e+06
       12325.0   3.62000e+06
       12375.0   3.57800e+06
       12425.0   3.53900e+06
       12475.0   3.48000e+06
       12525.0   3.43400e+06
       12575.0   3.36500e+06
       12625.0   3.33700e+06
       12675.0   3.30700e+06
       12725.0   3.26400e+06
       12775.0   3.18000e+06
       12825.0   2.79700e+06
       12875.0   3.11000e+06
       12925.0   3.09300e+06
       12975.0   3.05700e+06
       13025.0   3.02100e+06
       13075.0   2.98400e+06
       13125.0   2.94200e+06
       13175.0   2.89300e+06
       13225.0   2.87000e+06
       13275.0   2.83300e+06
       13325.0   2.79900e+06
       13375.0   2.76300e+06
       13425.0   2.72700e+06
       13475.0   2.69300e+06
       13525.0   2.65100e+06
       13575.0   2.61700e+06
       13625.0   2.59300e+06
       13675.0   2.55700e+06
       13725.0   2.50200e+06
       13775.0   2.49000e+06
       13825.0   2.46200e+06
       13875.0   2.44100e+06
       13925.0   2.40000e+06
       13975.0   2.37700e+06
       14025.0   2.34900e+06
       14075.0   2.32400e+06
       14125.0   2.29100e+06
       14175.0   2.26600e+06
       14225.0   2.23600e+06
       14275.0   2.20800e+06
       14325.0   2.18500e+06
       14375.0   2.16200e+06
       14425.0   2.09400e+06
       14475.0   2.10800e+06
       14525.0   2.06200e+06
       14570.0   2.06000e+06
       14620.0   2.03000e+06
       14675.0   2.01200e+06
       14725.0   1.98400e+06
       14775.0   1.95400e+06
       14825.0   1.93800e+06
       14875.0   1.90700e+06
       14925.0   1.90300e+06
       14975.0   1.87500e+06
       15025.0   1.84300e+06
       15075.0   1.82100e+06
       15125.0   1.80700e+06
       15175.0   1.78600e+06
       15225.0   1.77900e+06
       15275.0   1.73200e+06
       15325.0   1.71300e+06
       15375.0   1.72500e+06
       15425.0   1.64900e+06
       15475.0   1.69100e+06
       15525.0   1.68300e+06
       15575.0   1.57800e+06
       15625.0   1.67500e+06
       15675.0   1.61200e+06
       15725.0   1.53000e+06
       15775.0   1.62100e+06
       15825.0   1.61200e+06
       15875.0   1.43500e+06
       15925.0   1.56400e+06
       15975.0   1.57800e+06
       16050.0   1.53400e+06
       16150.0   1.43600e+06
       16250.0   1.49900e+06
       16350.0   1.43900e+06
       16450.0   1.34400e+06
       16550.0   1.40400e+06
       16650.0   1.37500e+06
       16750.0   1.31900e+06
       16850.0   1.23300e+06
       16950.0   1.28900e+06
       17050.0   1.25700e+06
       17150.0   1.23500e+06
       17250.0   1.20000e+06
       17350.0   1.09100e+06
       17450.0   1.14200e+06
       17550.0   1.12900e+06
       17650.0   1.10500e+06
       17750.0   1.08600e+06
       17850.0   1.06200e+06
       17950.0   1.04600e+06
       18050.0   1.01800e+06
       18150.0       936400.
       18250.0       968500.
       18350.0       962900.
       18450.0       944500.
       18550.0       923300.
       18650.0       904900.
       18750.0       824500.
       18850.0       866600.
       18950.0       850500.
       19050.0       841200.
       19150.0       824800.
       19250.0       808600.
       19350.0       790400.
       19450.0       723900.
       19550.0       761400.
       19650.0       750000.
       19750.0       734200.
       19850.0       722500.
       19950.0       709300.
       20050.0       696600.
       20150.0       684200.
       20250.0       671200.
       20350.0       658600.
       20450.0       647900.
       20550.0       636100.
       20650.0       623700.
       20750.0       613000.
       20850.0       602600.
       20950.0       591700.
       21050.0       581200.
       21150.0       569600.
       21250.0       560000.
       21350.0       550300.
       21450.0       542400.
       21550.0       531800.
       21650.0       489100.
       21750.0       511800.
       21850.0       506100.
       21950.0       498300.
       22050.0       488900.
       22150.0       480100.
       22250.0       473700.
       22350.0       465800.
       22450.0       458200.
       22550.0       449200.
       22650.0       443000.
       22750.0       435900.
       22850.0       428900.
       22950.0       421600.
       23050.0       415600.
       23150.0       408800.
       23250.0       402600.
       23350.0       396200.
       23450.0       390000.
       23550.0       383900.
       23650.0       377800.
       23750.0       371800.
       23850.0       365900.
       23950.0       360100.
       24050.0       354100.
       24150.0       348100.
       24250.0       344600.
       24350.0       337300.
       24450.0       331600.
       24550.0       329000.
       24650.0       322200.
       24750.0       317400.
       24850.0       315700.
       24950.0       302300.
       25050.0       307400.
       25150.0       303000.
       25250.0       287400.
       25350.0       294100.
       25450.0       290800.
       25550.0       285400.
       25650.0       268400.
       25750.0       277800.
       25850.0       274200.
       25950.0       271100.
       26050.0       264900.
       26150.0       248400.
       26250.0       241800.
       26350.0       254500.
       26450.0       252700.
       26550.0       249300.
       26650.0       244200.
       26750.0       226900.
       26850.0       238000.
       26950.0       236200.
       27050.0       232700.
       27150.0       229700.
       27250.0       226500.
       27350.0       223400.
       27450.0       219900.
       27550.0       204800.
       27650.0       210300.
       27750.0       211300.
       27850.0       208600.
       27950.0       205800.
       28050.0       203100.
       28150.0       200300.
       28250.0       197600.
       28350.0       195000.
       28450.0       192200.
       28550.0       189800.
       28650.0       185400.
       28750.0       173300.
       28850.0       181800.
       28950.0       179900.
       29050.0       177800.
       29150.0       175100.
       29250.0       173100.
       29350.0       171000.
       29450.0       168700.
       29550.0       166600.
       29650.0       164500.
       29750.0       162400.
       29850.0       160300.
       29950.0       158300.
       30050.0       156200.
       30150.0       154200.
       30250.0       152100.
       30350.0       143300.
       30450.0       145100.
       30550.0       146600.
       30650.0       144900.
       30750.0       143100.
       30850.0       141100.
       30950.0       139600.
       31050.0       137800.
       31150.0       135900.
       31250.0       134500.
       31350.0       132800.
       31450.0       131200.
       31550.0       129800.
       31650.0       128300.
       31750.0       126600.
       31850.0       125200.
       31950.0       123700.
       32100.0       121500.
       32300.0       118700.
       32500.0       116000.
       32700.0       113200.
       32900.0       106500.
       33100.0       107000.
       33300.0       105200.
       33500.0       102900.
       33700.0       100400.
       33900.0       98240.0
       34100.0       96090.0
       34300.0       94070.0
       34500.0       92120.0
       34700.0       90080.0
       34900.0       88140.0
       35100.0       86250.0
       35300.0       84400.0
       35500.0       82540.0
       35700.0       80690.0
       35900.0       79270.0
       36100.0       77230.0
       36300.0       76050.0
       36500.0       73920.0
       36700.0       72960.0
       36900.0       70590.0
       37100.0       69930.0
       37300.0       67540.0
       37500.0       64800.0
       37700.0       65820.0
       37900.0       64600.0
       38100.0       62500.0
       38300.0       61580.0
       38500.0       60900.0
       38700.0       59630.0
       38900.0       58400.0
       39100.0       55930.0
       39300.0       56300.0
       39500.0       55290.0
       39700.0       54270.0
       39900.0       53110.0
       40100.0       51500.0
       40300.0       50070.0
       40500.0       48640.0
       40700.0       49240.0
       40900.0       48340.0
       41100.0       47510.0
       41300.0       46630.0
       41500.0       45690.0
       41700.0       43400.0
       41900.0       44000.0
       42100.0       43230.0
       42300.0       42520.0
       42500.0       41750.0
       42700.0       41000.0
       42900.0       40270.0
       43100.0       39550.0
       43300.0       38840.0
       43500.0       38150.0
       43700.0       36340.0
       43900.0       36620.0
       44100.0       36160.0
       44300.0       35550.0
       44500.0       34930.0
       44700.0       34400.0
       44900.0       33740.0
       45100.0       33180.0
       45300.0       32610.0
       45500.0       32070.0
       45700.0       31510.0
       45900.0       30980.0
       46100.0       30470.0
       46300.0       29940.0
       46500.0       28480.0
       46700.0       27960.0
       46900.0       28430.0
       47100.0       28040.0
       47300.0       27590.0
       47500.0       27130.0
       47700.0       26700.0
       47900.0       26280.0
       48100.0       25850.0
       48300.0       25450.0
       48500.0       25030.0
       48700.0       24650.0
       48900.0       24250.0
       49100.0       23870.0
       49300.0       23480.0
       49500.0       23150.0
       49700.0       22730.0
       49900.0       22430.0
       50100.0       22090.0
       50300.0       21680.0
       50500.0       21430.0
       50700.0       21100.0
       50900.0       20670.0
       51100.0       20410.0
       51300.0       19480.0
       51500.0       19820.0
       51700.0       19420.0
       51900.0       19270.0
       52100.0       19000.0
       52300.0       18730.0
       52500.0       18400.0
       52700.0       18000.0
       52900.0       17920.0
       53100.0       17670.0
       53300.0       17420.0
       53500.0       17150.0
       53700.0       16740.0
       53900.0       16520.0
       54100.0       16430.0
       54300.0       16200.0
       54500.0       15970.0
       54700.0       15740.0
       54900.0       15520.0
       55100.0       15250.0
       55300.0       14790.0
       55500.0       14870.0
       55700.0       14660.0
       55900.0       14450.0
       56100.0       14260.0
       56300.0       14070.0
       56500.0       13880.0
       56700.0       13680.0
       56900.0       13480.0
       57100.0       12980.0
       57300.0       13110.0
       57500.0       12960.0
       57700.0       12780.0
       57900.0       12610.0
       58100.0       12440.0
       58300.0       12270.0
       58500.0       12110.0
       58700.0       11940.0
       58900.0       11750.0
       59100.0       11250.0
       59300.0       11450.0
       59500.0       11030.0
       59700.0       11110.0
       59900.0       11040.0
       60100.0       10900.0
       60300.0       10760.0
       60500.0       10620.0
       60700.0       10490.0
       60900.0       10350.0
       61100.0       10220.0
       61300.0       10090.0
       61500.0       9964.00
       61700.0       9839.00
       61900.0       9714.00
       62100.0       9594.00
       62300.0       9469.00
       62500.0       9353.00
       62700.0       9221.00
       62900.0       8833.00
       63100.0       8981.00
       63300.0       8897.00
       63500.0       8790.00
       63700.0       8691.00
       63900.0       8581.00
       64200.0       8432.00
       64600.0       8227.00
       65000.0       8025.00
       65400.0       7846.00
       65800.0       7654.00
       66200.0       7474.00
       66600.0       7303.00
       67000.0       7134.00
       67400.0       6950.00
       67800.0       6684.00
       68200.0       6637.00
       68600.0       6506.00
       69000.0       6358.00
       69400.0       6195.00
       69800.0       6077.00
       70200.0       5944.00
       70600.0       5811.00
       71000.0       5662.00
       71400.0       5562.00
       71800.0       5441.00
       72200.0       5320.00
       72600.0       5180.00
       73000.0       5096.00
       73400.0       4990.00
       73800.0       4882.00
       74200.0       4771.00
       74600.0       4585.00
       75000.0       4422.00
       75400.0       4475.00
       75800.0       4394.00
       76200.0       4309.00
       76600.0       4221.00
       77000.0       4136.00
       77400.0       4049.00
       77800.0       3924.00
       78200.0       3890.00
       78600.0       3815.00
       79000.0       3740.00
       79400.0       3667.00
       79800.0       3595.00
       80200.0       3524.00
       80600.0       3456.00
       81000.0       3390.00
       81400.0       3282.00
       81800.0       3250.00
       82200.0       3200.00
       82600.0       3139.00
       83000.0       3080.00
       83400.0       3021.00
       83800.0       2964.00
       84200.0       2910.00
       84600.0       2857.00
       85000.0       2805.00
       85400.0       2753.00
       85800.0       2701.00
       86200.0       2653.00
       86600.0       2560.00
       87000.0       2555.00
       87400.0       2485.00
       87800.0       2443.00
       88200.0       2424.00
       88600.0       2379.00
       89000.0       2340.00
       89400.0       2299.00
       89800.0       2259.00
       90200.0       2219.00
       90600.0       2178.00
       91000.0       2144.00
       91400.0       2107.00
       91800.0       2071.00
       92200.0       2036.00
       92600.0       1994.00
       93000.0       1968.00
       93400.0       1934.00
       93800.0       1868.00
       94200.0       1865.00
       94600.0       1840.00
       95000.0       1805.00
       95400.0       1774.00
       95800.0       1751.00
       96200.0       1722.00
       96600.0       1694.00
       97000.0       1667.00
       97400.0       1639.00
       97800.0       1613.00
       98200.0       1585.00
       98600.0       1554.00
       99000.0       1538.00
       99400.0       1513.00
       99800.0       1489.00
       100200.       1466.00
       200000.       94.2100
       400000.       5.87000
       600000.       1.15000
       800000.      0.361100
   1.00000e+06      0.146900
   1.20000e+06     0.0704000
   1.40000e+06     0.0378000
   1.60000e+06     0.0220600
