       90.9000       0.00000
       93.5000       0.00000
       96.1000       0.00000
       97.7000       0.00000
       99.6000       0.00000
       102.000       0.00000
       103.800       0.00000
       105.600       0.00000
       107.700       0.00000
       110.400       0.00000
       114.000       0.00000
       117.800       0.00000
       121.300       0.00000
       124.800       0.00000
       127.100       0.00000
       128.400       0.00000
       130.500       0.00000
       132.400       0.00000
       133.900       0.00000
       136.600       0.00000
       139.800       0.00000
       143.300       0.00000
       147.200       0.00000
       151.000       0.00000
       155.200       0.00000
       158.800       0.00000
       162.000       0.00000
       166.000       0.00000
       170.300       0.00000
       173.400       0.00000
       176.800       0.00000
       180.200       0.00000
       181.700       0.00000
       186.100       0.00000
       191.000       0.00000
       193.900       0.00000
       198.400       0.00000
       201.800       0.00000
       205.000       0.00000
       210.500       0.00000
       216.200       0.00000
       219.800       0.00000
       223.000       0.00000
       226.800       0.00000
       230.000       0.00000
       234.000       0.00000
       240.000       0.00000
       246.500       0.00000
       252.400       0.00000
       256.800       0.00000
       260.000       0.00000
       264.000       0.00000
       268.500       0.00000
       273.500       0.00000
       278.500       0.00000
       284.000       0.00000
       290.000       0.00000
       296.000       0.00000
       301.000       0.00000
       308.000       0.00000
       318.000       0.00000
       328.000       0.00000
       338.000       0.00000
       348.000       0.00000
       357.000       0.00000
       366.000   1.62700e-24
       375.000   1.00300e-23
       385.000   6.81500e-23
       395.000   4.17600e-22
       405.000   2.32800e-21
       414.000   1.01400e-20
       422.000   3.54500e-20
       430.000   1.18000e-19
       441.000   5.71200e-19
       451.000   2.23000e-18
       460.000   7.20200e-18
       470.000   2.50500e-17
       480.000   8.23600e-17
       490.000   2.57200e-16
       500.000   7.64200e-16
       506.000   1.90300e-15
       512.000   3.96200e-15
       520.000   8.76100e-15
       530.000   2.29400e-14
       540.000   5.68400e-14
       550.000   1.37700e-13
       560.000   3.20400e-13
       570.000   7.21500e-13
       580.000   1.55700e-12
       590.000   3.34200e-12
       600.000   6.89600e-12
       610.000   1.38700e-11
       620.000   2.72100e-11
       630.000   5.21100e-11
       640.000   9.76300e-11
       650.000   1.79100e-10
       658.000   2.86700e-10
       665.000   4.27800e-10
       675.000   7.47200e-10
       685.000   1.28200e-09
       695.000   2.16100e-09
       705.000   3.56800e-09
       716.000   6.12800e-09
       726.000   9.83300e-09
       735.000   1.48600e-08
       745.000   2.32000e-08
       755.000   3.57600e-08
       765.000   5.44400e-08
       775.000   8.18300e-08
       785.000   1.21700e-07
       795.000   1.77100e-07
       805.000   2.58700e-07
       815.000   3.73100e-07
       825.000   5.31200e-07
       835.000   7.49100e-07
       845.000   1.04600e-06
       855.000   1.44900e-06
       865.000   1.98800e-06
       875.000   2.69900e-06
       885.000   3.65300e-06
       895.000   4.89400e-06
       905.000   6.49200e-06
       915.000    0.00600500
       925.000     0.0195300
       935.000     0.0263100
       945.000     0.0352700
       955.000     0.0490700
       965.000     0.0650600
       975.000     0.0849600
       985.000      0.111000
       995.000      0.143000
       1005.00      0.189700
       1015.00      0.243400
       1025.00      0.303900
       1035.00      0.394200
       1045.00      0.498800
       1055.00      0.628100
       1065.00      0.783600
       1075.00      0.980800
       1085.00       1.22000
       1095.00       1.50300
       1105.00       3.65700
       1115.00       11.3700
       1125.00       16.7100
       1135.00       23.9000
       1145.00       30.6700
       1155.00       34.1700
       1165.00       46.7000
       1175.00       55.8900
       1185.00       59.7300
       1195.00       35.4800
       1205.00       34.2800
       1215.00       13.1300
       1225.00       41.1900
       1235.00       92.4100
       1245.00       199.400
       1255.00       415.700
       1265.00       420.000
       1275.00       621.100
       1285.00       855.200
       1295.00       1038.00
       1305.00       954.600
       1315.00       1348.00
       1325.00       1579.00
       1335.00       1774.00
       1345.00       2123.00
       1355.00       2240.00
       1365.00       2536.00
       1375.00       2754.00
       1385.00       2972.00
       1395.00       3405.00
       1405.00       3829.00
       1415.00       4083.00
       1425.00       4522.00
       1435.00       4715.00
       1442.00       5489.00
       1447.00       5672.00
       1455.00       6306.00
       1465.00       6559.00
       1475.00       7193.00
       1485.00       7957.00
       1495.00       9040.00
       1505.00       10030.0
       1512.00       10160.0
       1517.00       11060.0
       1525.00       12490.0
       1535.00       21520.0
       1545.00       30200.0
       1555.00       33450.0
       1565.00       31360.0
       1575.00       42330.0
       1585.00       46960.0
       1595.00       55070.0
       1605.00       55350.0
       1615.00       57750.0
       1625.00       59350.0
       1635.00       75290.0
       1645.00       97290.0
       1655.00       66620.0
       1665.00       115900.
       1672.00       76270.0
       1677.00       164700.
       1685.00       313200.
       1695.00       363600.
       1705.00       792500.
       1715.00   1.84300e+06
       1725.00   2.22200e+06
       1735.00   3.09500e+06
       1745.00   2.80400e+06
       1755.00   3.93800e+06
       1765.00   2.29300e+06
       1775.00   3.54800e+06
       1785.00   3.60200e+06
       1795.00   5.35300e+06
       1805.00   3.76800e+06
       1815.00   4.25000e+06
       1825.00   3.69800e+06
       1835.00   3.59700e+06
       1845.00   2.86300e+06
       1855.00   3.88500e+06
       1865.00   5.14600e+06
       1875.00   4.63400e+06
       1885.00   4.94600e+06
       1895.00   5.56100e+06
       1905.00   5.03900e+06
       1915.00   5.46300e+06
       1925.00   4.65600e+06
       1935.00   2.28800e+06
       1945.00   5.84100e+06
       1955.00   6.22300e+06
       1967.00   7.20000e+06
       1976.00   6.79500e+06
       1984.00   6.33000e+06
       1995.00   6.49100e+06
       2005.00   5.91600e+06
       2015.00   5.78100e+06
       2025.00   5.15700e+06
       2035.00   6.65600e+06
       2045.00   7.40300e+06
       2055.00   6.84000e+06
       2065.00   6.44900e+06
       2074.00   7.83700e+06
       2078.00   9.83500e+06
       2085.00   9.22900e+06
       2095.00   8.43300e+06
       2105.00   8.15000e+06
       2115.00   9.00100e+06
       2125.00   8.90900e+06
       2135.00   7.18700e+06
       2145.00   9.13400e+06
       2155.00   9.26900e+06
       2165.00   8.33300e+06
       2175.00   8.40500e+06
       2185.00   9.41800e+06
       2195.00   1.02300e+07
       2205.00   9.56600e+06
       2215.00   7.77500e+06
       2225.00   7.85300e+06
       2235.00   1.00200e+07
       2245.00   9.13100e+06
       2255.00   7.50900e+06
       2265.00   7.56900e+06
       2275.00   8.67100e+06
       2285.00   9.60800e+06
       2295.00   8.22600e+06
       2305.00   9.20600e+06
       2315.00   8.58000e+06
       2325.00   8.30900e+06
       2335.00   6.09700e+06
       2345.00   4.25500e+06
       2355.00   7.68100e+06
       2365.00   4.55900e+06
       2375.00   6.16900e+06
       2385.00   3.44300e+06
       2395.00   4.57400e+06
       2405.00   4.51800e+06
       2415.00   5.14100e+06
       2425.00   7.90800e+06
       2435.00   7.64300e+06
       2445.00   8.78000e+06
       2455.00   8.89400e+06
       2465.00   8.57200e+06
       2475.00   7.61100e+06
       2485.00   7.15700e+06
       2495.00   6.86700e+06
       2505.00   9.65000e+06
       2513.00   6.71000e+06
       2518.00   6.55700e+06
       2525.00   5.44900e+06
       2535.00   4.86300e+06
       2545.00   5.06100e+06
       2555.00   7.03400e+06
       2565.00   6.42400e+06
       2575.00   8.01200e+06
       2585.00   7.77700e+06
       2595.00   7.35500e+06
       2605.00   6.48200e+06
       2615.00   5.84000e+06
       2625.00   8.03700e+06
       2635.00   9.69500e+06
       2645.00   1.27700e+07
       2655.00   1.40700e+07
       2665.00   1.04700e+07
       2675.00   1.20200e+07
       2685.00   1.21900e+07
       2695.00   1.05000e+07
       2705.00   1.18100e+07
       2715.00   9.95200e+06
       2725.00   1.00900e+07
       2735.00   1.12200e+07
       2745.00   6.72200e+06
       2755.00   8.12200e+06
       2765.00   9.44600e+06
       2775.00   1.13400e+07
       2785.00   8.53600e+06
       2795.00   2.95500e+06
       2805.00   4.02200e+06
       2815.00   1.13300e+07
       2825.00   1.40200e+07
       2835.00   1.31100e+07
       2845.00   1.22900e+07
       2855.00   9.64400e+06
       2865.00   1.33200e+07
       2875.00   1.33100e+07
       2885.00   1.30900e+07
       2895.00   1.25700e+07
       2910.00   1.55600e+07
       2930.00   1.43500e+07
       2950.00   1.41600e+07
       2970.00   1.53700e+07
       2990.00   1.53300e+07
       3010.00   1.59800e+07
       3030.00   1.57700e+07
       3050.00   1.59300e+07
       3070.00   1.62700e+07
       3090.00   1.67300e+07
       3110.00   1.62100e+07
       3130.00   1.60400e+07
       3150.00   1.65400e+07
       3170.00   1.65800e+07
       3190.00   1.51600e+07
       3210.00   1.60300e+07
       3230.00   1.46400e+07
       3250.00   1.60100e+07
       3270.00   1.69200e+07
       3290.00   1.68300e+07
       3310.00   1.73200e+07
       3330.00   1.69600e+07
       3350.00   1.67300e+07
       3370.00   1.61700e+07
       3390.00   1.65800e+07
       3410.00   1.65400e+07
       3430.00   1.67100e+07
       3450.00   1.68200e+07
       3470.00   1.65900e+07
       3490.00   1.67100e+07
       3510.00   1.71300e+07
       3530.00   1.67500e+07
       3550.00   1.78600e+07
       3570.00   1.64000e+07
       3590.00   1.62400e+07
       3610.00   1.64800e+07
       3630.00   1.66200e+07
       3640.00   1.64300e+07
       3650.00   1.77300e+07
       3670.00   1.74100e+07
       3690.00   1.67700e+07
       3710.00   1.75300e+07
       3730.00   1.74300e+07
       3750.00   2.05900e+07
       3770.00   2.21300e+07
       3790.00   2.56700e+07
       3810.00   2.89900e+07
       3830.00   2.32700e+07
       3850.00   3.09600e+07
       3870.00   3.35300e+07
       3890.00   2.32500e+07
       3910.00   3.29100e+07
       3930.00   2.42300e+07
       3950.00   3.17300e+07
       3970.00   1.98400e+07
       3990.00   3.34700e+07
       4010.00   3.62200e+07
       4030.00   3.61500e+07
       4050.00   3.55600e+07
       4070.00   3.46600e+07
       4090.00   3.10300e+07
       4110.00   2.55000e+07
       4130.00   3.43400e+07
       4150.00   3.59600e+07
       4170.00   3.56000e+07
       4190.00   3.53100e+07
       4210.00   3.53000e+07
       4230.00   3.41800e+07
       4250.00   3.48200e+07
       4270.00   3.36700e+07
       4290.00   3.34600e+07
       4310.00   3.09700e+07
       4330.00   2.78600e+07
       4350.00   2.44900e+07
       4370.00   3.31500e+07
       4390.00   3.30900e+07
       4410.00   3.27500e+07
       4430.00   3.23800e+07
       4450.00   3.26600e+07
       4470.00   3.28000e+07
       4490.00   3.25700e+07
       4510.00   3.38600e+07
       4530.00   3.20400e+07
       4550.00   3.19500e+07
       4570.00   3.31600e+07
       4590.00   3.17200e+07
       4610.00   3.23300e+07
       4630.00   3.15500e+07
       4650.00   3.17500e+07
       4670.00   3.19500e+07
       4690.00   3.08500e+07
       4710.00   2.96500e+07
       4730.00   3.10600e+07
       4750.00   3.10600e+07
       4770.00   3.06400e+07
       4790.00   3.03700e+07
       4810.00   2.98800e+07
       4830.00   2.91100e+07
       4850.00   2.45000e+07
       4870.00   2.02400e+07
       4890.00   2.75200e+07
       4910.00   2.83000e+07
       4930.00   2.79100e+07
       4950.00   2.85300e+07
       4970.00   2.87100e+07
       4990.00   2.73800e+07
       5010.00   2.64700e+07
       5030.00   2.74300e+07
       5050.00   2.70100e+07
       5070.00   2.75700e+07
       5090.00   2.70100e+07
       5110.00   2.70900e+07
       5130.00   2.64900e+07
       5150.00   2.58800e+07
       5170.00   2.53500e+07
       5190.00   2.50800e+07
       5210.00   2.53300e+07
       5230.00   2.53100e+07
       5250.00   2.56800e+07
       5270.00   2.38100e+07
       5290.00   2.51200e+07
       5310.00   2.50400e+07
       5330.00   2.38400e+07
       5350.00   2.46600e+07
       5370.00   2.44400e+07
       5390.00   2.42100e+07
       5410.00   2.36000e+07
       5430.00   2.38700e+07
       5450.00   2.40200e+07
       5470.00   2.36800e+07
       5490.00   2.35300e+07
       5510.00   2.34300e+07
       5530.00   2.32500e+07
       5550.00   2.33000e+07
       5570.00   2.28500e+07
       5590.00   2.25800e+07
       5610.00   2.26300e+07
       5630.00   2.26600e+07
       5650.00   2.24200e+07
       5670.00   2.20200e+07
       5690.00   2.20900e+07
       5710.00   2.18500e+07
       5730.00   2.21900e+07
       5750.00   2.17500e+07
       5770.00   2.17100e+07
       5790.00   2.14500e+07
       5810.00   2.14100e+07
       5830.00   2.13500e+07
       5850.00   2.10400e+07
       5870.00   2.09400e+07
       5890.00   2.03800e+07
       5910.00   2.06300e+07
       5930.00   2.04800e+07
       5950.00   2.03700e+07
       5970.00   2.02500e+07
       5990.00   2.00200e+07
       6010.00   1.97400e+07
       6030.00   1.96600e+07
       6050.00   1.96500e+07
       6070.00   1.95900e+07
       6090.00   1.93300e+07
       6110.00   1.91000e+07
       6130.00   1.87000e+07
       6150.00   1.85100e+07
       6170.00   1.83400e+07
       6190.00   1.86600e+07
       6210.00   1.85700e+07
       6230.00   1.82600e+07
       6250.00   1.77600e+07
       6270.00   1.81800e+07
       6290.00   1.80700e+07
       6310.00   1.77000e+07
       6330.00   1.76600e+07
       6350.00   1.74800e+07
       6370.00   1.73700e+07
       6390.00   1.73600e+07
       6410.00   1.70400e+07
       6430.00   1.70400e+07
       6450.00   1.67600e+07
       6470.00   1.67400e+07
       6490.00   1.64400e+07
       6510.00   1.64300e+07
       6530.00   1.60800e+07
       6550.00   1.45000e+07
       6570.00   1.19200e+07
       6590.00   1.53400e+07
       6610.00   1.58700e+07
       6630.00   1.59100e+07
       6650.00   1.58400e+07
       6670.00   1.56900e+07
       6690.00   1.57000e+07
       6710.00   1.55500e+07
       6730.00   1.54800e+07
       6750.00   1.52600e+07
       6770.00   1.52900e+07
       6790.00   1.51600e+07
       6810.00   1.50500e+07
       6830.00   1.49400e+07
       6850.00   1.47900e+07
       6870.00   1.47600e+07
       6890.00   1.46700e+07
       6910.00   1.45600e+07
       6930.00   1.44600e+07
       6950.00   1.43600e+07
       6970.00   1.42600e+07
       6990.00   1.41900e+07
       7010.00   1.39200e+07
       7030.00   1.39300e+07
       7050.00   1.38800e+07
       7070.00   1.37900e+07
       7090.00   1.36900e+07
       7110.00   1.34000e+07
       7130.00   1.34200e+07
       7150.00   1.33500e+07
       7170.00   1.32400e+07
       7190.00   1.30900e+07
       7210.00   1.30800e+07
       7230.00   1.29900e+07
       7250.00   1.29100e+07
       7270.00   1.28800e+07
       7290.00   1.26700e+07
       7310.00   1.26600e+07
       7330.00   1.25800e+07
       7350.00   1.25500e+07
       7370.00   1.24800e+07
       7390.00   1.22900e+07
       7410.00   1.21300e+07
       7430.00   1.20900e+07
       7450.00   1.20500e+07
       7470.00   1.19600e+07
       7490.00   1.19000e+07
       7510.00   1.18600e+07
       7530.00   1.18100e+07
       7550.00   1.17800e+07
       7570.00   1.16600e+07
       7590.00   1.16000e+07
       7610.00   1.15100e+07
       7630.00   1.14600e+07
       7650.00   1.13600e+07
       7670.00   1.11900e+07
       7690.00   1.11900e+07
       7710.00   1.11100e+07
       7730.00   1.10800e+07
       7750.00   1.09600e+07
       7770.00   1.07700e+07
       7790.00   1.09100e+07
       7810.00   1.08100e+07
       7830.00   1.06900e+07
       7850.00   1.06000e+07
       7870.00   1.05800e+07
       7890.00   1.05000e+07
       7910.00   1.04100e+07
       7930.00   1.02700e+07
       7950.00   1.02400e+07
       7970.00   1.02900e+07
       7990.00   1.01800e+07
       8010.00   1.01200e+07
       8030.00   1.00400e+07
       8050.00   9.98900e+06
       8070.00   9.94800e+06
       8090.00   9.85200e+06
       8110.00   9.84600e+06
       8130.00   9.80300e+06
       8150.00   9.73200e+06
       8170.00   9.67100e+06
       8190.00   9.44600e+06
       8210.00   9.43000e+06
       8230.00   9.37300e+06
       8250.00   9.33800e+06
       8270.00   9.38900e+06
       8290.00   9.31900e+06
       8310.00   9.21400e+06
       8330.00   9.08500e+06
       8350.00   9.12400e+06
       8370.00   9.09900e+06
       8390.00   8.98900e+06
       8410.00   8.97800e+06
       8430.00   8.88300e+06
       8450.00   8.73400e+06
       8470.00   8.70600e+06
       8490.00   8.71000e+06
       8510.00   8.28600e+06
       8530.00   8.62000e+06
       8550.00   7.59400e+06
       8570.00   8.65800e+06
       8590.00   8.30000e+06
       8610.00   8.15100e+06
       8630.00   8.55400e+06
       8650.00   8.34900e+06
       8670.00   7.10800e+06
       8690.00   8.21500e+06
       8710.00   8.44800e+06
       8730.00   8.25600e+06
       8750.00   7.16500e+06
       8770.00   8.04700e+06
       8790.00   8.30700e+06
       8810.00   8.26700e+06
       8830.00   8.10900e+06
       8850.00   7.65300e+06
       8870.00   6.82800e+06
       8890.00   7.91200e+06
       8910.00   8.06400e+06
       8930.00   8.02100e+06
       8950.00   8.05500e+06
       8970.00   7.95000e+06
       8990.00   7.74500e+06
       9010.00   6.60600e+06
       9030.00   7.13300e+06
       9050.00   7.70200e+06
       9070.00   7.61600e+06
       9090.00   7.48900e+06
       9110.00   7.63300e+06
       9130.00   7.68800e+06
       9150.00   7.66000e+06
       9170.00   7.57200e+06
       9190.00   7.45100e+06
       9210.00   7.07200e+06
       9230.00   5.94800e+06
       9250.00   6.85400e+06
       9270.00   7.13900e+06
       9290.00   7.32000e+06
       9310.00   7.32100e+06
       9330.00   7.27800e+06
       9350.00   7.25100e+06
       9370.00   7.22300e+06
       9390.00   7.15500e+06
       9410.00   6.87600e+06
       9430.00   7.01800e+06
       9450.00   6.98100e+06
       9470.00   6.98700e+06
       9490.00   6.92700e+06
       9510.00   6.78200e+06
       9530.00   6.42800e+06
       9550.00   5.46200e+06
       9570.00   6.42300e+06
       9590.00   6.65400e+06
       9610.00   6.63100e+06
       9630.00   6.56800e+06
       9650.00   6.60800e+06
       9670.00   6.51800e+06
       9690.00   6.50900e+06
       9710.00   6.56300e+06
       9730.00   6.52500e+06
       9750.00   6.43100e+06
       9770.00   6.45000e+06
       9790.00   6.41000e+06
       9810.00   6.38400e+06
       9830.00   6.34000e+06
       9850.00   6.27900e+06
       9870.00   6.23800e+06
       9890.00   6.17600e+06
       9910.00   6.14200e+06
       9930.00   6.14600e+06
       9950.00   6.10800e+06
       9970.00   6.07200e+06
       9990.00   6.01400e+06
       10025.0   5.63200e+06
       10075.0   5.38700e+06
       10125.0   5.76600e+06
       10175.0   5.72800e+06
       10225.0   5.69000e+06
       10275.0   5.62900e+06
       10325.0   5.52400e+06
       10375.0   5.46200e+06
       10425.0   5.39400e+06
       10475.0   5.25700e+06
       10525.0   5.22800e+06
       10575.0   5.16100e+06
       10625.0   5.09400e+06
       10675.0   4.93100e+06
       10725.0   4.92700e+06
       10775.0   4.87000e+06
       10825.0   4.77900e+06
       10875.0   4.68800e+06
       10925.0   4.14800e+06
       10975.0   4.41100e+06
       11025.0   4.56900e+06
       11075.0   4.55000e+06
       11125.0   4.48300e+06
       11175.0   4.42600e+06
       11225.0   4.38600e+06
       11275.0   4.25700e+06
       11325.0   4.21300e+06
       11375.0   4.19600e+06
       11425.0   4.11200e+06
       11475.0   4.12100e+06
       11525.0   4.07300e+06
       11575.0   4.01200e+06
       11625.0   3.91200e+06
       11675.0   3.84700e+06
       11725.0   3.87700e+06
       11775.0   3.75000e+06
       11825.0   3.73800e+06
       11875.0   3.66800e+06
       11925.0   3.70000e+06
       11975.0   3.59500e+06
       12025.0   3.58500e+06
       12075.0   3.53100e+06
       12125.0   3.49500e+06
       12175.0   3.47500e+06
       12225.0   3.42900e+06
       12275.0   3.38000e+06
       12325.0   3.34400e+06
       12375.0   3.30800e+06
       12425.0   3.27600e+06
       12475.0   3.23500e+06
       12525.0   3.18800e+06
       12575.0   3.13600e+06
       12625.0   3.10900e+06
       12675.0   3.07600e+06
       12725.0   3.03400e+06
       12775.0   2.92000e+06
       12825.0   2.54100e+06
       12875.0   2.87000e+06
       12925.0   2.89200e+06
       12975.0   2.87500e+06
       13025.0   2.84600e+06
       13075.0   2.82200e+06
       13125.0   2.77800e+06
       13175.0   2.73900e+06
       13225.0   2.72700e+06
       13275.0   2.68900e+06
       13325.0   2.66400e+06
       13375.0   2.63300e+06
       13425.0   2.60600e+06
       13475.0   2.57700e+06
       13525.0   2.54200e+06
       13575.0   2.50600e+06
       13625.0   2.49100e+06
       13675.0   2.45800e+06
       13725.0   2.41000e+06
       13775.0   2.39900e+06
       13825.0   2.37600e+06
       13875.0   2.36100e+06
       13925.0   2.32300e+06
       13975.0   2.30200e+06
       14025.0   2.27600e+06
       14075.0   2.25800e+06
       14125.0   2.22400e+06
       14175.0   2.20800e+06
       14225.0   2.17300e+06
       14275.0   2.14400e+06
       14325.0   2.13500e+06
       14375.0   2.11800e+06
       14425.0   2.04200e+06
       14475.0   2.06800e+06
       14525.0   2.01900e+06
       14570.0   2.02200e+06
       14620.0   1.99500e+06
       14675.0   1.98000e+06
       14725.0   1.94800e+06
       14775.0   1.92200e+06
       14825.0   1.91000e+06
       14875.0   1.87600e+06
       14925.0   1.88500e+06
       14975.0   1.85600e+06
       15025.0   1.82700e+06
       15075.0   1.80400e+06
       15125.0   1.80300e+06
       15175.0   1.78700e+06
       15225.0   1.76100e+06
       15275.0   1.74600e+06
       15325.0   1.72500e+06
       15375.0   1.70900e+06
       15425.0   1.67600e+06
       15475.0   1.67000e+06
       15525.0   1.65400e+06
       15575.0   1.61900e+06
       15625.0   1.63300e+06
       15675.0   1.59000e+06
       15725.0   1.55800e+06
       15775.0   1.56400e+06
       15825.0   1.55800e+06
       15875.0   1.45700e+06
       15925.0   1.51400e+06
       15975.0   1.52300e+06
       16050.0   1.47900e+06
       16150.0   1.40500e+06
       16250.0   1.45300e+06
       16350.0   1.38200e+06
       16450.0   1.30000e+06
       16550.0   1.36700e+06
       16650.0   1.34200e+06
       16750.0   1.26400e+06
       16850.0   1.18300e+06
       16950.0   1.25900e+06
       17050.0   1.23000e+06
       17150.0   1.20900e+06
       17250.0   1.16500e+06
       17350.0   1.03500e+06
       17450.0   1.10200e+06
       17550.0   1.10500e+06
       17650.0   1.08400e+06
       17750.0   1.06600e+06
       17850.0   1.04400e+06
       17950.0   1.02600e+06
       18050.0       993100.
       18150.0       889600.
       18250.0       931400.
       18350.0       940900.
       18450.0       923200.
       18550.0       903400.
       18650.0       877800.
       18750.0       779200.
       18850.0       839500.
       18950.0       826700.
       19050.0       824600.
       19150.0       807800.
       19250.0       790600.
       19350.0       765100.
       19450.0       683100.
       19550.0       737900.
       19650.0       732900.
       19750.0       718900.
       19850.0       708500.
       19950.0       695400.
       20050.0       683700.
       20150.0       672200.
       20250.0       658200.
       20350.0       644400.
       20450.0       636400.
       20550.0       624400.
       20650.0       611300.
       20750.0       601400.
       20850.0       591100.
       20950.0       579500.
       21050.0       570200.
       21150.0       558800.
       21250.0       549000.
       21350.0       539800.
       21450.0       531000.
       21550.0       516900.
       21650.0       463500.
       21750.0       494700.
       21850.0       494000.
       21950.0       488800.
       22050.0       478400.
       22150.0       470900.
       22250.0       464600.
       22350.0       456800.
       22450.0       449300.
       22550.0       439500.
       22650.0       433800.
       22750.0       427200.
       22850.0       419700.
       22950.0       412800.
       23050.0       407300.
       23150.0       400300.
       23250.0       394500.
       23350.0       387800.
       23450.0       382100.
       23550.0       376000.
       23650.0       370400.
       23750.0       363600.
       23850.0       358100.
       23950.0       353000.
       24050.0       347200.
       24150.0       341600.
       24250.0       336800.
       24350.0       331000.
       24450.0       326400.
       24550.0       320600.
       24650.0       316400.
       24750.0       311200.
       24850.0       306100.
       24950.0       300800.
       25050.0       298200.
       25150.0       293700.
       25250.0       287200.
       25350.0       285000.
       25450.0       281000.
       25550.0       276000.
       25650.0       268100.
       25750.0       268600.
       25850.0       264300.
       25950.0       261500.
       26050.0       255500.
       26150.0       245500.
       26250.0       228500.
       26350.0       243000.
       26450.0       242800.
       26550.0       239700.
       26650.0       234400.
       26750.0       223600.
       26850.0       228900.
       26950.0       227500.
       27050.0       224600.
       27150.0       221800.
       27250.0       218700.
       27350.0       215300.
       27450.0       211500.
       27550.0       198900.
       27650.0       201800.
       27750.0       203300.
       27850.0       201300.
       27950.0       198900.
       28050.0       196200.
       28150.0       193600.
       28250.0       190900.
       28350.0       188500.
       28450.0       185500.
       28550.0       182700.
       28650.0       177400.
       28750.0       166900.
       28850.0       174600.
       28950.0       173500.
       29050.0       171700.
       29150.0       169200.
       29250.0       167100.
       29350.0       165100.
       29450.0       162900.
       29550.0       160900.
       29650.0       158900.
       29750.0       156800.
       29850.0       154900.
       29950.0       152800.
       30050.0       150800.
       30150.0       148800.
       30250.0       146200.
       30350.0       137100.
       30450.0       138500.
       30550.0       141000.
       30650.0       139700.
       30750.0       138200.
       30850.0       136200.
       30950.0       134700.
       31050.0       133100.
       31150.0       130900.
       31250.0       129800.
       31350.0       128200.
       31450.0       126700.
       31550.0       125100.
       31650.0       123800.
       31750.0       122200.
       31850.0       120900.
       31950.0       119400.
       32100.0       117200.
       32300.0       114600.
       32500.0       111900.
       32700.0       109100.
       32900.0       101900.
       33100.0       102800.
       33300.0       101500.
       33500.0       99390.0
       33700.0       96960.0
       33900.0       94810.0
       34100.0       92700.0
       34300.0       90800.0
       34500.0       88950.0
       34700.0       86950.0
       34900.0       85090.0
       35100.0       83260.0
       35300.0       81430.0
       35500.0       79700.0
       35700.0       77950.0
       35900.0       76320.0
       36100.0       74710.0
       36300.0       73190.0
       36500.0       71520.0
       36700.0       70080.0
       36900.0       68340.0
       37100.0       67030.0
       37300.0       64480.0
       37500.0       62410.0
       37700.0       63100.0
       37900.0       61920.0
       38100.0       60510.0
       38300.0       59410.0
       38500.0       58440.0
       38700.0       57210.0
       38900.0       55980.0
       39100.0       54570.0
       39300.0       53970.0
       39500.0       52930.0
       39700.0       51960.0
       39900.0       50770.0
       40100.0       49520.0
       40300.0       48480.0
       40500.0       46320.0
       40700.0       47020.0
       40900.0       46260.0
       41100.0       45480.0
       41300.0       44650.0
       41500.0       43680.0
       41700.0       42080.0
       41900.0       42070.0
       42100.0       41330.0
       42300.0       40720.0
       42500.0       39960.0
       42700.0       39260.0
       42900.0       38560.0
       43100.0       37870.0
       43300.0       37170.0
       43500.0       36480.0
       43700.0       35000.0
       43900.0       34970.0
       44100.0       34580.0
       44300.0       34020.0
       44500.0       33430.0
       44700.0       32900.0
       44900.0       32330.0
       45100.0       31790.0
       45300.0       31250.0
       45500.0       30720.0
       45700.0       30190.0
       45900.0       29670.0
       46100.0       29170.0
       46300.0       28620.0
       46500.0       27100.0
       46700.0       26820.0
       46900.0       27150.0
       47100.0       26830.0
       47300.0       26430.0
       47500.0       25990.0
       47700.0       25570.0
       47900.0       25170.0
       48100.0       24760.0
       48300.0       24370.0
       48500.0       23980.0
       48700.0       23600.0
       48900.0       23230.0
       49100.0       22850.0
       49300.0       22500.0
       49500.0       22140.0
       49700.0       21800.0
       49900.0       21470.0
       50100.0       21140.0
       50300.0       20810.0
       50500.0       20490.0
       50700.0       20180.0
       50900.0       19850.0
       51100.0       19470.0
       51300.0       18620.0
       51500.0       18920.0
       51700.0       18670.0
       51900.0       18430.0
       52100.0       18150.0
       52300.0       17880.0
       52500.0       17610.0
       52700.0       17340.0
       52900.0       17110.0
       53100.0       16860.0
       53300.0       16610.0
       53500.0       16370.0
       53700.0       16090.0
       53900.0       15880.0
       54100.0       15680.0
       54300.0       15440.0
       54500.0       15230.0
       54700.0       15000.0
       54900.0       14800.0
       55100.0       14580.0
       55300.0       14330.0
       55500.0       14190.0
       55700.0       13990.0
       55900.0       13780.0
       56100.0       13610.0
       56300.0       13410.0
       56500.0       13240.0
       56700.0       13050.0
       56900.0       12860.0
       57100.0       12610.0
       57300.0       12520.0
       57500.0       12360.0
       57700.0       12190.0
       57900.0       12030.0
       58100.0       11870.0
       58300.0       11710.0
       58500.0       11560.0
       58700.0       11400.0
       58900.0       11190.0
       59100.0       10730.0
       59300.0       10920.0
       59500.0       10690.0
       59700.0       10620.0
       59900.0       10540.0
       60100.0       10400.0
       60300.0       10270.0
       60500.0       10140.0
       60700.0       10010.0
       60900.0       9875.00
       61100.0       9741.00
       61300.0       9628.00
       61500.0       9508.00
       61700.0       9387.00
       61900.0       9268.00
       62100.0       9154.00
       62300.0       9028.00
       62500.0       8923.00
       62700.0       8793.00
       62900.0       8557.00
       63100.0       8561.00
       63300.0       8491.00
       63500.0       8387.00
       63700.0       8285.00
       63900.0       8184.00
       64200.0       8037.00
       64600.0       7841.00
       65000.0       7653.00
       65400.0       7475.00
       65800.0       7298.00
       66200.0       7126.00
       66600.0       6961.00
       67000.0       6798.00
       67400.0       6631.00
       67800.0       6407.00
       68200.0       6341.00
       68600.0       6197.00
       69000.0       6057.00
       69400.0       5920.00
       69800.0       5789.00
       70200.0       5660.00
       70600.0       5536.00
       71000.0       5416.00
       71400.0       5297.00
       71800.0       5182.00
       72200.0       5067.00
       72600.0       4960.00
       73000.0       4857.00
       73400.0       4752.00
       73800.0       4653.00
       74200.0       4552.00
       74600.0       4371.00
       75000.0       4247.00
       75400.0       4267.00
       75800.0       4189.00
       76200.0       4104.00
       76600.0       4020.00
       77000.0       3938.00
       77400.0       3860.00
       77800.0       3774.00
       78200.0       3707.00
       78600.0       3633.00
       79000.0       3562.00
       79400.0       3491.00
       79800.0       3423.00
       80200.0       3356.00
       80600.0       3291.00
       81000.0       3228.00
       81400.0       3156.00
       81800.0       3102.00
       82200.0       3046.00
       82600.0       2989.00
       83000.0       2932.00
       83400.0       2876.00
       83800.0       2823.00
       84200.0       2771.00
       84600.0       2720.00
       85000.0       2670.00
       85400.0       2621.00
       85800.0       2573.00
       86200.0       2526.00
       86600.0       2466.00
       87000.0       2436.00
       87400.0       2372.00
       87800.0       2330.00
       88200.0       2308.00
       88600.0       2267.00
       89000.0       2228.00
       89400.0       2189.00
       89800.0       2150.00
       90200.0       2113.00
       90600.0       2077.00
       91000.0       2041.00
       91400.0       2006.00
       91800.0       1972.00
       92200.0       1938.00
       92600.0       1905.00
       93000.0       1873.00
       93400.0       1842.00
       93800.0       1796.00
       94200.0       1778.00
       94600.0       1751.00
       95000.0       1723.00
       95400.0       1694.00
       95800.0       1667.00
       96200.0       1639.00
       96600.0       1613.00
       97000.0       1587.00
       97400.0       1561.00
       97800.0       1536.00
       98200.0       1511.00
       98600.0       1487.00
       99000.0       1464.00
       99400.0       1441.00
       99800.0       1418.00
       100200.       1396.00
       200000.       89.8200
       400000.       5.60900
       600000.       1.10000
       800000.      0.345700
   1.00000e+06      0.140700
   1.20000e+06     0.0674800
   1.40000e+06     0.0362500
   1.60000e+06     0.0211600
