       90.9000       0.00000
       93.5000       0.00000
       96.1000       0.00000
       97.7000       0.00000
       99.6000       0.00000
       102.000       0.00000
       103.800       0.00000
       105.600       0.00000
       107.700       0.00000
       110.400       0.00000
       114.000       0.00000
       117.800       0.00000
       121.300       0.00000
       124.800       0.00000
       127.100       0.00000
       128.400       0.00000
       130.500       0.00000
       132.400       0.00000
       133.900       0.00000
       136.600       0.00000
       139.800       0.00000
       143.300       0.00000
       147.200       0.00000
       151.000       0.00000
       155.200       0.00000
       158.800       0.00000
       162.000       0.00000
       166.000       0.00000
       170.300       0.00000
       173.400       0.00000
       176.800       0.00000
       180.200       0.00000
       181.700       0.00000
       186.100       0.00000
       191.000       0.00000
       193.900       0.00000
       198.400       0.00000
       201.800       0.00000
       205.000       0.00000
       210.500       0.00000
       216.200       0.00000
       219.800       0.00000
       223.000       0.00000
       226.800       0.00000
       230.000       0.00000
       234.000       0.00000
       240.000       0.00000
       246.500       0.00000
       252.400       0.00000
       256.800       0.00000
       260.000       0.00000
       264.000       0.00000
       268.500       0.00000
       273.500       0.00000
       278.500       0.00000
       284.000       0.00000
       290.000       0.00000
       296.000       0.00000
       301.000       0.00000
       308.000       0.00000
       318.000       0.00000
       328.000       0.00000
       338.000       0.00000
       348.000       0.00000
       357.000       0.00000
       366.000       0.00000
       375.000       0.00000
       385.000       0.00000
       395.000       0.00000
       405.000       0.00000
       414.000       0.00000
       422.000       0.00000
       430.000       0.00000
       441.000       0.00000
       451.000       0.00000
       460.000       0.00000
       470.000       0.00000
       480.000   1.86000e-24
       490.000   8.37800e-24
       500.000   3.53700e-23
       506.000   1.08500e-22
       512.000   2.74800e-22
       520.000   7.87000e-22
       530.000   2.81500e-21
       540.000   9.43000e-21
       550.000   3.05100e-20
       560.000   9.38600e-20
       570.000   2.76800e-19
       580.000   7.75900e-19
       590.000   2.14000e-18
       600.000   5.63300e-18
       610.000   1.43400e-17
       620.000   3.53000e-17
       630.000   8.43000e-17
       640.000   1.95600e-16
       650.000   4.41300e-16
       658.000   8.29900e-16
       665.000   1.42200e-15
       675.000   3.00800e-15
       685.000   6.21700e-15
       695.000   1.25500e-14
       705.000   2.47400e-14
       716.000   5.12200e-14
       726.000   9.70000e-14
       735.000   1.69500e-13
       745.000   3.09900e-13
       755.000   5.56700e-13
       765.000   9.84000e-13
       775.000   1.71000e-12
       785.000   2.92800e-12
       795.000   4.90300e-12
       805.000   8.18600e-12
       815.000   1.34500e-11
       825.000   2.17700e-11
       835.000   3.47900e-11
       845.000   5.49000e-11
       855.000   8.56500e-11
       865.000   1.32000e-10
       875.000   2.01100e-10
       885.000   3.03800e-10
       895.000   4.53800e-10
       905.000   6.70800e-10
       915.000   7.04900e-07
       925.000   2.63700e-06
       935.000   3.71900e-06
       945.000   5.50000e-06
       955.000   8.38400e-06
       965.000   1.22700e-05
       975.000   1.69300e-05
       985.000   2.38000e-05
       995.000   3.31700e-05
       1005.00   4.84000e-05
       1015.00   6.61300e-05
       1025.00   8.71700e-05
       1035.00   0.000126100
       1045.00   0.000172500
       1055.00   0.000227900
       1065.00   0.000305900
       1075.00   0.000411700
       1085.00   0.000549700
       1095.00   0.000708100
       1105.00    0.00194100
       1115.00    0.00456900
       1125.00    0.00642800
       1135.00    0.00936400
       1145.00     0.0120800
       1155.00     0.0141900
       1165.00     0.0189200
       1175.00     0.0237800
       1185.00     0.0269300
       1195.00     0.0240400
       1205.00     0.0255200
       1215.00     0.0100000
       1225.00     0.0336400
       1235.00     0.0606100
       1245.00     0.0804500
       1255.00     0.0948200
       1265.00      0.105600
       1275.00      0.126600
       1285.00      0.145300
       1295.00      0.176300
       1305.00      0.191700
       1315.00      0.237000
       1325.00      0.255700
       1335.00      0.297200
       1345.00      0.340300
       1355.00      0.409600
       1365.00      0.448000
       1375.00      0.512100
       1385.00      0.577900
       1395.00      0.661000
       1405.00      0.802300
       1415.00      0.917600
       1425.00       1.05500
       1435.00       1.24000
       1442.00       1.48300
       1447.00       1.43300
       1455.00       1.65400
       1465.00       1.97500
       1475.00       2.08300
       1485.00       2.43800
       1495.00       3.05500
       1505.00       3.64200
       1512.00       3.23800
       1517.00       4.08400
       1525.00       5.48400
       1535.00       18.6600
       1545.00       20.7900
       1555.00       33.9700
       1565.00       32.7300
       1575.00       58.9600
       1585.00       72.1100
       1595.00       83.7900
       1605.00       92.7100
       1615.00       102.900
       1625.00       117.900
       1635.00       136.400
       1645.00       193.900
       1655.00       129.100
       1665.00       226.800
       1672.00       163.100
       1677.00       268.400
       1685.00       467.200
       1695.00       740.700
       1705.00       920.200
       1715.00       888.500
       1725.00       1122.00
       1735.00       1340.00
       1745.00       1837.00
       1755.00       2494.00
       1765.00       2229.00
       1775.00       2527.00
       1785.00       3344.00
       1795.00       3907.00
       1805.00       4179.00
       1815.00       3917.00
       1825.00       4815.00
       1835.00       5260.00
       1845.00       3904.00
       1855.00       5660.00
       1865.00       6914.00
       1875.00       7437.00
       1885.00       8076.00
       1895.00       10260.0
       1905.00       9870.00
       1915.00       11040.0
       1925.00       11090.0
       1935.00       7819.00
       1945.00       14420.0
       1955.00       15010.0
       1967.00       19420.0
       1976.00       18310.0
       1984.00       19240.0
       1995.00       20720.0
       2005.00       21050.0
       2015.00       23540.0
       2025.00       19500.0
       2035.00       26560.0
       2045.00       30670.0
       2055.00       31350.0
       2065.00       31500.0
       2074.00       32820.0
       2078.00       41550.0
       2085.00       42480.0
       2095.00       66920.0
       2105.00       138400.
       2115.00       190300.
       2125.00       155600.
       2135.00       163000.
       2145.00       238500.
       2155.00       226300.
       2165.00       191500.
       2175.00       190000.
       2185.00       294100.
       2195.00       278100.
       2205.00       264400.
       2215.00       177800.
       2225.00       251000.
       2235.00       377300.
       2245.00       352800.
       2255.00       242400.
       2265.00       198100.
       2275.00       231700.
       2285.00       366900.
       2295.00       256100.
       2305.00       360200.
       2315.00       293800.
       2325.00       271400.
       2335.00       209900.
       2345.00       124600.
       2355.00       291300.
       2365.00       151300.
       2375.00       205000.
       2385.00       113200.
       2395.00       151000.
       2405.00       156000.
       2415.00       181100.
       2425.00       360400.
       2435.00       362900.
       2445.00       468600.
       2455.00       506800.
       2465.00       403800.
       2475.00       344500.
       2485.00       146300.
       2495.00       234500.
       2505.00       370200.
       2513.00       167900.
       2518.00       118400.
       2525.00       118900.
       2535.00       165600.
       2545.00       213300.
       2555.00       518900.
       2565.00       438200.
       2575.00       665400.
       2585.00       591300.
       2595.00       519300.
       2605.00       404400.
       2615.00       366000.
       2625.00       538100.
       2635.00   1.17300e+06
       2645.00   1.59600e+06
       2655.00   2.34200e+06
       2665.00   1.31700e+06
       2675.00   1.55900e+06
       2685.00   1.91000e+06
       2695.00   1.27300e+06
       2705.00   1.66800e+06
       2715.00   1.09000e+06
       2725.00       750200.
       2735.00   1.02400e+06
       2745.00       523600.
       2755.00       791500.
       2765.00   1.11800e+06
       2775.00   1.13800e+06
       2785.00       571700.
       2795.00       235800.
       2805.00       297800.
       2815.00       967600.
       2825.00   1.58600e+06
       2835.00   1.38100e+06
       2845.00       731900.
       2855.00       344300.
       2865.00   1.13000e+06
       2875.00   1.94900e+06
       2885.00   1.73900e+06
       2895.00   2.30400e+06
       2910.00   3.13500e+06
       2930.00   2.75600e+06
       2950.00   2.62000e+06
       2970.00   2.75900e+06
       2990.00   2.73900e+06
       3010.00   2.71800e+06
       3030.00   3.00900e+06
       3050.00   3.12900e+06
       3070.00   3.31100e+06
       3090.00   3.06900e+06
       3110.00   3.53800e+06
       3130.00   3.31300e+06
       3150.00   3.17200e+06
       3170.00   3.47500e+06
       3190.00   3.06900e+06
       3210.00   3.40600e+06
       3230.00   2.78800e+06
       3250.00   3.92600e+06
       3270.00   4.67000e+06
       3290.00   4.50300e+06
       3310.00   4.24500e+06
       3330.00   4.31100e+06
       3350.00   4.17100e+06
       3370.00   3.14000e+06
       3390.00   3.66900e+06
       3410.00   3.74500e+06
       3430.00   3.96000e+06
       3450.00   4.12200e+06
       3470.00   4.28400e+06
       3490.00   4.70900e+06
       3510.00   4.93300e+06
       3530.00   4.51800e+06
       3550.00   5.28900e+06
       3570.00   3.79800e+06
       3590.00   3.84400e+06
       3610.00   4.47000e+06
       3630.00   4.53700e+06
       3640.00   4.60300e+06
       3650.00   5.28300e+06
       3670.00   5.44800e+06
       3690.00   5.17400e+06
       3710.00   5.42600e+06
       3730.00   3.92700e+06
       3750.00   4.43000e+06
       3770.00   5.35600e+06
       3790.00   5.54000e+06
       3810.00   5.36700e+06
       3830.00   3.22100e+06
       3850.00   4.34300e+06
       3870.00   4.24500e+06
       3890.00   4.99200e+06
       3910.00   5.89600e+06
       3930.00   3.10100e+06
       3950.00   5.27400e+06
       3970.00   3.63900e+06
       3990.00   7.17300e+06
       4010.00   7.67500e+06
       4030.00   7.59200e+06
       4050.00   7.29100e+06
       4070.00   7.06400e+06
       4090.00   8.08300e+06
       4110.00   7.78900e+06
       4130.00   7.86400e+06
       4150.00   7.83500e+06
       4170.00   7.92400e+06
       4190.00   7.48800e+06
       4210.00   7.64300e+06
       4230.00   7.29600e+06
       4250.00   7.41900e+06
       4270.00   6.90600e+06
       4290.00   6.28000e+06
       4310.00   5.23300e+06
       4330.00   7.63600e+06
       4350.00   7.26700e+06
       4370.00   8.03600e+06
       4390.00   7.29400e+06
       4410.00   7.88300e+06
       4430.00   8.43400e+06
       4450.00   8.34400e+06
       4470.00   8.79900e+06
       4490.00   8.90000e+06
       4510.00   9.74400e+06
       4530.00   8.82800e+06
       4550.00   9.12100e+06
       4570.00   9.66400e+06
       4590.00   9.13700e+06
       4610.00   9.34600e+06
       4630.00   9.21400e+06
       4650.00   9.29300e+06
       4670.00   9.52700e+06
       4690.00   9.33600e+06
       4710.00   8.99100e+06
       4730.00   9.40100e+06
       4750.00   9.54700e+06
       4770.00   9.55800e+06
       4790.00   9.50600e+06
       4810.00   9.40400e+06
       4830.00   9.53200e+06
       4850.00   8.95400e+06
       4870.00   7.99200e+06
       4890.00   9.04300e+06
       4910.00   9.04000e+06
       4930.00   8.85400e+06
       4950.00   9.19900e+06
       4970.00   9.28000e+06
       4990.00   8.66400e+06
       5010.00   8.30500e+06
       5030.00   8.77900e+06
       5050.00   8.76700e+06
       5070.00   9.10200e+06
       5090.00   8.74800e+06
       5110.00   8.88200e+06
       5130.00   8.67000e+06
       5150.00   8.35700e+06
       5170.00   7.48700e+06
       5190.00   7.60100e+06
       5210.00   8.38700e+06
       5230.00   8.53000e+06
       5250.00   8.79400e+06
       5270.00   7.78600e+06
       5290.00   8.71100e+06
       5310.00   8.99500e+06
       5330.00   8.12700e+06
       5350.00   8.71500e+06
       5370.00   8.69000e+06
       5390.00   8.58300e+06
       5410.00   8.29000e+06
       5430.00   8.51000e+06
       5450.00   8.71700e+06
       5470.00   8.55200e+06
       5490.00   8.49300e+06
       5510.00   8.49200e+06
       5530.00   8.54700e+06
       5550.00   8.64800e+06
       5570.00   8.39400e+06
       5590.00   8.21400e+06
       5610.00   8.45600e+06
       5630.00   8.48500e+06
       5650.00   8.46000e+06
       5670.00   8.26200e+06
       5690.00   8.37100e+06
       5710.00   8.20200e+06
       5730.00   8.66300e+06
       5750.00   8.39300e+06
       5770.00   8.46200e+06
       5790.00   8.22900e+06
       5810.00   8.39600e+06
       5830.00   8.48800e+06
       5850.00   8.29600e+06
       5870.00   8.29800e+06
       5890.00   7.66800e+06
       5910.00   8.20200e+06
       5930.00   8.17600e+06
       5950.00   8.17900e+06
       5970.00   8.18500e+06
       5990.00   8.09900e+06
       6010.00   7.96500e+06
       6030.00   7.97500e+06
       6050.00   8.10600e+06
       6070.00   8.04700e+06
       6090.00   7.86800e+06
       6110.00   7.79600e+06
       6130.00   7.52000e+06
       6150.00   7.61900e+06
       6170.00   7.36300e+06
       6190.00   7.72300e+06
       6210.00   7.73100e+06
       6230.00   7.52800e+06
       6250.00   7.31500e+06
       6270.00   7.58800e+06
       6290.00   7.60600e+06
       6310.00   7.38400e+06
       6330.00   7.40300e+06
       6350.00   7.41100e+06
       6370.00   7.37300e+06
       6390.00   7.40900e+06
       6410.00   7.23200e+06
       6430.00   7.29600e+06
       6450.00   7.19800e+06
       6470.00   7.16900e+06
       6490.00   7.06800e+06
       6510.00   7.20800e+06
       6530.00   7.19500e+06
       6550.00   6.97000e+06
       6570.00   6.27900e+06
       6590.00   7.02100e+06
       6610.00   7.10400e+06
       6630.00   7.04500e+06
       6650.00   7.02000e+06
       6670.00   6.93000e+06
       6690.00   7.01100e+06
       6710.00   6.87000e+06
       6730.00   6.93100e+06
       6750.00   6.84800e+06
       6770.00   6.83400e+06
       6790.00   6.79800e+06
       6810.00   6.74600e+06
       6830.00   6.77200e+06
       6850.00   6.62800e+06
       6870.00   6.67500e+06
       6890.00   6.66900e+06
       6910.00   6.61700e+06
       6930.00   6.58500e+06
       6950.00   6.55000e+06
       6970.00   6.53900e+06
       6990.00   6.50600e+06
       7010.00   6.32700e+06
       7030.00   6.40700e+06
       7050.00   6.41700e+06
       7070.00   6.35400e+06
       7090.00   6.31900e+06
       7110.00   6.31900e+06
       7130.00   6.22400e+06
       7150.00   6.17600e+06
       7170.00   6.15900e+06
       7190.00   6.00300e+06
       7210.00   6.09500e+06
       7230.00   6.09000e+06
       7250.00   6.10200e+06
       7270.00   6.07300e+06
       7290.00   5.91400e+06
       7310.00   5.99100e+06
       7330.00   5.95600e+06
       7350.00   5.96400e+06
       7370.00   5.95600e+06
       7390.00   5.81300e+06
       7410.00   5.73200e+06
       7430.00   5.78400e+06
       7450.00   5.78300e+06
       7470.00   5.81000e+06
       7490.00   5.74700e+06
       7510.00   5.74100e+06
       7530.00   5.73200e+06
       7550.00   5.73100e+06
       7570.00   5.66800e+06
       7590.00   5.64800e+06
       7610.00   5.60700e+06
       7630.00   5.62000e+06
       7650.00   5.58800e+06
       7670.00   5.44500e+06
       7690.00   5.53100e+06
       7710.00   5.46400e+06
       7730.00   5.46000e+06
       7750.00   5.38800e+06
       7770.00   5.44300e+06
       7790.00   5.43400e+06
       7810.00   5.39500e+06
       7830.00   5.33200e+06
       7850.00   5.32000e+06
       7870.00   5.34500e+06
       7890.00   5.30700e+06
       7910.00   5.23400e+06
       7930.00   5.13200e+06
       7950.00   5.13000e+06
       7970.00   5.20000e+06
       7990.00   5.18900e+06
       8010.00   5.11700e+06
       8030.00   5.10000e+06
       8050.00   5.05100e+06
       8070.00   5.07700e+06
       8090.00   4.98300e+06
       8110.00   5.01500e+06
       8130.00   5.02300e+06
       8150.00   4.98600e+06
       8170.00   4.96500e+06
       8190.00   4.81600e+06
       8210.00   4.82600e+06
       8230.00   4.81000e+06
       8250.00   4.83800e+06
       8270.00   4.86500e+06
       8290.00   4.83100e+06
       8310.00   4.73700e+06
       8330.00   4.70200e+06
       8350.00   4.71800e+06
       8370.00   4.73000e+06
       8390.00   4.63800e+06
       8410.00   4.69600e+06
       8430.00   4.60400e+06
       8450.00   4.61900e+06
       8470.00   4.58200e+06
       8490.00   4.52400e+06
       8510.00   4.32200e+06
       8530.00   4.44400e+06
       8550.00   3.83900e+06
       8570.00   4.53000e+06
       8590.00   4.44600e+06
       8610.00   4.43000e+06
       8630.00   4.46200e+06
       8650.00   4.39300e+06
       8670.00   3.81800e+06
       8690.00   4.29300e+06
       8710.00   4.35500e+06
       8730.00   4.33300e+06
       8750.00   4.23600e+06
       8770.00   4.32300e+06
       8790.00   4.28900e+06
       8810.00   4.18700e+06
       8830.00   4.24400e+06
       8850.00   4.22400e+06
       8870.00   4.09400e+06
       8890.00   4.22100e+06
       8910.00   4.22300e+06
       8930.00   4.14300e+06
       8950.00   4.14100e+06
       8970.00   4.13700e+06
       8990.00   4.13500e+06
       9010.00   3.91400e+06
       9030.00   4.04700e+06
       9050.00   4.10900e+06
       9070.00   4.03300e+06
       9090.00   3.92600e+06
       9110.00   3.96200e+06
       9130.00   4.01800e+06
       9150.00   3.97500e+06
       9170.00   3.94700e+06
       9190.00   3.95000e+06
       9210.00   3.84300e+06
       9230.00   3.72500e+06
       9250.00   3.78800e+06
       9270.00   3.83900e+06
       9290.00   3.84000e+06
       9310.00   3.84900e+06
       9330.00   3.82200e+06
       9350.00   3.80100e+06
       9370.00   3.78000e+06
       9390.00   3.76800e+06
       9410.00   3.61800e+06
       9430.00   3.71000e+06
       9450.00   3.66200e+06
       9470.00   3.70800e+06
       9490.00   3.70500e+06
       9510.00   3.67600e+06
       9530.00   3.63600e+06
       9550.00   3.48600e+06
       9570.00   3.60000e+06
       9590.00   3.62600e+06
       9610.00   3.58500e+06
       9630.00   3.55200e+06
       9650.00   3.53400e+06
       9670.00   3.51400e+06
       9690.00   3.53800e+06
       9710.00   3.52200e+06
       9730.00   3.51100e+06
       9750.00   3.46900e+06
       9770.00   3.47000e+06
       9790.00   3.44400e+06
       9810.00   3.45900e+06
       9830.00   3.43700e+06
       9850.00   3.43200e+06
       9870.00   3.40000e+06
       9890.00   3.38600e+06
       9910.00   3.36200e+06
       9930.00   3.38400e+06
       9950.00   3.36800e+06
       9970.00   3.35700e+06
       9990.00   3.33800e+06
       10025.0   3.29100e+06
       10075.0   3.22000e+06
       10125.0   3.23900e+06
       10175.0   3.18000e+06
       10225.0   3.16700e+06
       10275.0   3.15100e+06
       10325.0   3.09300e+06
       10375.0   3.06400e+06
       10425.0   3.05100e+06
       10475.0   2.99500e+06
       10525.0   2.98600e+06
       10575.0   2.94300e+06
       10625.0   2.90900e+06
       10675.0   2.83700e+06
       10725.0   2.84000e+06
       10775.0   2.80200e+06
       10825.0   2.74100e+06
       10875.0   2.72700e+06
       10925.0   2.66300e+06
       10975.0   2.63900e+06
       11025.0   2.65100e+06
       11075.0   2.64600e+06
       11125.0   2.61100e+06
       11175.0   2.58600e+06
       11225.0   2.57500e+06
       11275.0   2.51500e+06
       11325.0   2.51100e+06
       11375.0   2.48400e+06
       11425.0   2.44900e+06
       11475.0   2.46300e+06
       11525.0   2.44200e+06
       11575.0   2.40400e+06
       11625.0   2.36200e+06
       11675.0   2.35000e+06
       11725.0   2.35900e+06
       11775.0   2.30100e+06
       11825.0   2.27600e+06
       11875.0   2.25400e+06
       11925.0   2.27800e+06
       11975.0   2.18700e+06
       12025.0   2.20400e+06
       12075.0   2.17400e+06
       12125.0   2.17200e+06
       12175.0   2.17500e+06
       12225.0   2.15400e+06
       12275.0   2.12400e+06
       12325.0   2.11200e+06
       12375.0   2.09300e+06
       12425.0   2.06900e+06
       12475.0   2.06100e+06
       12525.0   2.03600e+06
       12575.0   2.01900e+06
       12625.0   2.00100e+06
       12675.0   1.97700e+06
       12725.0   1.97100e+06
       12775.0   1.95000e+06
       12825.0   1.82700e+06
       12875.0   1.91000e+06
       12925.0   1.89200e+06
       12975.0   1.89000e+06
       13025.0   1.86300e+06
       13075.0   1.85900e+06
       13125.0   1.82300e+06
       13175.0   1.80600e+06
       13225.0   1.81100e+06
       13275.0   1.77800e+06
       13325.0   1.77400e+06
       13375.0   1.75700e+06
       13425.0   1.75300e+06
       13475.0   1.73600e+06
       13525.0   1.72300e+06
       13575.0   1.69300e+06
       13625.0   1.68600e+06
       13675.0   1.67200e+06
       13725.0   1.65900e+06
       13775.0   1.64700e+06
       13825.0   1.63700e+06
       13875.0   1.62600e+06
       13925.0   1.61300e+06
       13975.0   1.59900e+06
       14025.0   1.57700e+06
       14075.0   1.57300e+06
       14125.0   1.54400e+06
       14175.0   1.54700e+06
       14225.0   1.51400e+06
       14275.0   1.48800e+06
       14325.0   1.50500e+06
       14375.0   1.50300e+06
       14425.0   1.44700e+06
       14475.0   1.47500e+06
       14525.0   1.43900e+06
       14570.0   1.44200e+06
       14620.0   1.43300e+06
       14675.0   1.42300e+06
       14725.0   1.39500e+06
       14775.0   1.38900e+06
       14825.0   1.38300e+06
       14875.0   1.34300e+06
       14925.0   1.37700e+06
       14975.0   1.35500e+06
       15025.0   1.30900e+06
       15075.0   1.30900e+06
       15125.0   1.32700e+06
       15175.0   1.32300e+06
       15225.0   1.29800e+06
       15275.0   1.30100e+06
       15325.0   1.28700e+06
       15375.0   1.27800e+06
       15425.0   1.27000e+06
       15475.0   1.26100e+06
       15525.0   1.24200e+06
       15575.0   1.23100e+06
       15625.0   1.23500e+06
       15675.0   1.20500e+06
       15725.0   1.20400e+06
       15775.0   1.15800e+06
       15825.0   1.17500e+06
       15875.0   1.13300e+06
       15925.0   1.15400e+06
       15975.0   1.15200e+06
       16050.0   1.13700e+06
       16150.0   1.11000e+06
       16250.0   1.10800e+06
       16350.0   1.07600e+06
       16450.0   1.04700e+06
       16550.0   1.04900e+06
       16650.0   1.02900e+06
       16750.0       992200.
       16850.0       958900.
       16950.0       973300.
       17050.0       943000.
       17150.0       925200.
       17250.0       899900.
       17350.0       851000.
       17450.0       861500.
       17550.0       854700.
       17650.0       837000.
       17750.0       820100.
       17850.0       807700.
       17950.0       792700.
       18050.0       772900.
       18150.0       731900.
       18250.0       735200.
       18350.0       728200.
       18450.0       708500.
       18550.0       700500.
       18650.0       680700.
       18750.0       634800.
       18850.0       657300.
       18950.0       634000.
       19050.0       637900.
       19150.0       623700.
       19250.0       612900.
       19350.0       595800.
       19450.0       560900.
       19550.0       577800.
       19650.0       567400.
       19750.0       554700.
       19850.0       548100.
       19950.0       538100.
       20050.0       531400.
       20150.0       524200.
       20250.0       510300.
       20350.0       498100.
       20450.0       496400.
       20550.0       486000.
       20650.0       474500.
       20750.0       468400.
       20850.0       460200.
       20950.0       449300.
       21050.0       445700.
       21150.0       436900.
       21250.0       429200.
       21350.0       422800.
       21450.0       416500.
       21550.0       408500.
       21650.0       383700.
       21750.0       390900.
       21850.0       386300.
       21950.0       383000.
       22050.0       372700.
       22150.0       370100.
       22250.0       363400.
       22350.0       357400.
       22450.0       351700.
       22550.0       344900.
       22650.0       339200.
       22750.0       335400.
       22850.0       327600.
       22950.0       321200.
       23050.0       318700.
       23150.0       313000.
       23250.0       304900.
       23350.0       301400.
       23450.0       299000.
       23550.0       289600.
       23650.0       288800.
       23750.0       282600.
       23850.0       275300.
       23950.0       275100.
       24050.0       271100.
       24150.0       263400.
       24250.0       261900.
       24350.0       257900.
       24450.0       253500.
       24550.0       247400.
       24650.0       247300.
       24750.0       241900.
       24850.0       236100.
       24950.0       235700.
       25050.0       232700.
       25150.0       228300.
       25250.0       226300.
       25350.0       222700.
       25450.0       218200.
       25550.0       215400.
       25650.0       212200.
       25750.0       210900.
       25850.0       204800.
       25950.0       204100.
       26050.0       201700.
       26150.0       197900.
       26250.0       188100.
       26350.0       191900.
       26450.0       189300.
       26550.0       187000.
       26650.0       183300.
       26750.0       182200.
       26850.0       180700.
       26950.0       178100.
       27050.0       175800.
       27150.0       173200.
       27250.0       170900.
       27350.0       168600.
       27450.0       166700.
       27550.0       162900.
       27650.0       161200.
       27750.0       159600.
       27850.0       157600.
       27950.0       155800.
       28050.0       153700.
       28150.0       151700.
       28250.0       149700.
       28350.0       148000.
       28450.0       145400.
       28550.0       143800.
       28650.0       141600.
       28750.0       138400.
       28850.0       138100.
       28950.0       136600.
       29050.0       134800.
       29150.0       133100.
       29250.0       130800.
       29350.0       129700.
       29450.0       127800.
       29550.0       126400.
       29650.0       124900.
       29750.0       123300.
       29850.0       121800.
       29950.0       120000.
       30050.0       118500.
       30150.0       117200.
       30250.0       115600.
       30350.0       112700.
       30450.0       112100.
       30550.0       111400.
       30650.0       109800.
       30750.0       108800.
       30850.0       107200.
       30950.0       105900.
       31050.0       104900.
       31150.0       102700.
       31250.0       102300.
       31350.0       101000.
       31450.0       99910.0
       31550.0       98300.0
       31650.0       97400.0
       31750.0       96200.0
       31850.0       95120.0
       31950.0       94140.0
       32100.0       92300.0
       32300.0       90190.0
       32500.0       88080.0
       32700.0       86020.0
       32900.0       83100.0
       33100.0       81860.0
       33300.0       80020.0
       33500.0       78460.0
       33700.0       76610.0
       33900.0       74750.0
       34100.0       73020.0
       34300.0       71720.0
       34500.0       70210.0
       34700.0       68640.0
       34900.0       67190.0
       35100.0       65750.0
       35300.0       64210.0
       35500.0       62950.0
       35700.0       61520.0
       35900.0       60200.0
       36100.0       59100.0
       36300.0       57840.0
       36500.0       56400.0
       36700.0       55210.0
       36900.0       53850.0
       37100.0       52740.0
       37300.0       51720.0
       37500.0       50150.0
       37700.0       49810.0
       37900.0       48800.0
       38100.0       47870.0
       38300.0       47020.0
       38500.0       46140.0
       38700.0       45130.0
       38900.0       44210.0
       39100.0       43480.0
       39300.0       42620.0
       39500.0       41660.0
       39700.0       40970.0
       39900.0       39950.0
       40100.0       39290.0
       40300.0       38670.0
       40500.0       37500.0
       40700.0       37150.0
       40900.0       36500.0
       41100.0       35860.0
       41300.0       35240.0
       41500.0       34510.0
       41700.0       33890.0
       41900.0       33280.0
       42100.0       32500.0
       42300.0       32170.0
       42500.0       31510.0
       42700.0       31010.0
       42900.0       30020.0
       43100.0       29230.0
       43300.0       28900.0
       43500.0       27920.0
       43700.0       27330.0
       43900.0       27060.0
       44100.0       26040.0
       44300.0       25830.0
       44500.0       25470.0
       44700.0       24600.0
       44900.0       24490.0
       45100.0       24060.0
       45300.0       23330.0
       45500.0       23150.0
       45700.0       22860.0
       45900.0       22180.0
       46100.0       22020.0
       46300.0       21640.0
       46500.0       21180.0
       46700.0       20960.0
       46900.0       20700.0
       47100.0       20350.0
       47300.0       20150.0
       47500.0       19790.0
       47700.0       19450.0
       47900.0       19180.0
       48100.0       18800.0
       48300.0       18660.0
       48500.0       18320.0
       48700.0       18010.0
       48900.0       17760.0
       49100.0       17490.0
       49300.0       17230.0
       49500.0       16950.0
       49700.0       16700.0
       49900.0       16490.0
       50100.0       16180.0
       50300.0       16010.0
       50500.0       15700.0
       50700.0       15500.0
       50900.0       15300.0
       51100.0       15030.0
       51300.0       14800.0
       51500.0       14610.0
       51700.0       14470.0
       51900.0       14200.0
       52100.0       13980.0
       52300.0       13770.0
       52500.0       13620.0
       52700.0       13450.0
       52900.0       13190.0
       53100.0       13040.0
       53300.0       12840.0
       53500.0       12680.0
       53700.0       12490.0
       53900.0       12340.0
       54100.0       12160.0
       54300.0       11940.0
       54500.0       11830.0
       54700.0       11650.0
       54900.0       11480.0
       55100.0       11350.0
       55300.0       11230.0
       55500.0       11020.0
       55700.0       10930.0
       55900.0       10720.0
       56100.0       10600.0
       56300.0       10450.0
       56500.0       10350.0
       56700.0       10210.0
       56900.0       10040.0
       57100.0       9940.00
       57300.0       9809.00
       57500.0       9677.00
       57700.0       9546.00
       57900.0       9433.00
       58100.0       9299.00
       58300.0       9185.00
       58500.0       9075.00
       58700.0       8943.00
       58900.0       8816.00
       59100.0       8701.00
       59300.0       8612.00
       59500.0       8479.00
       59700.0       8400.00
       59900.0       8293.00
       60100.0       8184.00
       60300.0       8086.00
       60500.0       7981.00
       60700.0       7877.00
       60900.0       7774.00
       61100.0       7664.00
       61300.0       7589.00
       61500.0       7500.00
       61700.0       7408.00
       61900.0       7319.00
       62100.0       7229.00
       62300.0       7119.00
       62500.0       7039.00
       62700.0       6956.00
       62900.0       6875.00
       63100.0       6780.00
       63300.0       6718.00
       63500.0       6631.00
       63700.0       6553.00
       63900.0       6469.00
       64200.0       6359.00
       64600.0       6201.00
       65000.0       6054.00
       65400.0       5918.00
       65800.0       5782.00
       66200.0       5644.00
       66600.0       5516.00
       67000.0       5387.00
       67400.0       5260.00
       67800.0       5143.00
       68200.0       5028.00
       68600.0       4915.00
       69000.0       4804.00
       69400.0       4695.00
       69800.0       4594.00
       70200.0       4487.00
       70600.0       4393.00
       71000.0       4298.00
       71400.0       4204.00
       71800.0       4113.00
       72200.0       4024.00
       72600.0       3937.00
       73000.0       3856.00
       73400.0       3771.00
       73800.0       3695.00
       74200.0       3615.00
       74600.0       3528.00
       75000.0       3460.00
       75400.0       3395.00
       75800.0       3327.00
       76200.0       3259.00
       76600.0       3193.00
       77000.0       3126.00
       77400.0       3065.00
       77800.0       3004.00
       78200.0       2944.00
       78600.0       2886.00
       79000.0       2829.00
       79400.0       2774.00
       79800.0       2719.00
       80200.0       2665.00
       80600.0       2613.00
       81000.0       2565.00
       81400.0       2513.00
       81800.0       2466.00
       82200.0       2421.00
       82600.0       2375.00
       83000.0       2330.00
       83400.0       2285.00
       83800.0       2243.00
       84200.0       2203.00
       84600.0       2162.00
       85000.0       2122.00
       85400.0       2083.00
       85800.0       2046.00
       86200.0       2008.00
       86600.0       1972.00
       87000.0       1937.00
       87400.0       1902.00
       87800.0       1868.00
       88200.0       1834.00
       88600.0       1802.00
       89000.0       1770.00
       89400.0       1740.00
       89800.0       1709.00
       90200.0       1680.00
       90600.0       1652.00
       91000.0       1622.00
       91400.0       1594.00
       91800.0       1568.00
       92200.0       1542.00
       92600.0       1515.00
       93000.0       1490.00
       93400.0       1465.00
       93800.0       1440.00
       94200.0       1417.00
       94600.0       1393.00
       95000.0       1370.00
       95400.0       1347.00
       95800.0       1325.00
       96200.0       1304.00
       96600.0       1283.00
       97000.0       1262.00
       97400.0       1241.00
       97800.0       1221.00
       98200.0       1202.00
       98600.0       1183.00
       99000.0       1165.00
       99400.0       1146.00
       99800.0       1128.00
       100200.       1111.00
       200000.       71.8300
       400000.       4.50600
       600000.      0.885200
       800000.      0.278300
   1.00000e+06      0.113300
   1.20000e+06     0.0543700
   1.40000e+06     0.0292100
   1.60000e+06     0.0170500
