       90.9000       0.00000
       93.5000       0.00000
       96.1000       0.00000
       97.7000       0.00000
       99.6000       0.00000
       102.000       0.00000
       103.800       0.00000
       105.600       0.00000
       107.700       0.00000
       110.400       0.00000
       114.000       0.00000
       117.800       0.00000
       121.300       0.00000
       124.800       0.00000
       127.100       0.00000
       128.400       0.00000
       130.500       0.00000
       132.400       0.00000
       133.900       0.00000
       136.600       0.00000
       139.800       0.00000
       143.300       0.00000
       147.200       0.00000
       151.000       0.00000
       155.200       0.00000
       158.800       0.00000
       162.000       0.00000
       166.000       0.00000
       170.300       0.00000
       173.400       0.00000
       176.800       0.00000
       180.200       0.00000
       181.700       0.00000
       186.100       0.00000
       191.000       0.00000
       193.900       0.00000
       198.400       0.00000
       201.800       0.00000
       205.000       0.00000
       210.500       0.00000
       216.200       0.00000
       219.800       0.00000
       223.000       0.00000
       226.800       0.00000
       230.000       0.00000
       234.000       0.00000
       240.000       0.00000
       246.500       0.00000
       252.400       0.00000
       256.800       0.00000
       260.000       0.00000
       264.000       0.00000
       268.500       0.00000
       273.500       0.00000
       278.500       0.00000
       284.000       0.00000
       290.000       0.00000
       296.000       0.00000
       301.000       0.00000
       308.000       0.00000
       318.000       0.00000
       328.000       0.00000
       338.000       0.00000
       348.000       0.00000
       357.000       0.00000
       366.000       0.00000
       375.000       0.00000
       385.000       0.00000
       395.000       0.00000
       405.000       0.00000
       414.000       0.00000
       422.000       0.00000
       430.000       0.00000
       441.000       0.00000
       451.000       0.00000
       460.000       0.00000
       470.000       0.00000
       480.000       0.00000
       490.000       0.00000
       500.000   7.08200e-25
       506.000   2.26500e-24
       512.000   5.96600e-24
       520.000   1.79900e-23
       530.000   6.84700e-23
       540.000   2.43600e-22
       550.000   8.35100e-22
       560.000   2.71700e-21
       570.000   8.45600e-21
       580.000   2.49700e-20
       590.000   7.24200e-20
       600.000   2.00100e-19
       610.000   5.33700e-19
       620.000   1.37500e-18
       630.000   3.43200e-18
       640.000   8.30900e-18
       650.000   1.95400e-17
       658.000   3.79400e-17
       665.000   6.68300e-17
       675.000   1.46900e-16
       685.000   3.15100e-16
       695.000   6.59600e-16
       705.000   1.34700e-15
       716.000   2.89300e-15
       726.000   5.66300e-15
       735.000   1.01900e-14
       745.000   1.92200e-14
       755.000   3.55900e-14
       765.000   6.48100e-14
       775.000   1.15900e-13
       785.000   2.04200e-13
       795.000   3.51700e-13
       805.000   6.03000e-13
       815.000   1.01700e-12
       825.000   1.68800e-12
       835.000   2.76500e-12
       845.000   4.47200e-12
       855.000   7.14400e-12
       865.000   1.12700e-11
       875.000   1.75600e-11
       885.000   2.71300e-11
       895.000   4.14100e-11
       905.000   6.25200e-11
       915.000   1.24100e-07
       925.000   4.93000e-07
       935.000   6.94200e-07
       945.000   1.07400e-06
       955.000   1.64000e-06
       965.000   2.46500e-06
       975.000   3.38000e-06
       985.000   4.89300e-06
       995.000   6.88900e-06
       1005.00   1.02300e-05
       1015.00   1.40800e-05
       1025.00   1.82800e-05
       1035.00   2.77000e-05
       1045.00   3.88000e-05
       1055.00   5.04300e-05
       1065.00   6.96100e-05
       1075.00   9.43000e-05
       1085.00   0.000127000
       1095.00   0.000162300
       1105.00   0.000259300
       1115.00   0.000410400
       1125.00   0.000555700
       1135.00   0.000775400
       1145.00    0.00101100
       1155.00    0.00124700
       1165.00    0.00163700
       1175.00    0.00208700
       1185.00    0.00249900
       1195.00    0.00270300
       1205.00    0.00309400
       1215.00    0.00232600
       1225.00    0.00460400
       1235.00    0.00680000
       1245.00    0.00865700
       1255.00     0.0103700
       1265.00     0.0123800
       1275.00     0.0150700
       1285.00     0.0178300
       1295.00     0.0220400
       1305.00     0.0255100
       1315.00     0.0317400
       1325.00     0.0362100
       1335.00     0.0436000
       1345.00     0.0519900
       1355.00     0.0630100
       1365.00     0.0731500
       1375.00     0.0863600
       1385.00      0.101300
       1395.00      0.119500
       1405.00      0.143900
       1415.00      0.169500
       1425.00      0.197000
       1435.00      0.233200
       1442.00      0.273300
       1447.00      0.284400
       1455.00      0.325700
       1465.00      0.386700
       1475.00      0.429300
       1485.00      0.504300
       1495.00      0.613200
       1505.00      0.724100
       1512.00      0.743800
       1517.00      0.848100
       1525.00       1.03500
       1535.00       3.35400
       1545.00       3.99700
       1555.00       6.69400
       1565.00       6.48200
       1575.00       13.3800
       1585.00       16.4700
       1595.00       19.3100
       1605.00       21.4300
       1615.00       23.7600
       1625.00       27.0100
       1635.00       33.0500
       1645.00       48.3300
       1655.00       33.3600
       1665.00       58.0100
       1672.00       40.3800
       1677.00       73.0100
       1685.00       133.000
       1695.00       212.500
       1705.00       260.500
       1715.00       248.300
       1725.00       329.300
       1735.00       391.500
       1745.00       542.700
       1755.00       722.000
       1765.00       669.700
       1775.00       731.900
       1785.00       985.900
       1795.00       1094.00
       1805.00       1260.00
       1815.00       1210.00
       1825.00       1513.00
       1835.00       1632.00
       1845.00       1237.00
       1855.00       1740.00
       1865.00       2083.00
       1875.00       2265.00
       1885.00       2468.00
       1895.00       3193.00
       1905.00       3095.00
       1915.00       3499.00
       1925.00       3640.00
       1935.00       2488.00
       1945.00       4615.00
       1955.00       4908.00
       1967.00       6279.00
       1976.00       6197.00
       1984.00       6548.00
       1995.00       6909.00
       2005.00       6971.00
       2015.00       7811.00
       2025.00       6451.00
       2035.00       8713.00
       2045.00       9991.00
       2055.00       10520.0
       2065.00       10600.0
       2074.00       11020.0
       2078.00       13210.0
       2085.00       13770.0
       2095.00       19620.0
       2105.00       37410.0
       2115.00       50440.0
       2125.00       41940.0
       2135.00       47210.0
       2145.00       65380.0
       2155.00       59700.0
       2165.00       53850.0
       2175.00       52180.0
       2185.00       78830.0
       2195.00       75930.0
       2205.00       74810.0
       2215.00       53510.0
       2225.00       75170.0
       2235.00       116800.
       2245.00       110600.
       2255.00       79880.0
       2265.00       63370.0
       2275.00       71950.0
       2285.00       118700.
       2295.00       84160.0
       2305.00       111800.
       2315.00       98590.0
       2325.00       94020.0
       2335.00       86580.0
       2345.00       55140.0
       2355.00       107400.
       2365.00       66450.0
       2375.00       84300.0
       2385.00       54420.0
       2395.00       69550.0
       2405.00       74890.0
       2415.00       75760.0
       2425.00       136800.
       2435.00       142400.
       2445.00       183500.
       2455.00       197600.
       2465.00       152300.
       2475.00       131700.
       2485.00       54380.0
       2495.00       86700.0
       2505.00       136100.
       2513.00       74020.0
       2518.00       52970.0
       2525.00       52410.0
       2535.00       78350.0
       2545.00       99480.0
       2555.00       252200.
       2565.00       213500.
       2575.00       337200.
       2585.00       308600.
       2595.00       275100.
       2605.00       221900.
       2615.00       201100.
       2625.00       290800.
       2635.00       660900.
       2645.00       865000.
       2655.00   1.38300e+06
       2665.00       740100.
       2675.00       860000.
       2685.00   1.10400e+06
       2695.00       686600.
       2705.00       934000.
       2715.00       592300.
       2725.00       356300.
       2735.00       523400.
       2745.00       293800.
       2755.00       443700.
       2765.00       629300.
       2775.00       622900.
       2785.00       325000.
       2795.00       139300.
       2805.00       175800.
       2815.00       531300.
       2825.00       813100.
       2835.00       641500.
       2845.00       318000.
       2855.00       155000.
       2865.00       479500.
       2875.00       966900.
       2885.00       945900.
       2895.00   1.36400e+06
       2910.00   1.91400e+06
       2930.00   1.69500e+06
       2950.00   1.56300e+06
       2970.00   1.60700e+06
       2990.00   1.60400e+06
       3010.00   1.51000e+06
       3030.00   1.77900e+06
       3050.00   1.84700e+06
       3070.00   2.09000e+06
       3090.00   1.86700e+06
       3110.00   2.32100e+06
       3130.00   2.10300e+06
       3150.00   2.06100e+06
       3170.00   2.29600e+06
       3190.00   1.99700e+06
       3210.00   2.18600e+06
       3230.00   1.77600e+06
       3250.00   2.64400e+06
       3270.00   3.22300e+06
       3290.00   3.12400e+06
       3310.00   2.83600e+06
       3330.00   2.90800e+06
       3350.00   2.77900e+06
       3370.00   1.96900e+06
       3390.00   2.33400e+06
       3410.00   2.39200e+06
       3430.00   2.57900e+06
       3450.00   2.66800e+06
       3470.00   2.80600e+06
       3490.00   3.19900e+06
       3510.00   3.38400e+06
       3530.00   3.03500e+06
       3550.00   3.59200e+06
       3570.00   2.35500e+06
       3590.00   2.44700e+06
       3610.00   3.04200e+06
       3630.00   3.11700e+06
       3640.00   3.19400e+06
       3650.00   3.71000e+06
       3670.00   3.90800e+06
       3690.00   3.62400e+06
       3710.00   3.80100e+06
       3730.00   2.44900e+06
       3750.00   2.82500e+06
       3770.00   3.61700e+06
       3790.00   3.66900e+06
       3810.00   3.38800e+06
       3830.00   1.84900e+06
       3850.00   2.48800e+06
       3870.00   2.45800e+06
       3890.00   3.29800e+06
       3910.00   4.01800e+06
       3930.00   2.03700e+06
       3950.00   3.59900e+06
       3970.00   2.48700e+06
       3990.00   5.13800e+06
       4010.00   5.53900e+06
       4030.00   5.41100e+06
       4050.00   5.15500e+06
       4070.00   4.94400e+06
       4090.00   5.91000e+06
       4110.00   5.76400e+06
       4130.00   5.59100e+06
       4150.00   5.45500e+06
       4170.00   5.58700e+06
       4190.00   5.24200e+06
       4210.00   5.43700e+06
       4230.00   5.22400e+06
       4250.00   5.32500e+06
       4270.00   4.90500e+06
       4290.00   4.43300e+06
       4310.00   3.70300e+06
       4330.00   5.64700e+06
       4350.00   5.41700e+06
       4370.00   5.91800e+06
       4390.00   5.29000e+06
       4410.00   5.78500e+06
       4430.00   6.31100e+06
       4450.00   6.25200e+06
       4470.00   6.66600e+06
       4490.00   6.78100e+06
       4510.00   7.53300e+06
       4530.00   6.74800e+06
       4550.00   7.02700e+06
       4570.00   7.47500e+06
       4590.00   7.06400e+06
       4610.00   7.23500e+06
       4630.00   7.13800e+06
       4650.00   7.19500e+06
       4670.00   7.41400e+06
       4690.00   7.26600e+06
       4710.00   7.00800e+06
       4730.00   7.32100e+06
       4750.00   7.46900e+06
       4770.00   7.49300e+06
       4790.00   7.46200e+06
       4810.00   7.38200e+06
       4830.00   7.50900e+06
       4850.00   7.09700e+06
       4870.00   6.39300e+06
       4890.00   7.11000e+06
       4910.00   7.11500e+06
       4930.00   6.95200e+06
       4950.00   7.26300e+06
       4970.00   7.31400e+06
       4990.00   6.79900e+06
       5010.00   6.48700e+06
       5030.00   6.88600e+06
       5050.00   6.87400e+06
       5070.00   7.16300e+06
       5090.00   6.84900e+06
       5110.00   6.96400e+06
       5130.00   6.79000e+06
       5150.00   6.50400e+06
       5170.00   5.65300e+06
       5190.00   5.81500e+06
       5210.00   6.57400e+06
       5230.00   6.76100e+06
       5250.00   7.02300e+06
       5270.00   6.13400e+06
       5290.00   6.97500e+06
       5310.00   7.27300e+06
       5330.00   6.47700e+06
       5350.00   7.01600e+06
       5370.00   6.99300e+06
       5390.00   6.89200e+06
       5410.00   6.65400e+06
       5430.00   6.83500e+06
       5450.00   7.03900e+06
       5470.00   6.90400e+06
       5490.00   6.86200e+06
       5510.00   6.85000e+06
       5530.00   6.92800e+06
       5550.00   7.03000e+06
       5570.00   6.80600e+06
       5590.00   6.63500e+06
       5610.00   6.88300e+06
       5630.00   6.90200e+06
       5650.00   6.89900e+06
       5670.00   6.73200e+06
       5690.00   6.83600e+06
       5710.00   6.67200e+06
       5730.00   7.11100e+06
       5750.00   6.87700e+06
       5770.00   6.94300e+06
       5790.00   6.71600e+06
       5810.00   6.89500e+06
       5830.00   7.00000e+06
       5850.00   6.82300e+06
       5870.00   6.83000e+06
       5890.00   6.16900e+06
       5910.00   6.74700e+06
       5930.00   6.73700e+06
       5950.00   6.74500e+06
       5970.00   6.76800e+06
       5990.00   6.69100e+06
       6010.00   6.57200e+06
       6030.00   6.60300e+06
       6050.00   6.72400e+06
       6070.00   6.67100e+06
       6090.00   6.49800e+06
       6110.00   6.45300e+06
       6130.00   6.19300e+06
       6150.00   6.31600e+06
       6170.00   6.05500e+06
       6190.00   6.40500e+06
       6210.00   6.41700e+06
       6230.00   6.23200e+06
       6250.00   6.05700e+06
       6270.00   6.29600e+06
       6290.00   6.32400e+06
       6310.00   6.13000e+06
       6330.00   6.15100e+06
       6350.00   6.16600e+06
       6370.00   6.13600e+06
       6390.00   6.17700e+06
       6410.00   6.02400e+06
       6430.00   6.08500e+06
       6450.00   6.00400e+06
       6470.00   5.97600e+06
       6490.00   5.89000e+06
       6510.00   6.03000e+06
       6530.00   6.03100e+06
       6550.00   5.87900e+06
       6570.00   5.39600e+06
       6590.00   5.89600e+06
       6610.00   5.96200e+06
       6630.00   5.90600e+06
       6650.00   5.88800e+06
       6670.00   5.80800e+06
       6690.00   5.89300e+06
       6710.00   5.75600e+06
       6730.00   5.83100e+06
       6750.00   5.75900e+06
       6770.00   5.75100e+06
       6790.00   5.72000e+06
       6810.00   5.67700e+06
       6830.00   5.71200e+06
       6850.00   5.57400e+06
       6870.00   5.62600e+06
       6890.00   5.62800e+06
       6910.00   5.58400e+06
       6930.00   5.55400e+06
       6950.00   5.52300e+06
       6970.00   5.51900e+06
       6990.00   5.48800e+06
       7010.00   5.33300e+06
       7030.00   5.41100e+06
       7050.00   5.42700e+06
       7070.00   5.36700e+06
       7090.00   5.33900e+06
       7110.00   5.35200e+06
       7130.00   5.25500e+06
       7150.00   5.21200e+06
       7170.00   5.21300e+06
       7190.00   5.06200e+06
       7210.00   5.15500e+06
       7230.00   5.16800e+06
       7250.00   5.17700e+06
       7270.00   5.15200e+06
       7290.00   5.00700e+06
       7310.00   5.08400e+06
       7330.00   5.05100e+06
       7350.00   5.06100e+06
       7370.00   5.06400e+06
       7390.00   4.93500e+06
       7410.00   4.87100e+06
       7430.00   4.92300e+06
       7450.00   4.92300e+06
       7470.00   4.95000e+06
       7490.00   4.89600e+06
       7510.00   4.89500e+06
       7530.00   4.89400e+06
       7550.00   4.89500e+06
       7570.00   4.83900e+06
       7590.00   4.82300e+06
       7610.00   4.79000e+06
       7630.00   4.80600e+06
       7650.00   4.78300e+06
       7670.00   4.64800e+06
       7690.00   4.74100e+06
       7710.00   4.67700e+06
       7730.00   4.67500e+06
       7750.00   4.61300e+06
       7770.00   4.68400e+06
       7790.00   4.66600e+06
       7810.00   4.63300e+06
       7830.00   4.57700e+06
       7850.00   4.57100e+06
       7870.00   4.59400e+06
       7890.00   4.55500e+06
       7910.00   4.48000e+06
       7930.00   4.39500e+06
       7950.00   4.38600e+06
       7970.00   4.46400e+06
       7990.00   4.45500e+06
       8010.00   4.39300e+06
       8030.00   4.38400e+06
       8050.00   4.33800e+06
       8070.00   4.36200e+06
       8090.00   4.27100e+06
       8110.00   4.30000e+06
       8130.00   4.31600e+06
       8150.00   4.28500e+06
       8170.00   4.27000e+06
       8190.00   4.13300e+06
       8210.00   4.14700e+06
       8230.00   4.13800e+06
       8250.00   4.17100e+06
       8270.00   4.19700e+06
       8290.00   4.16700e+06
       8310.00   4.07600e+06
       8330.00   4.04900e+06
       8350.00   4.06400e+06
       8370.00   4.07800e+06
       8390.00   3.98200e+06
       8410.00   4.05500e+06
       8430.00   3.96800e+06
       8450.00   3.99700e+06
       8470.00   3.96000e+06
       8490.00   3.91800e+06
       8510.00   3.73800e+06
       8530.00   3.84700e+06
       8550.00   3.32300e+06
       8570.00   3.92800e+06
       8590.00   3.85600e+06
       8610.00   3.84500e+06
       8630.00   3.87100e+06
       8650.00   3.81600e+06
       8670.00   3.31400e+06
       8690.00   3.71600e+06
       8710.00   3.77700e+06
       8730.00   3.76400e+06
       8750.00   3.70400e+06
       8770.00   3.76200e+06
       8790.00   3.72800e+06
       8810.00   3.62400e+06
       8830.00   3.68800e+06
       8850.00   3.68800e+06
       8870.00   3.59100e+06
       8890.00   3.68200e+06
       8910.00   3.68600e+06
       8930.00   3.61000e+06
       8950.00   3.60400e+06
       8970.00   3.60400e+06
       8990.00   3.60900e+06
       9010.00   3.43300e+06
       9030.00   3.54300e+06
       9050.00   3.59300e+06
       9070.00   3.53300e+06
       9090.00   3.43400e+06
       9110.00   3.45700e+06
       9130.00   3.51100e+06
       9150.00   3.45400e+06
       9170.00   3.42300e+06
       9190.00   3.43100e+06
       9210.00   3.33900e+06
       9230.00   3.28600e+06
       9250.00   3.30000e+06
       9270.00   3.34400e+06
       9290.00   3.33400e+06
       9310.00   3.35400e+06
       9330.00   3.33200e+06
       9350.00   3.31100e+06
       9370.00   3.29200e+06
       9390.00   3.28100e+06
       9410.00   3.15600e+06
       9430.00   3.23200e+06
       9450.00   3.18300e+06
       9470.00   3.23300e+06
       9490.00   3.23200e+06
       9510.00   3.21300e+06
       9530.00   3.18200e+06
       9550.00   3.09500e+06
       9570.00   3.15200e+06
       9590.00   3.17500e+06
       9610.00   3.14100e+06
       9630.00   3.11300e+06
       9650.00   3.08900e+06
       9670.00   3.07700e+06
       9690.00   3.10400e+06
       9710.00   3.08400e+06
       9730.00   3.07500e+06
       9750.00   3.04100e+06
       9770.00   3.04300e+06
       9790.00   3.01400e+06
       9810.00   3.03900e+06
       9830.00   3.01900e+06
       9850.00   3.02000e+06
       9870.00   2.99200e+06
       9890.00   2.98400e+06
       9910.00   2.96200e+06
       9930.00   2.98300e+06
       9950.00   2.96900e+06
       9970.00   2.96100e+06
       9990.00   2.94400e+06
       10025.0   2.91400e+06
       10075.0   2.86100e+06
       10125.0   2.86500e+06
       10175.0   2.81200e+06
       10225.0   2.80200e+06
       10275.0   2.79100e+06
       10325.0   2.73900e+06
       10375.0   2.71500e+06
       10425.0   2.70700e+06
       10475.0   2.66200e+06
       10525.0   2.65300e+06
       10575.0   2.61500e+06
       10625.0   2.58800e+06
       10675.0   2.52900e+06
       10725.0   2.53100e+06
       10775.0   2.49500e+06
       10825.0   2.43900e+06
       10875.0   2.42800e+06
       10925.0   2.39200e+06
       10975.0   2.33900e+06
       11025.0   2.34300e+06
       11075.0   2.34400e+06
       11125.0   2.31600e+06
       11175.0   2.29900e+06
       11225.0   2.29000e+06
       11275.0   2.23800e+06
       11325.0   2.24200e+06
       11375.0   2.21300e+06
       11425.0   2.18600e+06
       11475.0   2.20200e+06
       11525.0   2.18500e+06
       11575.0   2.15200e+06
       11625.0   2.11600e+06
       11675.0   2.10900e+06
       11725.0   2.11900e+06
       11775.0   2.07000e+06
       11825.0   2.04300e+06
       11875.0   2.02700e+06
       11925.0   2.05100e+06
       11975.0   1.96400e+06
       12025.0   1.98400e+06
       12075.0   1.95700e+06
       12125.0   1.96000e+06
       12175.0   1.96400e+06
       12225.0   1.94600e+06
       12275.0   1.92100e+06
       12325.0   1.91000e+06
       12375.0   1.89400e+06
       12425.0   1.87200e+06
       12475.0   1.86800e+06
       12525.0   1.84600e+06
       12575.0   1.83300e+06
       12625.0   1.81700e+06
       12675.0   1.79400e+06
       12725.0   1.79100e+06
       12775.0   1.77800e+06
       12825.0   1.68200e+06
       12875.0   1.74000e+06
       12925.0   1.72100e+06
       12975.0   1.72200e+06
       13025.0   1.69800e+06
       13075.0   1.69600e+06
       13125.0   1.66100e+06
       13175.0   1.64800e+06
       13225.0   1.65400e+06
       13275.0   1.62300e+06
       13325.0   1.62100e+06
       13375.0   1.60700e+06
       13425.0   1.60600e+06
       13475.0   1.59100e+06
       13525.0   1.58100e+06
       13575.0   1.55100e+06
       13625.0   1.54500e+06
       13675.0   1.53600e+06
       13725.0   1.52700e+06
       13775.0   1.51500e+06
       13825.0   1.50700e+06
       13875.0   1.49500e+06
       13925.0   1.48600e+06
       13975.0   1.47400e+06
       14025.0   1.45300e+06
       14075.0   1.44800e+06
       14125.0   1.42000e+06
       14175.0   1.42500e+06
       14225.0   1.39300e+06
       14275.0   1.36700e+06
       14325.0   1.38700e+06
       14375.0   1.38700e+06
       14425.0   1.33700e+06
       14475.0   1.36400e+06
       14525.0   1.33100e+06
       14570.0   1.33300e+06
       14620.0   1.32600e+06
       14675.0   1.31600e+06
       14725.0   1.29000e+06
       14775.0   1.28700e+06
       14825.0   1.28300e+06
       14875.0   1.24400e+06
       14925.0   1.28000e+06
       14975.0   1.25900e+06
       15025.0   1.21000e+06
       15075.0   1.21500e+06
       15125.0   1.23600e+06
       15175.0   1.23400e+06
       15225.0   1.21000e+06
       15275.0   1.21400e+06
       15325.0   1.20200e+06
       15375.0   1.19600e+06
       15425.0   1.19100e+06
       15475.0   1.18200e+06
       15525.0   1.16300e+06
       15575.0   1.15400e+06
       15625.0   1.16000e+06
       15675.0   1.13000e+06
       15725.0   1.13200e+06
       15775.0   1.08200e+06
       15825.0   1.10400e+06
       15875.0   1.06500e+06
       15925.0   1.08400e+06
       15975.0   1.08400e+06
       16050.0   1.07300e+06
       16150.0   1.04800e+06
       16250.0   1.04500e+06
       16350.0   1.01800e+06
       16450.0       993400.
       16550.0       992500.
       16650.0       973000.
       16750.0       940400.
       16850.0       912500.
       16950.0       922500.
       17050.0       892100.
       17150.0       874900.
       17250.0       852400.
       17350.0       812900.
       17450.0       817500.
       17550.0       810100.
       17650.0       793500.
       17750.0       776600.
       17850.0       765800.
       17950.0       751300.
       18050.0       732900.
       18150.0       700500.
       18250.0       698800.
       18350.0       690100.
       18450.0       670500.
       18550.0       664300.
       18650.0       645200.
       18750.0       607700.
       18850.0       624000.
       18950.0       600000.
       19050.0       605000.
       19150.0       591300.
       19250.0       581300.
       19350.0       565000.
       19450.0       536900.
       19550.0       548700.
       19650.0       538000.
       19750.0       525400.
       19850.0       519400.
       19950.0       510100.
       20050.0       504500.
       20150.0       497900.
       20250.0       484100.
       20350.0       472600.
       20450.0       471500.
       20550.0       461300.
       20650.0       450100.
       20750.0       444800.
       20850.0       436900.
       20950.0       426100.
       21050.0       423400.
       21150.0       415100.
       21250.0       407800.
       21350.0       401900.
       21450.0       395800.
       21550.0       388700.
       21650.0       368300.
       21750.0       371900.
       21850.0       367100.
       21950.0       364100.
       22050.0       353800.
       22150.0       352200.
       22250.0       345200.
       22350.0       339600.
       22450.0       334300.
       22550.0       328200.
       22650.0       322300.
       22750.0       319100.
       22850.0       311300.
       22950.0       302500.
       23050.0       301700.
       23150.0       296700.
       23250.0       285400.
       23350.0       284400.
       23450.0       283200.
       23550.0       270500.
       23650.0       272500.
       23750.0       267200.
       23850.0       257300.
       23950.0       259300.
       24050.0       256200.
       24150.0       246700.
       24250.0       246700.
       24350.0       243700.
       24450.0       238200.
       24550.0       232600.
       24650.0       233700.
       24750.0       227900.
       24850.0       221900.
       24950.0       222700.
       25050.0       220000.
       25150.0       214800.
       25250.0       213900.
       25350.0       210700.
       25450.0       206000.
       25550.0       203600.
       25650.0       201000.
       25750.0       199900.
       25850.0       193400.
       25950.0       193300.
       26050.0       191300.
       26150.0       187900.
       26250.0       179800.
       26350.0       182200.
       26450.0       179500.
       26550.0       177200.
       26650.0       173800.
       26750.0       173400.
       26850.0       171700.
       26950.0       169100.
       27050.0       167100.
       27150.0       164600.
       27250.0       162500.
       27350.0       160300.
       27450.0       158600.
       27550.0       155400.
       27650.0       153500.
       27750.0       151700.
       27850.0       149900.
       27950.0       148300.
       28050.0       146200.
       28150.0       144400.
       28250.0       142500.
       28350.0       140900.
       28450.0       138500.
       28550.0       137000.
       28650.0       135000.
       28750.0       132400.
       28850.0       131600.
       28950.0       130100.
       29050.0       128400.
       29150.0       126900.
       29250.0       124500.
       29350.0       123600.
       29450.0       121700.
       29550.0       120500.
       29650.0       119000.
       29750.0       117500.
       29850.0       116000.
       29950.0       114300.
       30050.0       112900.
       30150.0       111800.
       30250.0       110200.
       30350.0       107800.
       30450.0       107100.
       30550.0       106200.
       30650.0       104700.
       30750.0       103800.
       30850.0       102100.
       30950.0       101000.
       31050.0       100000.
       31150.0       97830.0
       31250.0       97540.0
       31350.0       96320.0
       31450.0       95290.0
       31550.0       93700.0
       31650.0       92840.0
       31750.0       91720.0
       31850.0       90690.0
       31950.0       89790.0
       32100.0       88040.0
       32300.0       85980.0
       32500.0       83990.0
       32700.0       82040.0
       32900.0       79510.0
       33100.0       78110.0
       33300.0       76270.0
       33500.0       74820.0
       33700.0       73080.0
       33900.0       71250.0
       34100.0       69630.0
       34300.0       68430.0
       34500.0       66950.0
       34700.0       65480.0
       34900.0       64100.0
       35100.0       62730.0
       35300.0       61250.0
       35500.0       60070.0
       35700.0       58690.0
       35900.0       57420.0
       36100.0       56400.0
       36300.0       55180.0
       36500.0       53780.0
       36700.0       52660.0
       36900.0       51340.0
       37100.0       50270.0
       37300.0       49410.0
       37500.0       47920.0
       37700.0       47510.0
       37900.0       46550.0
       38100.0       45670.0
       38300.0       44890.0
       38500.0       44040.0
       38700.0       43070.0
       38900.0       42180.0
       39100.0       41510.0
       39300.0       40690.0
       39500.0       39740.0
       39700.0       39100.0
       39900.0       38100.0
       40100.0       37510.0
       40300.0       36920.0
       40500.0       35890.0
       40700.0       35450.0
       40900.0       34850.0
       41100.0       34230.0
       41300.0       33660.0
       41500.0       32940.0
       41700.0       32380.0
       41900.0       31770.0
       42100.0       31000.0
       42300.0       30730.0
       42500.0       30070.0
       42700.0       29610.0
       42900.0       28480.0
       43100.0       27650.0
       43300.0       27450.0
       43500.0       26360.0
       43700.0       25820.0
       43900.0       25590.0
       44100.0       24420.0
       44300.0       24300.0
       44500.0       23980.0
       44700.0       23010.0
       44900.0       23010.0
       45100.0       22580.0
       45300.0       21790.0
       45500.0       21710.0
       45700.0       21470.0
       45900.0       20700.0
       46100.0       20640.0
       46300.0       20280.0
       46500.0       19900.0
       46700.0       19700.0
       46900.0       19440.0
       47100.0       19080.0
       47300.0       18950.0
       47500.0       18590.0
       47700.0       18280.0
       47900.0       18020.0
       48100.0       17650.0
       48300.0       17580.0
       48500.0       17240.0
       48700.0       16940.0
       48900.0       16720.0
       49100.0       16460.0
       49300.0       16220.0
       49500.0       15950.0
       49700.0       15740.0
       49900.0       15520.0
       50100.0       15220.0
       50300.0       15100.0
       50500.0       14790.0
       50700.0       14610.0
       50900.0       14430.0
       51100.0       14160.0
       51300.0       13980.0
       51500.0       13790.0
       51700.0       13680.0
       51900.0       13410.0
       52100.0       13200.0
       52300.0       13010.0
       52500.0       12880.0
       52700.0       12740.0
       52900.0       12460.0
       53100.0       12320.0
       53300.0       12160.0
       53500.0       12000.0
       53700.0       11820.0
       53900.0       11690.0
       54100.0       11520.0
       54300.0       11310.0
       54500.0       11210.0
       54700.0       11040.0
       54900.0       10880.0
       55100.0       10760.0
       55300.0       10660.0
       55500.0       10440.0
       55700.0       10380.0
       55900.0       10180.0
       56100.0       10060.0
       56300.0       9914.00
       56500.0       9831.00
       56700.0       9700.00
       56900.0       9524.00
       57100.0       9449.00
       57300.0       9323.00
       57500.0       9200.00
       57700.0       9072.00
       57900.0       8975.00
       58100.0       8840.00
       58300.0       8734.00
       58500.0       8635.00
       58700.0       8503.00
       58900.0       8385.00
       59100.0       8295.00
       59300.0       8198.00
       59500.0       8071.00
       59700.0       8001.00
       59900.0       7899.00
       60100.0       7794.00
       60300.0       7703.00
       60500.0       7600.00
       60700.0       7504.00
       60900.0       7404.00
       61100.0       7298.00
       61300.0       7231.00
       61500.0       7147.00
       61700.0       7062.00
       61900.0       6979.00
       62100.0       6895.00
       62300.0       6788.00
       62500.0       6710.00
       62700.0       6633.00
       62900.0       6560.00
       63100.0       6466.00
       63300.0       6412.00
       63500.0       6327.00
       63700.0       6256.00
       63900.0       6174.00
       64200.0       6071.00
       64600.0       5920.00
       65000.0       5780.00
       65400.0       5653.00
       65800.0       5524.00
       66200.0       5392.00
       66600.0       5271.00
       67000.0       5148.00
       67400.0       5026.00
       67800.0       4916.00
       68200.0       4805.00
       68600.0       4698.00
       69000.0       4592.00
       69400.0       4488.00
       69800.0       4392.00
       70200.0       4288.00
       70600.0       4200.00
       71000.0       4109.00
       71400.0       4019.00
       71800.0       3933.00
       72200.0       3848.00
       72600.0       3765.00
       73000.0       3687.00
       73400.0       3606.00
       73800.0       3533.00
       74200.0       3456.00
       74600.0       3377.00
       75000.0       3313.00
       75400.0       3247.00
       75800.0       3182.00
       76200.0       3116.00
       76600.0       3054.00
       77000.0       2990.00
       77400.0       2932.00
       77800.0       2873.00
       78200.0       2816.00
       78600.0       2760.00
       79000.0       2706.00
       79400.0       2653.00
       79800.0       2601.00
       80200.0       2549.00
       80600.0       2499.00
       81000.0       2453.00
       81400.0       2403.00
       81800.0       2359.00
       82200.0       2315.00
       82600.0       2271.00
       83000.0       2229.00
       83400.0       2185.00
       83800.0       2146.00
       84200.0       2107.00
       84600.0       2068.00
       85000.0       2030.00
       85400.0       1993.00
       85800.0       1957.00
       86200.0       1921.00
       86600.0       1887.00
       87000.0       1853.00
       87400.0       1819.00
       87800.0       1787.00
       88200.0       1754.00
       88600.0       1723.00
       89000.0       1693.00
       89400.0       1664.00
       89800.0       1634.00
       90200.0       1606.00
       90600.0       1580.00
       91000.0       1551.00
       91400.0       1525.00
       91800.0       1500.00
       92200.0       1474.00
       92600.0       1449.00
       93000.0       1425.00
       93400.0       1401.00
       93800.0       1378.00
       94200.0       1355.00
       94600.0       1332.00
       95000.0       1311.00
       95400.0       1289.00
       95800.0       1268.00
       96200.0       1247.00
       96600.0       1227.00
       97000.0       1207.00
       97400.0       1187.00
       97800.0       1168.00
       98200.0       1150.00
       98600.0       1132.00
       99000.0       1114.00
       99400.0       1096.00
       99800.0       1079.00
       100200.       1062.00
       200000.       68.7000
       400000.       4.30700
       600000.      0.846600
       800000.      0.266300
   1.00000e+06      0.108500
   1.20000e+06     0.0520400
   1.40000e+06     0.0279500
   1.60000e+06     0.0163100
