       90.9000       0.00000
       93.5000       0.00000
       96.1000       0.00000
       97.7000       0.00000
       99.6000       0.00000
       102.000       0.00000
       103.800       0.00000
       105.600       0.00000
       107.700       0.00000
       110.400       0.00000
       114.000       0.00000
       117.800       0.00000
       121.300       0.00000
       124.800       0.00000
       127.100       0.00000
       128.400       0.00000
       130.500       0.00000
       132.400       0.00000
       133.900       0.00000
       136.600       0.00000
       139.800       0.00000
       143.300       0.00000
       147.200       0.00000
       151.000       0.00000
       155.200       0.00000
       158.800       0.00000
       162.000       0.00000
       166.000       0.00000
       170.300       0.00000
       173.400       0.00000
       176.800       0.00000
       180.200       0.00000
       181.700       0.00000
       186.100       0.00000
       191.000       0.00000
       193.900       0.00000
       198.400       0.00000
       201.800       0.00000
       205.000       0.00000
       210.500       0.00000
       216.200       0.00000
       219.800       0.00000
       223.000       0.00000
       226.800       0.00000
       230.000       0.00000
       234.000       0.00000
       240.000       0.00000
       246.500       0.00000
       252.400       0.00000
       256.800       0.00000
       260.000       0.00000
       264.000       0.00000
       268.500       0.00000
       273.500       0.00000
       278.500       0.00000
       284.000       0.00000
       290.000       0.00000
       296.000       0.00000
       301.000       0.00000
       308.000       0.00000
       318.000       0.00000
       328.000       0.00000
       338.000       0.00000
       348.000       0.00000
       357.000       0.00000
       366.000       0.00000
       375.000       0.00000
       385.000       0.00000
       395.000       0.00000
       405.000       0.00000
       414.000       0.00000
       422.000       0.00000
       430.000       0.00000
       441.000       0.00000
       451.000       0.00000
       460.000       0.00000
       470.000       0.00000
       480.000       0.00000
       490.000       0.00000
       500.000       0.00000
       506.000       0.00000
       512.000       0.00000
       520.000       0.00000
       530.000       0.00000
       540.000       0.00000
       550.000       0.00000
       560.000       0.00000
       570.000       0.00000
       580.000       0.00000
       590.000       0.00000
       600.000       0.00000
       610.000       0.00000
       620.000       0.00000
       630.000       0.00000
       640.000       0.00000
       650.000       0.00000
       658.000       0.00000
       665.000       0.00000
       675.000       0.00000
       685.000       0.00000
       695.000   2.80400e-25
       705.000   7.90900e-25
       716.000   2.39700e-24
       726.000   6.35800e-24
       735.000   1.49400e-23
       745.000   3.76000e-23
       755.000   9.22600e-23
       765.000   2.20800e-22
       775.000   5.15800e-22
       785.000   1.17800e-21
       795.000   2.61700e-21
       805.000   5.74000e-21
       815.000   1.23100e-20
       825.000   2.58600e-20
       835.000   5.32900e-20
       845.000   1.07700e-19
       855.000   2.13700e-19
       865.000   4.16400e-19
       875.000   7.97300e-19
       885.000   1.50500e-18
       895.000   2.79900e-18
       905.000   5.10700e-18
       915.000   1.43300e-13
       925.000   7.08500e-13
       935.000   1.11600e-12
       945.000   1.65400e-12
       955.000   2.02400e-12
       965.000   4.28900e-12
       975.000   3.86900e-12
       985.000   8.29800e-12
       995.000   1.34000e-11
       1005.00   1.58000e-11
       1015.00   2.24400e-11
       1025.00   3.13200e-11
       1035.00   6.92400e-11
       1045.00   9.82200e-11
       1055.00   1.18900e-10
       1065.00   2.92600e-10
       1075.00   3.91900e-10
       1085.00   7.75100e-10
       1095.00   1.07800e-09
       1105.00   1.52000e-09
       1115.00   2.06200e-09
       1125.00   4.86800e-09
       1135.00   8.33500e-09
       1145.00   1.39200e-08
       1155.00   2.05200e-08
       1165.00   2.58800e-08
       1175.00   4.19200e-08
       1185.00   5.31700e-08
       1195.00   5.60200e-08
       1205.00   4.16700e-08
       1215.00   6.77100e-09
       1225.00   6.64000e-08
       1235.00   2.28000e-07
       1245.00   3.86700e-07
       1255.00   5.73700e-07
       1265.00   7.46800e-07
       1275.00   1.04000e-06
       1285.00   1.11600e-06
       1295.00   1.44500e-06
       1305.00   1.90400e-06
       1315.00   2.41400e-06
       1325.00   2.81000e-06
       1335.00   3.21500e-06
       1345.00   4.36200e-06
       1355.00   5.82500e-06
       1365.00   6.51800e-06
       1375.00   7.20600e-06
       1385.00   8.72500e-06
       1395.00   1.01800e-05
       1405.00   1.42900e-05
       1415.00   1.83700e-05
       1425.00   2.05200e-05
       1435.00   2.89500e-05
       1442.00   4.21700e-05
       1447.00   3.54800e-05
       1455.00   4.21000e-05
       1465.00   6.15300e-05
       1475.00   5.87800e-05
       1485.00   7.53500e-05
       1495.00   0.000116600
       1505.00   0.000169400
       1512.00   9.94400e-05
       1517.00   0.000160600
       1525.00   0.000228900
       1535.00   0.000343400
       1545.00   0.000251000
       1555.00   0.000393500
       1565.00   0.000371000
       1575.00   0.000634200
       1585.00   0.000690900
       1595.00   0.000689100
       1605.00   0.000744000
       1615.00   0.000804500
       1625.00   0.000815100
       1635.00    0.00106800
       1645.00    0.00141400
       1655.00    0.00124000
       1665.00    0.00187300
       1672.00    0.00164600
       1677.00    0.00243700
       1685.00    0.00308100
       1695.00    0.00423000
       1705.00    0.00445000
       1715.00    0.00502200
       1725.00    0.00672400
       1735.00    0.00766100
       1745.00     0.0105000
       1755.00     0.0108000
       1765.00     0.0129000
       1775.00     0.0130000
       1785.00     0.0216000
       1795.00     0.0192900
       1805.00     0.0299100
       1815.00     0.0243500
       1825.00     0.0362300
       1835.00     0.0342600
       1845.00     0.0482100
       1855.00     0.0423400
       1865.00     0.0627900
       1875.00     0.0627000
       1885.00     0.0769500
       1895.00     0.0955700
       1905.00      0.102300
       1915.00      0.136800
       1925.00      0.128100
       1935.00      0.101100
       1945.00      0.173200
       1955.00      0.226200
       1967.00      0.254500
       1976.00      0.286300
       1984.00      0.349500
       1995.00      0.336300
       2005.00      0.396500
       2015.00      0.453100
       2025.00      0.445600
       2035.00      0.549000
       2045.00      0.591900
       2055.00      0.680600
       2065.00      0.688600
       2074.00      0.664200
       2078.00      0.832500
       2085.00      0.966100
       2095.00       1.20700
       2105.00       1.30700
       2115.00       1.41100
       2125.00       1.59900
       2135.00       1.90200
       2145.00       1.63900
       2155.00       1.93900
       2165.00       1.94800
       2175.00       2.12000
       2185.00       2.09200
       2195.00       2.98400
       2205.00       2.75700
       2215.00       3.10300
       2225.00       2.91800
       2235.00       4.20000
       2245.00       4.78000
       2255.00       5.41800
       2265.00       3.87700
       2275.00       6.18400
       2285.00       6.34700
       2295.00       8.97000
       2305.00       4.81500
       2315.00       11.0600
       2325.00       10.0300
       2335.00       13.7400
       2345.00       9.66300
       2355.00       9.59700
       2365.00       11.6500
       2375.00       11.9600
       2385.00       17.4700
       2395.00       17.2900
       2405.00       27.0500
       2415.00       18.6800
       2425.00       22.6300
       2435.00       31.1700
       2445.00       39.7800
       2455.00       45.7600
       2465.00       34.3800
       2475.00       53.5400
       2485.00       29.2500
       2495.00       31.1100
       2505.00       50.4000
       2513.00       40.3000
       2518.00       46.0700
       2525.00       53.9400
       2535.00       95.0900
       2545.00       116.600
       2555.00       121.900
       2565.00       77.1400
       2575.00       111.300
       2585.00       89.5500
       2595.00       104.800
       2605.00       135.600
       2615.00       127.000
       2625.00       184.300
       2635.00       272.500
       2645.00       221.500
       2655.00       302.500
       2665.00       261.800
       2675.00       245.700
       2685.00       310.200
       2695.00       233.200
       2705.00       382.600
       2715.00       366.800
       2725.00       327.400
       2735.00       336.300
       2745.00       474.500
       2755.00       454.800
       2765.00       626.500
       2775.00       806.300
       2785.00       534.000
       2795.00       769.600
       2805.00       753.300
       2815.00       739.500
       2825.00       762.600
       2835.00       647.300
       2845.00       519.400
       2855.00       329.800
       2865.00       774.800
       2875.00       846.700
       2885.00       1344.00
       2895.00       1553.00
       2910.00       1914.00
       2930.00       2173.00
       2950.00       2127.00
       2970.00       2057.00
       2990.00       2519.00
       3010.00       2747.00
       3030.00       3432.00
       3050.00       4134.00
       3070.00       4312.00
       3090.00       3989.00
       3110.00       6333.00
       3130.00       6368.00
       3150.00       9470.00
       3170.00       14510.0
       3190.00       11830.0
       3210.00       15100.0
       3230.00       16120.0
       3250.00       24370.0
       3270.00       32930.0
       3290.00       43010.0
       3310.00       35540.0
       3330.00       40350.0
       3350.00       36200.0
       3370.00       24360.0
       3390.00       33780.0
       3410.00       39520.0
       3430.00       43080.0
       3450.00       35610.0
       3470.00       35590.0
       3490.00       48830.0
       3510.00       66550.0
       3530.00       65380.0
       3550.00       98180.0
       3570.00       44520.0
       3590.00       37510.0
       3610.00       58380.0
       3630.00       79490.0
       3640.00       85610.0
       3650.00       96680.0
       3670.00       132100.
       3690.00       104700.
       3710.00       79130.0
       3730.00       35050.0
       3750.00       46510.0
       3770.00       113400.
       3790.00       127900.
       3810.00       117600.
       3830.00       50980.0
       3850.00       87690.0
       3870.00       81960.0
       3890.00       85840.0
       3910.00       119900.
       3930.00       46420.0
       3950.00       83530.0
       3970.00       64720.0
       3990.00       186200.
       4010.00       254000.
       4030.00       190700.
       4050.00       226700.
       4070.00       213700.
       4090.00       280100.
       4110.00       194300.
       4130.00       225000.
       4150.00       218700.
       4170.00       221700.
       4190.00       229300.
       4210.00       169400.
       4230.00       75200.0
       4250.00       179900.
       4270.00       199900.
       4290.00       197700.
       4310.00       227600.
       4330.00       314800.
       4350.00       328200.
       4370.00       351300.
       4390.00       302800.
       4410.00       309900.
       4430.00       300800.
       4450.00       318100.
       4470.00       353600.
       4490.00       373300.
       4510.00       415900.
       4530.00       341200.
       4550.00       384200.
       4570.00       427900.
       4590.00       372300.
       4610.00       398000.
       4630.00       378300.
       4650.00       359800.
       4670.00       393900.
       4690.00       380500.
       4710.00       380700.
       4730.00       366700.
       4750.00       379500.
       4770.00       249200.
       4790.00       292900.
       4810.00       313300.
       4830.00       338600.
       4850.00       375700.
       4870.00       394000.
       4890.00       431700.
       4910.00       453000.
       4930.00       450300.
       4950.00       417800.
       4970.00       274300.
       4990.00       297600.
       5010.00       234500.
       5030.00       281900.
       5050.00       277200.
       5070.00       286300.
       5090.00       286100.
       5110.00       303100.
       5130.00       296400.
       5150.00       278900.
       5170.00       246800.
       5190.00       238200.
       5210.00       300100.
       5230.00       482900.
       5250.00       480300.
       5270.00       439100.
       5290.00       551200.
       5310.00       610700.
       5330.00       541500.
       5350.00       590200.
       5370.00       570200.
       5390.00       582100.
       5410.00       582300.
       5430.00       581600.
       5450.00       500700.
       5470.00       468500.
       5490.00       517800.
       5510.00       470300.
       5530.00       553300.
       5550.00       589800.
       5570.00       592700.
       5590.00       537500.
       5610.00       445500.
       5630.00       480400.
       5650.00       529400.
       5670.00       518600.
       5690.00       577400.
       5710.00       571700.
       5730.00       646500.
       5750.00       682200.
       5770.00       632000.
       5790.00       656500.
       5810.00       669700.
       5830.00       685400.
       5850.00       629400.
       5870.00       539600.
       5890.00       276500.
       5910.00       430200.
       5930.00       500200.
       5950.00       520000.
       5970.00       539300.
       5990.00       580700.
       6010.00       595600.
       6030.00       651800.
       6050.00       683800.
       6070.00       711100.
       6090.00       731200.
       6110.00       726100.
       6130.00       698400.
       6150.00       739900.
       6170.00       487900.
       6190.00       526600.
       6210.00       512400.
       6230.00       439500.
       6250.00       474300.
       6270.00       541400.
       6290.00       581600.
       6310.00       624700.
       6330.00       655500.
       6350.00       685000.
       6370.00       676300.
       6390.00       698600.
       6410.00       707900.
       6430.00       664800.
       6450.00       663800.
       6470.00       698400.
       6490.00       665300.
       6510.00       716400.
       6530.00       765100.
       6550.00       738400.
       6570.00       737400.
       6590.00       747000.
       6610.00       745700.
       6630.00       725300.
       6650.00       673800.
       6670.00       636200.
       6690.00       553200.
       6710.00       562400.
       6730.00       487000.
       6750.00       504400.
       6770.00       562800.
       6790.00       512400.
       6810.00       554000.
       6830.00       593700.
       6850.00       620700.
       6870.00       628700.
       6890.00       682100.
       6910.00       740700.
       6930.00       731800.
       6950.00       781600.
       6970.00       834900.
       6990.00       846600.
       7010.00       872000.
       7030.00       898300.
       7050.00       842700.
       7070.00       632200.
       7090.00       576600.
       7110.00       562500.
       7130.00       471800.
       7150.00       467800.
       7170.00       514700.
       7190.00       588400.
       7210.00       564100.
       7230.00       652400.
       7250.00       707100.
       7270.00       770700.
       7290.00       810700.
       7310.00       852500.
       7330.00       874600.
       7350.00       901300.
       7370.00       943200.
       7390.00       961700.
       7410.00       967700.
       7430.00       984800.
       7450.00       985900.
       7470.00       997200.
       7490.00   1.00100e+06
       7510.00   1.01000e+06
       7530.00   1.01700e+06
       7550.00   1.01800e+06
       7570.00   1.01700e+06
       7590.00       964000.
       7610.00       936800.
       7630.00       908500.
       7650.00       894100.
       7670.00       789300.
       7690.00       809700.
       7710.00       779200.
       7730.00       831800.
       7750.00       807000.
       7770.00       812700.
       7790.00       819700.
       7810.00       856100.
       7830.00       840800.
       7850.00       851600.
       7870.00       875900.
       7890.00       904000.
       7910.00       893900.
       7930.00       905200.
       7950.00       907100.
       7970.00       947200.
       7990.00       941200.
       8010.00       951100.
       8030.00       961000.
       8050.00       968400.
       8070.00       966700.
       8090.00       977600.
       8110.00       985800.
       8130.00       997000.
       8150.00   1.00000e+06
       8170.00       998700.
       8190.00       910500.
       8210.00       935900.
       8230.00       956700.
       8250.00       958900.
       8270.00       958100.
       8290.00       935300.
       8310.00       926400.
       8330.00       921700.
       8350.00       920500.
       8370.00       918400.
       8390.00       872300.
       8410.00       925300.
       8430.00       873800.
       8450.00       887100.
       8470.00       871800.
       8490.00       884400.
       8510.00       850600.
       8530.00       881800.
       8550.00       810200.
       8570.00       915200.
       8590.00       917400.
       8610.00       923000.
       8630.00       936400.
       8650.00       937700.
       8670.00       841700.
       8690.00       903300.
       8710.00       955000.
       8730.00       952200.
       8750.00       954800.
       8770.00       949700.
       8790.00       962300.
       8810.00       939300.
       8830.00       941800.
       8850.00       952300.
       8870.00       832200.
       8890.00       845500.
       8910.00       866500.
       8930.00       869100.
       8950.00       850800.
       8970.00       863100.
       8990.00       883800.
       9010.00       866900.
       9030.00       887600.
       9050.00       906300.
       9070.00       916700.
       9090.00       901000.
       9110.00       908500.
       9130.00       923800.
       9150.00       927100.
       9170.00       929100.
       9190.00       934100.
       9210.00       924800.
       9230.00       922900.
       9250.00       914300.
       9270.00       916400.
       9290.00       905700.
       9310.00       913600.
       9330.00       913500.
       9350.00       913300.
       9370.00       901000.
       9390.00       909900.
       9410.00       904000.
       9430.00       910400.
       9450.00       895900.
       9470.00       908500.
       9490.00       911400.
       9510.00       908800.
       9530.00       904800.
       9550.00       889300.
       9570.00       898700.
       9590.00       908100.
       9610.00       891000.
       9630.00       902400.
       9650.00       861900.
       9670.00       867700.
       9690.00       888100.
       9710.00       879400.
       9730.00       860300.
       9750.00       858800.
       9770.00       867800.
       9790.00       846000.
       9810.00       874200.
       9830.00       857400.
       9850.00       869200.
       9870.00       870600.
       9890.00       870700.
       9910.00       862800.
       9930.00       861800.
       9950.00       864300.
       9970.00       866500.
       9990.00       865500.
       10025.0       856900.
       10075.0       855100.
       10125.0       856900.
       10175.0       851700.
       10225.0       850600.
       10275.0       850300.
       10325.0       837700.
       10375.0       837700.
       10425.0       841000.
       10475.0       831700.
       10525.0       834200.
       10575.0       825100.
       10625.0       825300.
       10675.0       814200.
       10725.0       811100.
       10775.0       810200.
       10825.0       796200.
       10875.0       800400.
       10925.0       796600.
       10975.0       787000.
       11025.0       781200.
       11075.0       776500.
       11125.0       771500.
       11175.0       766000.
       11225.0       766800.
       11275.0       753400.
       11325.0       753900.
       11375.0       740700.
       11425.0       732400.
       11475.0       746600.
       11525.0       745200.
       11575.0       738200.
       11625.0       725000.
       11675.0       725500.
       11725.0       731500.
       11775.0       713500.
       11825.0       713200.
       11875.0       704600.
       11925.0       715800.
       11975.0       692200.
       12025.0       706600.
       12075.0       699900.
       12125.0       702600.
       12175.0       700700.
       12225.0       697200.
       12275.0       692700.
       12325.0       688900.
       12375.0       686800.
       12425.0       680300.
       12475.0       679800.
       12525.0       673300.
       12575.0       672900.
       12625.0       669000.
       12675.0       663000.
       12725.0       663600.
       12775.0       662000.
       12825.0       644900.
       12875.0       652000.
       12925.0       643900.
       12975.0       649500.
       13025.0       645000.
       13075.0       642600.
       13125.0       624200.
       13175.0       626900.
       13225.0       632500.
       13275.0       621900.
       13325.0       601500.
       13375.0       581800.
       13425.0       573500.
       13475.0       582600.
       13525.0       570900.
       13575.0       571100.
       13625.0       563200.
       13675.0       572600.
       13725.0       572600.
       13775.0       571800.
       13825.0       569000.
       13875.0       556000.
       13925.0       524200.
       13975.0       530900.
       14025.0       534900.
       14075.0       535100.
       14125.0       522100.
       14175.0       522500.
       14225.0       521600.
       14275.0       507000.
       14325.0       518700.
       14375.0       515100.
       14425.0       514600.
       14475.0       514700.
       14525.0       509300.
       14570.0       507800.
       14620.0       490500.
       14675.0       490100.
       14725.0       496400.
       14775.0       490800.
       14825.0       493200.
       14875.0       485100.
       14925.0       498400.
       14975.0       501700.
       15025.0       471900.
       15075.0       488100.
       15125.0       494800.
       15175.0       494000.
       15225.0       501200.
       15275.0       491500.
       15325.0       498100.
       15375.0       490500.
       15425.0       481900.
       15475.0       500800.
       15525.0       488900.
       15575.0       489500.
       15625.0       498800.
       15675.0       493900.
       15725.0       488300.
       15775.0       475900.
       15825.0       495900.
       15875.0       486600.
       15925.0       495200.
       15975.0       500200.
       16050.0       495200.
       16150.0       491400.
       16250.0       487600.
       16350.0       492700.
       16450.0       489400.
       16550.0       491200.
       16650.0       481800.
       16750.0       465800.
       16850.0       467000.
       16950.0       460000.
       17050.0       445500.
       17150.0       423100.
       17250.0       418600.
       17350.0       405100.
       17450.0       395100.
       17550.0       377100.
       17650.0       367300.
       17750.0       351400.
       17850.0       340100.
       17950.0       332900.
       18050.0       318500.
       18150.0       313700.
       18250.0       307400.
       18350.0       302200.
       18450.0       285300.
       18550.0       276800.
       18650.0       274900.
       18750.0       269200.
       18850.0       275400.
       18950.0       266400.
       19050.0       269500.
       19150.0       266000.
       19250.0       262800.
       19350.0       253500.
       19450.0       249600.
       19550.0       250700.
       19650.0       247600.
       19750.0       235300.
       19850.0       230300.
       19950.0       226400.
       20050.0       227600.
       20150.0       221900.
       20250.0       217700.
       20350.0       216500.
       20450.0       213200.
       20550.0       212100.
       20650.0       205900.
       20750.0       206400.
       20850.0       201700.
       20950.0       200900.
       21050.0       200000.
       21150.0       198200.
       21250.0       196900.
       21350.0       196700.
       21450.0       195400.
       21550.0       194500.
       21650.0       194700.
       21750.0       190900.
       21850.0       190900.
       21950.0       189700.
       22050.0       183200.
       22150.0       188200.
       22250.0       183400.
       22350.0       183500.
       22450.0       182400.
       22550.0       180800.
       22650.0       176200.
       22750.0       176900.
       22850.0       173400.
       22950.0       157700.
       23050.0       162000.
       23150.0       160000.
       23250.0       145800.
       23350.0       147700.
       23450.0       149100.
       23550.0       135500.
       23650.0       140900.
       23750.0       140600.
       23850.0       127000.
       23950.0       130000.
       24050.0       124700.
       24150.0       117500.
       24250.0       116400.
       24350.0       113000.
       24450.0       107100.
       24550.0       103800.
       24650.0       101600.
       24750.0       98100.0
       24850.0       94210.0
       24950.0       93580.0
       25050.0       91200.0
       25150.0       87460.0
       25250.0       84560.0
       25350.0       84580.0
       25450.0       83760.0
       25550.0       83660.0
       25650.0       79930.0
       25750.0       81610.0
       25850.0       81200.0
       25950.0       80440.0
       26050.0       80420.0
       26150.0       82330.0
       26250.0       81110.0
       26350.0       81080.0
       26450.0       79050.0
       26550.0       80640.0
       26650.0       79240.0
       26750.0       77090.0
       26850.0       76660.0
       26950.0       73030.0
       27050.0       73470.0
       27150.0       70520.0
       27250.0       68160.0
       27350.0       67810.0
       27450.0       67750.0
       27550.0       65230.0
       27650.0       64410.0
       27750.0       64210.0
       27850.0       61960.0
       27950.0       63070.0
       28050.0       58410.0
       28150.0       59490.0
       28250.0       58550.0
       28350.0       57840.0
       28450.0       58190.0
       28550.0       56120.0
       28650.0       56770.0
       28750.0       56030.0
       28850.0       54820.0
       28950.0       55470.0
       29050.0       52620.0
       29150.0       54700.0
       29250.0       49730.0
       29350.0       53550.0
       29450.0       48570.0
       29550.0       51120.0
       29650.0       48560.0
       29750.0       49990.0
       29850.0       47200.0
       29950.0       49290.0
       30050.0       45880.0
       30150.0       48800.0
       30250.0       45190.0
       30350.0       46890.0
       30450.0       44760.0
       30550.0       45800.0
       30650.0       45220.0
       30750.0       44430.0
       30850.0       43640.0
       30950.0       42780.0
       31050.0       43820.0
       31150.0       42290.0
       31250.0       43140.0
       31350.0       41590.0
       31450.0       42000.0
       31550.0       41230.0
       31650.0       41790.0
       31750.0       40600.0
       31850.0       41070.0
       31950.0       40140.0
       32100.0       40520.0
       32300.0       39680.0
       32500.0       39430.0
       32700.0       38870.0
       32900.0       38460.0
       33100.0       38340.0
       33300.0       37740.0
       33500.0       37310.0
       33700.0       37200.0
       33900.0       36500.0
       34100.0       36190.0
       34300.0       36370.0
       34500.0       35060.0
       34700.0       35510.0
       34900.0       34690.0
       35100.0       34290.0
       35300.0       33690.0
       35500.0       33670.0
       35700.0       32830.0
       35900.0       32550.0
       36100.0       32390.0
       36300.0       31640.0
       36500.0       31250.0
       36700.0       30880.0
       36900.0       30440.0
       37100.0       29860.0
       37300.0       29540.0
       37500.0       29420.0
       37700.0       28530.0
       37900.0       28600.0
       38100.0       27900.0
       38300.0       27370.0
       38500.0       27070.0
       38700.0       26720.0
       38900.0       26060.0
       39100.0       25680.0
       39300.0       25260.0
       39500.0       24870.0
       39700.0       24320.0
       39900.0       23370.0
       40100.0       23210.0
       40300.0       22790.0
       40500.0       21920.0
       40700.0       21420.0
       40900.0       20920.0
       41100.0       20700.0
       41300.0       20190.0
       41500.0       19990.0
       41700.0       19280.0
       41900.0       19210.0
       42100.0       18650.0
       42300.0       18650.0
       42500.0       17950.0
       42700.0       17760.0
       42900.0       17120.0
       43100.0       16230.0
       43300.0       16290.0
       43500.0       15470.0
       43700.0       15000.0
       43900.0       14780.0
       44100.0       14180.0
       44300.0       13810.0
       44500.0       13670.0
       44700.0       13180.0
       44900.0       13060.0
       45100.0       12750.0
       45300.0       12450.0
       45500.0       12340.0
       45700.0       12160.0
       45900.0       11840.0
       46100.0       11770.0
       46300.0       11520.0
       46500.0       11500.0
       46700.0       11280.0
       46900.0       11150.0
       47100.0       11010.0
       47300.0       10890.0
       47500.0       10700.0
       47700.0       10430.0
       47900.0       10390.0
       48100.0       10050.0
       48300.0       10170.0
       48500.0       9863.00
       48700.0       9639.00
       48900.0       9490.00
       49100.0       9541.00
       49300.0       9192.00
       49500.0       9141.00
       49700.0       8958.00
       49900.0       8880.00
       50100.0       8632.00
       50300.0       8492.00
       50500.0       8406.00
       50700.0       8305.00
       50900.0       8141.00
       51100.0       8065.00
       51300.0       7925.00
       51500.0       7883.00
       51700.0       7636.00
       51900.0       7590.00
       52100.0       7556.00
       52300.0       7383.00
       52500.0       7245.00
       52700.0       7229.00
       52900.0       7031.00
       53100.0       7040.00
       53300.0       6876.00
       53500.0       6790.00
       53700.0       6688.00
       53900.0       6696.00
       54100.0       6515.00
       54300.0       6286.00
       54500.0       6395.00
       54700.0       6293.00
       54900.0       6243.00
       55100.0       6140.00
       55300.0       6056.00
       55500.0       5904.00
       55700.0       5892.00
       55900.0       5888.00
       56100.0       5763.00
       56300.0       5683.00
       56500.0       5644.00
       56700.0       5538.00
       56900.0       5415.00
       57100.0       5462.00
       57300.0       5269.00
       57500.0       5426.00
       57700.0       5249.00
       57900.0       5128.00
       58100.0       5183.00
       58300.0       5035.00
       58500.0       4995.00
       58700.0       4969.00
       58900.0       4941.00
       59100.0       4846.00
       59300.0       4841.00
       59500.0       4778.00
       59700.0       4700.00
       59900.0       4676.00
       60100.0       4704.00
       60300.0       4527.00
       60500.0       4444.00
       60700.0       4526.00
       60900.0       4488.00
       61100.0       4332.00
       61300.0       4457.00
       61500.0       4299.00
       61700.0       4279.00
       61900.0       4235.00
       62100.0       4199.00
       62300.0       4193.00
       62500.0       4077.00
       62700.0       4013.00
       62900.0       4021.00
       63100.0       3943.00
       63300.0       3919.00
       63500.0       3792.00
       63700.0       3824.00
       63900.0       3736.00
       64200.0       3619.00
       64600.0       3405.00
       65000.0       3284.00
       65400.0       3167.00
       65800.0       3030.00
       66200.0       2950.00
       66600.0       2894.00
       67000.0       2809.00
       67400.0       2773.00
       67800.0       2671.00
       68200.0       2617.00
       68600.0       2600.00
       69000.0       2523.00
       69400.0       2461.00
       69800.0       2454.00
       70200.0       2373.00
       70600.0       2330.00
       71000.0       2275.00
       71400.0       2239.00
       71800.0       2217.00
       72200.0       2138.00
       72600.0       2105.00
       73000.0       2078.00
       73400.0       2032.00
       73800.0       2003.00
       74200.0       1944.00
       74600.0       1932.00
       75000.0       1883.00
       75400.0       1850.00
       75800.0       1795.00
       76200.0       1746.00
       76600.0       1718.00
       77000.0       1699.00
       77400.0       1639.00
       77800.0       1624.00
       78200.0       1586.00
       78600.0       1555.00
       79000.0       1510.00
       79400.0       1498.00
       79800.0       1452.00
       80200.0       1444.00
       80600.0       1402.00
       81000.0       1375.00
       81400.0       1358.00
       81800.0       1338.00
       82200.0       1303.00
       82600.0       1294.00
       83000.0       1260.00
       83400.0       1235.00
       83800.0       1206.00
       84200.0       1207.00
       84600.0       1178.00
       85000.0       1153.00
       85400.0       1143.00
       85800.0       1119.00
       86200.0       1103.00
       86600.0       1084.00
       87000.0       1078.00
       87400.0       1041.00
       87800.0       1030.00
       88200.0       1013.00
       88600.0       1000.00
       89000.0       985.500
       89400.0       969.300
       89800.0       949.800
       90200.0       944.700
       90600.0       927.200
       91000.0       914.700
       91400.0       898.400
       91800.0       885.500
       92200.0       870.600
       92600.0       852.400
       93000.0       845.500
       93400.0       831.800
       93800.0       817.400
       94200.0       802.400
       94600.0       790.300
       95000.0       778.900
       95400.0       776.700
       95800.0       753.300
       96200.0       741.500
       96600.0       729.800
       97000.0       720.100
       97400.0       712.400
       97800.0       700.400
       98200.0       691.100
       98600.0       681.100
       99000.0       657.100
       99400.0       657.500
       99800.0       645.800
       100200.       636.200
       200000.       44.9700
       400000.       2.95500
       600000.      0.590400
       800000.      0.187300
   1.00000e+06     0.0766900
   1.20000e+06     0.0369300
   1.40000e+06     0.0198900
   1.60000e+06     0.0116300
