       90.9000   2.63900e-11
       93.5000   1.01000e-10
       96.1000   3.56700e-10
       97.7000   7.62000e-10
       99.6000   1.80100e-09
       102.000   5.10700e-09
       103.800   1.08500e-08
       105.600   2.24900e-08
       107.700   5.11700e-08
       110.400   1.41100e-07
       114.000   5.09700e-07
       117.800   1.83400e-06
       121.300   5.60700e-06
       124.800   1.62000e-05
       127.100   3.16300e-05
       128.400   4.57300e-05
       130.500   8.17800e-05
       132.400   0.000136500
       133.900   0.000202900
       136.600   0.000405200
       139.800   0.000900100
       143.300    0.00206300
       147.200    0.00492400
       151.000     0.0114100
       155.200     0.0271900
       158.800     0.0554000
       162.000      0.101900
       166.000      0.213100
       170.300      0.450300
       173.400      0.757300
       176.800       1.32300
       180.200       2.25400
       181.700       2.81100
       186.100       5.45500
       191.000       10.9300
       193.900       16.2700
       198.400       29.3700
       201.800       44.8900
       205.000       66.6900
       210.500       127.300
       216.200       238.900
       219.800       352.900
       223.000       490.100
       226.800       716.300
       230.000       714000.
       234.000   2.11700e+06
       240.000   2.91200e+06
       246.500   4.39200e+06
       252.400   7.78300e+06
       256.800   1.02800e+07
       260.000   1.41500e+07
       264.000   5.30900e+07
       268.500   7.41300e+07
       273.500   9.30700e+07
       278.500   6.91900e+07
       284.000   1.71700e+08
       290.000   2.59400e+08
       296.000   2.10900e+08
       301.000   3.31000e+08
       308.000   1.64000e+09
       318.000   1.04700e+09
       328.000   1.91100e+09
       338.000   1.90900e+09
       348.000   2.30300e+09
       357.000   6.02400e+09
       366.000   1.34800e+10
       375.000   1.73900e+10
       385.000   1.60300e+10
       395.000   2.87200e+10
       405.000   4.57400e+10
       414.000   4.37900e+10
       422.000   4.24900e+10
       430.000   3.93300e+10
       441.000   4.83000e+10
       451.000   4.95600e+10
       460.000   4.11800e+10
       470.000   4.45800e+10
       480.000   5.24200e+10
       490.000   3.63700e+10
       500.000   5.50200e+10
       506.000   4.13800e+10
       512.000   8.15100e+10
       520.000   7.54600e+10
       530.000   6.72900e+10
       540.000   5.79200e+10
       550.000   5.02800e+10
       560.000   7.02600e+10
       570.000   8.49400e+10
       580.000   8.12200e+10
       590.000   8.20300e+10
       600.000   6.24600e+10
       610.000   6.16000e+10
       620.000   8.30700e+10
       630.000   7.67900e+10
       640.000   8.60000e+10
       650.000   7.97500e+10
       658.000   6.66400e+10
       665.000   8.07300e+10
       675.000   8.71300e+10
       685.000   7.08000e+10
       695.000   8.37800e+10
       705.000   6.58400e+10
       716.000   8.50700e+10
       726.000   8.49600e+10
       735.000   8.50800e+10
       745.000   7.83800e+10
       755.000   7.69700e+10
       765.000   6.86800e+10
       775.000   7.56400e+10
       785.000   6.62200e+10
       795.000   7.39900e+10
       805.000   7.32800e+10
       815.000   7.29500e+10
       825.000   7.33400e+10
       835.000   6.05400e+10
       845.000   6.98000e+10
       855.000   6.65500e+10
       865.000   6.91800e+10
       875.000   6.86600e+10
       885.000   6.71700e+10
       895.000   6.62000e+10
       905.000   6.39200e+10
       915.000   5.36300e+10
       925.000   9.06100e+10
       935.000   1.19700e+11
       945.000   1.28300e+11
       955.000   1.38300e+11
       965.000   1.44100e+11
       975.000   1.07200e+11
       985.000   1.26800e+11
       995.000   1.15000e+11
       1005.00   1.14100e+11
       1015.00   1.18100e+11
       1025.00   1.09300e+11
       1035.00   1.19100e+11
       1045.00   1.22600e+11
       1055.00   1.19000e+11
       1065.00   1.12700e+11
       1075.00   1.11900e+11
       1085.00   1.05800e+11
       1095.00   1.07400e+11
       1105.00   1.04200e+11
       1115.00   1.01600e+11
       1125.00   9.54600e+10
       1135.00   9.89900e+10
       1145.00   9.79900e+10
       1155.00   9.19100e+10
       1165.00   8.84900e+10
       1175.00   7.39500e+10
       1185.00   8.25300e+10
       1195.00   7.93100e+10
       1205.00   7.79700e+10
       1215.00   6.85800e+10
       1225.00   7.36800e+10
       1235.00   7.42400e+10
       1245.00   7.22400e+10
       1255.00   7.21600e+10
       1265.00   7.26000e+10
       1275.00   7.29300e+10
       1285.00   7.19500e+10
       1295.00   7.07200e+10
       1305.00   6.83400e+10
       1315.00   6.84900e+10
       1325.00   6.70200e+10
       1335.00   6.55500e+10
       1345.00   6.50700e+10
       1355.00   6.21800e+10
       1365.00   6.01500e+10
       1375.00   5.79800e+10
       1385.00   5.75200e+10
       1395.00   5.43900e+10
       1405.00   5.19300e+10
       1415.00   5.58500e+10
       1425.00   5.12900e+10
       1435.00   5.31200e+10
       1442.00   5.12700e+10
       1447.00   5.12100e+10
       1455.00   4.94000e+10
       1465.00   4.91300e+10
       1475.00   4.86600e+10
       1485.00   4.86900e+10
       1495.00   4.72300e+10
       1505.00   4.70600e+10
       1512.00   4.66600e+10
       1517.00   4.58900e+10
       1525.00   4.51400e+10
       1535.00   4.14800e+10
       1545.00   3.42900e+10
       1555.00   3.51800e+10
       1565.00   3.87100e+10
       1575.00   3.98000e+10
       1585.00   3.92200e+10
       1595.00   3.89500e+10
       1605.00   3.67900e+10
       1615.00   3.57000e+10
       1625.00   3.58500e+10
       1635.00   3.57300e+10
       1645.00   3.45900e+10
       1655.00   3.53700e+10
       1665.00   3.46500e+10
       1672.00   3.26400e+10
       1677.00   3.56400e+10
       1685.00   3.46900e+10
       1695.00   3.40700e+10
       1705.00   3.32300e+10
       1715.00   3.17500e+10
       1725.00   3.13400e+10
       1735.00   3.20600e+10
       1745.00   3.15800e+10
       1755.00   3.08200e+10
       1765.00   3.04500e+10
       1775.00   2.97800e+10
       1785.00   2.97200e+10
       1795.00   2.88500e+10
       1805.00   2.85400e+10
       1815.00   2.80200e+10
       1825.00   2.74600e+10
       1835.00   2.73200e+10
       1845.00   2.69500e+10
       1855.00   2.66000e+10
       1865.00   2.62400e+10
       1875.00   2.55700e+10
       1885.00   2.51200e+10
       1895.00   2.51700e+10
       1905.00   2.48800e+10
       1915.00   2.44800e+10
       1925.00   2.34100e+10
       1935.00   2.38100e+10
       1945.00   2.34900e+10
       1955.00   2.25800e+10
       1967.00   2.25900e+10
       1976.00   2.22900e+10
       1984.00   2.21300e+10
       1995.00   2.16800e+10
       2005.00   2.15200e+10
       2015.00   2.11700e+10
       2025.00   2.08400e+10
       2035.00   2.04600e+10
       2045.00   2.00500e+10
       2055.00   1.54000e+10
       2065.00   1.49400e+10
       2074.00   1.55000e+10
       2078.00   1.59600e+10
       2085.00   1.74700e+10
       2095.00   1.84800e+10
       2105.00   1.82100e+10
       2115.00   1.82100e+10
       2125.00   1.78300e+10
       2135.00   1.76900e+10
       2145.00   1.74100e+10
       2155.00   1.73700e+10
       2165.00   1.65400e+10
       2175.00   1.69100e+10
       2185.00   1.63200e+10
       2195.00   1.65000e+10
       2205.00   1.62400e+10
       2215.00   1.56200e+10
       2225.00   1.57500e+10
       2235.00   1.55500e+10
       2245.00   1.52900e+10
       2255.00   1.47900e+10
       2265.00   1.48700e+10
       2275.00   1.47100e+10
       2285.00   1.43900e+10
       2295.00   1.38500e+10
       2305.00   1.37500e+10
       2315.00   1.37500e+10
       2325.00   1.36600e+10
       2335.00   1.34700e+10
       2345.00   1.32200e+10
       2355.00   1.30000e+10
       2365.00   1.28000e+10
       2375.00   1.25600e+10
       2385.00   1.20300e+10
       2395.00   1.21400e+10
       2405.00   1.20300e+10
       2415.00   1.18900e+10
       2425.00   1.18100e+10
       2435.00   1.16200e+10
       2445.00   1.14800e+10
       2455.00   1.12800e+10
       2465.00   1.11500e+10
       2475.00   1.10500e+10
       2485.00   1.08000e+10
       2495.00   9.29000e+09
       2505.00   1.05000e+10
       2513.00   9.96300e+09
       2518.00   1.02000e+10
       2525.00   1.02400e+10
       2535.00   1.01900e+10
       2545.00   1.00700e+10
       2555.00   9.92400e+09
       2565.00   9.80500e+09
       2575.00   9.66500e+09
       2585.00   9.54700e+09
       2595.00   9.31000e+09
       2605.00   9.30800e+09
       2615.00   9.12500e+09
       2625.00   9.07300e+09
       2635.00   8.97100e+09
       2645.00   8.82400e+09
       2655.00   8.73700e+09
       2665.00   8.61400e+09
       2675.00   8.42400e+09
       2685.00   8.38700e+09
       2695.00   8.27000e+09
       2705.00   8.21400e+09
       2715.00   8.08600e+09
       2725.00   7.99600e+09
       2735.00   7.73100e+09
       2745.00   7.81600e+09
       2755.00   7.70400e+09
       2765.00   7.60800e+09
       2775.00   7.51800e+09
       2785.00   7.39100e+09
       2795.00   7.27100e+09
       2805.00   7.23200e+09
       2815.00   7.15100e+09
       2825.00   7.05600e+09
       2835.00   6.98100e+09
       2845.00   6.91000e+09
       2855.00   6.82300e+09
       2865.00   6.71700e+09
       2875.00   6.63800e+09
       2885.00   6.57400e+09
       2895.00   6.49700e+09
       2910.00   6.37600e+09
       2930.00   6.24100e+09
       2950.00   6.09200e+09
       2970.00   5.93800e+09
       2990.00   5.77500e+09
       3010.00   5.64800e+09
       3030.00   5.48900e+09
       3050.00   5.39000e+09
       3070.00   5.26500e+09
       3090.00   5.16700e+09
       3110.00   5.05600e+09
       3130.00   4.94100e+09
       3150.00   4.84600e+09
       3170.00   4.73400e+09
       3190.00   4.63800e+09
       3210.00   4.47500e+09
       3230.00   4.44100e+09
       3250.00   4.35100e+09
       3270.00   4.22000e+09
       3290.00   4.15700e+09
       3310.00   4.06500e+09
       3330.00   3.97900e+09
       3350.00   3.87500e+09
       3370.00   3.81100e+09
       3390.00   3.73700e+09
       3410.00   3.65700e+09
       3430.00   3.59300e+09
       3450.00   3.50200e+09
       3470.00   3.44700e+09
       3490.00   3.37900e+09
       3510.00   3.31500e+09
       3530.00   3.24300e+09
       3550.00   3.17900e+09
       3570.00   3.11900e+09
       3590.00   3.05600e+09
       3610.00   2.99100e+09
       3630.00   2.93200e+09
       3640.00   2.85800e+09
       3650.00   2.60600e+09
       3670.00   2.56000e+09
       3690.00   2.52400e+09
       3710.00   2.49500e+09
       3730.00   2.49800e+09
       3750.00   2.52100e+09
       3770.00   2.51500e+09
       3790.00   2.52000e+09
       3810.00   2.52600e+09
       3830.00   2.40000e+09
       3850.00   2.46600e+09
       3870.00   2.42600e+09
       3890.00   2.26300e+09
       3910.00   2.35800e+09
       3930.00   2.29100e+09
       3950.00   2.26300e+09
       3970.00   2.09100e+09
       3990.00   2.19200e+09
       4010.00   2.15000e+09
       4030.00   2.08400e+09
       4050.00   2.07800e+09
       4070.00   2.03400e+09
       4090.00   1.96600e+09
       4110.00   1.86000e+09
       4130.00   1.92900e+09
       4150.00   1.89600e+09
       4170.00   1.86900e+09
       4190.00   1.83300e+09
       4210.00   1.78600e+09
       4230.00   1.77700e+09
       4250.00   1.74500e+09
       4270.00   1.71500e+09
       4290.00   1.68700e+09
       4310.00   1.65400e+09
       4330.00   1.59600e+09
       4350.00   1.52500e+09
       4370.00   1.57200e+09
       4390.00   1.53900e+09
       4410.00   1.51500e+09
       4430.00   1.49600e+09
       4450.00   1.47100e+09
       4470.00   1.43900e+09
       4490.00   1.42500e+09
       4510.00   1.39500e+09
       4530.00   1.37500e+09
       4550.00   1.33700e+09
       4570.00   1.33400e+09
       4590.00   1.31200e+09
       4610.00   1.29300e+09
       4630.00   1.26700e+09
       4650.00   1.22500e+09
       4670.00   1.23000e+09
       4690.00   1.18000e+09
       4710.00   1.19400e+09
       4730.00   1.18000e+09
       4750.00   1.16200e+09
       4770.00   1.14400e+09
       4790.00   1.12600e+09
       4810.00   1.10900e+09
       4830.00   1.09100e+09
       4850.00   1.06300e+09
       4870.00   1.00000e+09
       4890.00   1.04200e+09
       4910.00   1.02700e+09
       4930.00   1.00800e+09
       4950.00   9.96600e+08
       4970.00   9.82300e+08
       4990.00   9.68100e+08
       5010.00   9.50200e+08
       5030.00   9.38800e+08
       5050.00   9.24700e+08
       5070.00   9.12300e+08
       5090.00   8.99300e+08
       5110.00   8.86300e+08
       5130.00   8.73200e+08
       5150.00   8.60700e+08
       5170.00   8.48500e+08
       5190.00   8.36400e+08
       5210.00   8.24500e+08
       5230.00   8.13000e+08
       5250.00   8.00300e+08
       5270.00   7.88800e+08
       5290.00   7.79100e+08
       5310.00   7.68200e+08
       5330.00   7.57400e+08
       5350.00   7.47100e+08
       5370.00   7.36700e+08
       5390.00   7.26500e+08
       5410.00   7.06500e+08
       5430.00   7.06800e+08
       5450.00   6.97100e+08
       5470.00   6.87400e+08
       5490.00   6.78300e+08
       5510.00   6.68500e+08
       5530.00   6.60100e+08
       5550.00   6.51300e+08
       5570.00   6.42100e+08
       5590.00   6.32000e+08
       5610.00   6.25600e+08
       5630.00   6.17300e+08
       5650.00   6.09100e+08
       5670.00   6.01100e+08
       5690.00   5.84700e+08
       5710.00   5.50300e+08
       5730.00   5.43300e+08
       5750.00   5.36400e+08
       5770.00   5.30000e+08
       5790.00   5.24100e+08
       5810.00   5.16700e+08
       5830.00   5.14100e+08
       5850.00   5.10500e+08
       5870.00   5.02100e+08
       5890.00   5.03100e+08
       5910.00   5.00000e+08
       5930.00   4.97400e+08
       5950.00   4.95300e+08
       5970.00   4.92300e+08
       5990.00   4.88400e+08
       6010.00   4.83000e+08
       6030.00   4.77000e+08
       6050.00   4.71400e+08
       6070.00   4.65100e+08
       6090.00   4.60200e+08
       6110.00   4.53900e+08
       6130.00   4.48400e+08
       6150.00   4.43600e+08
       6170.00   4.36600e+08
       6190.00   4.33100e+08
       6210.00   4.27900e+08
       6230.00   4.20800e+08
       6250.00   4.17400e+08
       6270.00   4.12600e+08
       6290.00   4.07700e+08
       6310.00   4.00400e+08
       6330.00   3.98000e+08
       6350.00   3.93300e+08
       6370.00   3.88700e+08
       6390.00   3.84000e+08
       6410.00   3.76800e+08
       6430.00   3.75200e+08
       6450.00   3.70600e+08
       6470.00   3.66200e+08
       6490.00   3.62100e+08
       6510.00   3.57800e+08
       6530.00   3.50500e+08
       6550.00   3.47100e+08
       6570.00   3.24100e+08
       6590.00   3.41500e+08
       6610.00   3.37900e+08
       6630.00   3.34100e+08
       6650.00   3.30300e+08
       6670.00   3.24900e+08
       6690.00   3.18500e+08
       6710.00   3.18700e+08
       6730.00   3.15300e+08
       6750.00   3.11800e+08
       6770.00   3.08500e+08
       6790.00   3.05200e+08
       6810.00   3.01800e+08
       6830.00   2.98400e+08
       6850.00   2.95100e+08
       6870.00   2.91800e+08
       6890.00   2.85500e+08
       6910.00   2.85400e+08
       6930.00   2.82400e+08
       6950.00   2.79300e+08
       6970.00   2.76300e+08
       6990.00   2.73300e+08
       7010.00   2.70200e+08
       7030.00   2.67000e+08
       7050.00   2.64400e+08
       7070.00   2.60200e+08
       7090.00   2.58900e+08
       7110.00   2.56100e+08
       7130.00   2.53300e+08
       7150.00   2.50700e+08
       7170.00   2.46100e+08
       7190.00   2.44600e+08
       7210.00   2.42900e+08
       7230.00   2.40300e+08
       7250.00   2.37800e+08
       7270.00   2.35300e+08
       7290.00   2.32400e+08
       7310.00   2.30300e+08
       7330.00   2.28000e+08
       7350.00   2.25700e+08
       7370.00   2.23300e+08
       7390.00   2.21000e+08
       7410.00   2.18700e+08
       7430.00   2.16600e+08
       7450.00   2.14200e+08
       7470.00   2.12100e+08
       7490.00   2.09600e+08
       7510.00   2.07800e+08
       7530.00   2.05800e+08
       7550.00   2.03700e+08
       7570.00   2.01600e+08
       7590.00   1.97200e+08
       7610.00   1.97400e+08
       7630.00   1.95600e+08
       7650.00   1.93700e+08
       7670.00   1.91800e+08
       7690.00   1.89600e+08
       7710.00   1.87900e+08
       7730.00   1.85900e+08
       7750.00   1.84200e+08
       7770.00   1.82500e+08
       7790.00   1.80700e+08
       7810.00   1.79000e+08
       7830.00   1.77200e+08
       7850.00   1.75200e+08
       7870.00   1.73700e+08
       7890.00   1.72100e+08
       7910.00   1.70500e+08
       7930.00   1.68800e+08
       7950.00   1.67200e+08
       7970.00   1.65500e+08
       7990.00   1.64000e+08
       8010.00   1.62500e+08
       8030.00   1.60800e+08
       8050.00   1.59400e+08
       8070.00   1.57900e+08
       8090.00   1.56400e+08
       8110.00   1.54900e+08
       8130.00   1.53500e+08
       8150.00   1.52000e+08
       8170.00   1.50500e+08
       8190.00   1.48600e+08
       8210.00   1.42200e+08
       8230.00   1.40100e+08
       8250.00   1.39500e+08
       8270.00   1.38300e+08
       8290.00   1.37100e+08
       8310.00   1.35900e+08
       8330.00   1.34500e+08
       8350.00   1.33300e+08
       8370.00   1.32300e+08
       8390.00   1.31200e+08
       8410.00   1.30200e+08
       8430.00   1.29200e+08
       8450.00   1.28100e+08
       8470.00   1.27100e+08
       8490.00   1.26200e+08
       8510.00   1.24900e+08
       8530.00   1.24400e+08
       8550.00   1.23000e+08
       8570.00   1.22700e+08
       8590.00   1.21200e+08
       8610.00   1.20300e+08
       8630.00   1.20400e+08
       8650.00   1.19200e+08
       8670.00   1.16500e+08
       8690.00   1.18000e+08
       8710.00   1.17500e+08
       8730.00   1.16300e+08
       8750.00   1.12000e+08
       8770.00   1.14300e+08
       8790.00   1.14300e+08
       8810.00   1.13500e+08
       8830.00   1.12500e+08
       8850.00   1.10000e+08
       8870.00   1.05800e+08
       8890.00   1.09400e+08
       8910.00   1.08900e+08
       8930.00   1.07800e+08
       8950.00   1.07000e+08
       8970.00   1.06200e+08
       8990.00   1.04700e+08
       9010.00   9.94500e+07
       9030.00   1.01200e+08
       9050.00   1.02400e+08
       9070.00   1.01600e+08
       9090.00   1.00800e+08
       9110.00   9.98000e+07
       9130.00   9.92100e+07
       9150.00   9.84000e+07
       9170.00   9.75100e+07
       9190.00   9.66900e+07
       9210.00   9.49600e+07
       9230.00   8.93000e+07
       9250.00   9.33300e+07
       9270.00   9.34700e+07
       9290.00   9.27700e+07
       9310.00   9.19600e+07
       9330.00   9.12200e+07
       9350.00   8.89700e+07
       9370.00   8.92700e+07
       9390.00   8.90100e+07
       9410.00   8.82300e+07
       9430.00   8.75400e+07
       9450.00   8.68500e+07
       9470.00   8.60800e+07
       9490.00   8.54400e+07
       9510.00   8.44800e+07
       9530.00   8.29500e+07
       9550.00   7.80300e+07
       9570.00   8.21000e+07
       9590.00   8.20100e+07
       9610.00   8.13600e+07
       9630.00   8.06600e+07
       9650.00   8.01000e+07
       9670.00   7.94700e+07
       9690.00   7.88300e+07
       9710.00   7.75100e+07
       9730.00   7.74900e+07
       9750.00   7.69100e+07
       9770.00   7.58600e+07
       9790.00   7.57600e+07
       9810.00   7.51600e+07
       9830.00   7.45500e+07
       9850.00   7.39900e+07
       9870.00   7.34100e+07
       9890.00   7.28300e+07
       9910.00   7.22400e+07
       9930.00   7.17100e+07
       9950.00   7.11500e+07
       9970.00   7.06000e+07
       9990.00   7.00500e+07
       10025.0   6.81400e+07
       10075.0   6.62400e+07
       10125.0   6.55100e+07
       10175.0   6.52400e+07
       10225.0   6.40000e+07
       10275.0   6.27900e+07
       10325.0   6.15400e+07
       10375.0   6.04900e+07
       10425.0   5.91200e+07
       10475.0   5.82800e+07
       10525.0   5.72100e+07
       10575.0   5.61700e+07
       10625.0   5.51500e+07
       10675.0   5.41400e+07
       10725.0   5.31800e+07
       10775.0   5.22300e+07
       10825.0   5.10700e+07
       10875.0   5.03800e+07
       10925.0   4.77900e+07
       10975.0   4.83500e+07
       11025.0   4.77300e+07
       11075.0   4.69400e+07
       11125.0   4.61200e+07
       11175.0   4.53500e+07
       11225.0   4.45600e+07
       11275.0   4.38000e+07
       11325.0   4.30400e+07
       11375.0   4.23200e+07
       11425.0   4.16000e+07
       11475.0   4.09000e+07
       11525.0   4.02100e+07
       11575.0   3.95300e+07
       11625.0   3.85600e+07
       11675.0   3.80200e+07
       11725.0   3.76000e+07
       11775.0   3.69900e+07
       11825.0   3.63700e+07
       11875.0   3.57800e+07
       11925.0   3.52000e+07
       11975.0   3.45200e+07
       12025.0   3.40800e+07
       12075.0   3.35300e+07
       12125.0   3.29800e+07
       12175.0   3.24700e+07
       12225.0   3.19500e+07
       12275.0   3.14500e+07
       12325.0   3.09500e+07
       12375.0   3.04700e+07
       12425.0   2.99900e+07
       12475.0   2.95200e+07
       12525.0   2.90500e+07
       12575.0   2.86100e+07
       12625.0   2.81800e+07
       12675.0   2.77400e+07
       12725.0   2.73200e+07
       12775.0   2.67600e+07
       12825.0   2.55200e+07
       12875.0   2.60700e+07
       12925.0   2.57000e+07
       12975.0   2.52900e+07
       13025.0   2.49400e+07
       13075.0   2.45700e+07
       13125.0   2.42000e+07
       13175.0   2.38500e+07
       13225.0   2.35000e+07
       13275.0   2.31500e+07
       13325.0   2.28100e+07
       13375.0   2.24800e+07
       13425.0   2.21500e+07
       13475.0   2.18300e+07
       13525.0   2.15200e+07
       13575.0   2.12100e+07
       13625.0   2.09100e+07
       13675.0   2.06100e+07
       13725.0   2.03100e+07
       13775.0   2.00300e+07
       13825.0   1.97500e+07
       13875.0   1.94700e+07
       13925.0   1.92000e+07
       13975.0   1.89300e+07
       14025.0   1.86700e+07
       14075.0   1.84100e+07
       14125.0   1.81500e+07
       14175.0   1.79000e+07
       14225.0   1.76600e+07
       14275.0   1.74200e+07
       14325.0   1.71800e+07
       14375.0   1.69400e+07
       14425.0   1.67200e+07
       14475.0   1.64900e+07
       14525.0   1.62700e+07
       14570.0   1.60700e+07
       14620.0   1.58600e+07
       14675.0   1.56300e+07
       14725.0   1.54200e+07
       14775.0   1.51100e+07
       14825.0   1.50200e+07
       14875.0   1.48200e+07
       14925.0   1.46300e+07
       14975.0   1.44400e+07
       15025.0   1.42500e+07
       15075.0   1.40600e+07
       15125.0   1.38800e+07
       15175.0   1.37000e+07
       15225.0   1.35300e+07
       15275.0   1.33500e+07
       15325.0   1.31800e+07
       15375.0   1.30200e+07
       15425.0   1.28400e+07
       15475.0   1.26900e+07
       15525.0   1.25300e+07
       15575.0   1.23500e+07
       15625.0   1.22200e+07
       15675.0   1.20500e+07
       15725.0   1.18800e+07
       15775.0   1.17900e+07
       15825.0   1.16400e+07
       15875.0   1.14000e+07
       15925.0   1.13300e+07
       15975.0   1.12300e+07
       16050.0   1.10000e+07
       16150.0   1.06700e+07
       16250.0   1.05000e+07
       16350.0   1.02200e+07
       16450.0   9.90000e+06
       16550.0   9.76900e+06
       16650.0   9.54000e+06
       16750.0   9.28500e+06
       16850.0   8.98700e+06
       16950.0   8.89200e+06
       17050.0   8.67200e+06
       17150.0   8.49000e+06
       17250.0   8.29800e+06
       17350.0   7.96700e+06
       17450.0   7.92200e+06
       17550.0   7.75200e+06
       17650.0   7.58100e+06
       17750.0   7.41300e+06
       17850.0   7.25100e+06
       17950.0   7.09300e+06
       18050.0   6.93900e+06
       18150.0   6.66300e+06
       18250.0   6.63000e+06
       18350.0   6.50100e+06
       18450.0   6.36300e+06
       18550.0   6.22900e+06
       18650.0   6.02800e+06
       18750.0   5.82800e+06
       18850.0   5.84700e+06
       18950.0   5.72600e+06
       19050.0   5.60200e+06
       19150.0   5.49300e+06
       19250.0   5.38200e+06
       19350.0   5.27100e+06
       19450.0   5.05100e+06
       19550.0   5.05900e+06
       19650.0   4.96100e+06
       19750.0   4.86300e+06
       19850.0   4.76600e+06
       19950.0   4.67300e+06
       20050.0   4.58100e+06
       20150.0   4.49200e+06
       20250.0   4.40500e+06
       20350.0   4.32000e+06
       20450.0   4.23600e+06
       20550.0   4.15300e+06
       20650.0   4.07600e+06
       20750.0   3.99800e+06
       20850.0   3.92400e+06
       20950.0   3.85000e+06
       21050.0   3.77800e+06
       21150.0   3.70400e+06
       21250.0   3.63900e+06
       21350.0   3.57200e+06
       21450.0   3.50700e+06
       21550.0   3.44200e+06
       21650.0   3.29700e+06
       21750.0   3.31600e+06
       21850.0   3.25900e+06
       21950.0   3.20100e+06
       22050.0   3.14400e+06
       22150.0   3.08800e+06
       22250.0   3.03300e+06
       22350.0   2.98000e+06
       22450.0   2.92700e+06
       22550.0   2.87600e+06
       22650.0   2.82600e+06
       22750.0   2.77700e+06
       22850.0   2.73300e+06
       22950.0   2.68600e+06
       23050.0   2.64000e+06
       23150.0   2.59500e+06
       23250.0   2.55100e+06
       23350.0   2.50800e+06
       23450.0   2.46600e+06
       23550.0   2.42500e+06
       23650.0   2.38400e+06
       23750.0   2.34500e+06
       23850.0   2.30600e+06
       23950.0   2.26800e+06
       24050.0   2.23000e+06
       24150.0   2.19400e+06
       24250.0   2.15800e+06
       24350.0   2.12300e+06
       24450.0   2.08900e+06
       24550.0   2.05600e+06
       24650.0   2.02200e+06
       24750.0   1.98900e+06
       24850.0   1.95900e+06
       24950.0   1.92500e+06
       25050.0   1.89700e+06
       25150.0   1.86800e+06
       25250.0   1.83400e+06
       25350.0   1.81000e+06
       25450.0   1.78200e+06
       25550.0   1.75400e+06
       25650.0   1.72000e+06
       25750.0   1.70100e+06
       25850.0   1.67500e+06
       25950.0   1.64900e+06
       26050.0   1.62200e+06
       26150.0   1.58700e+06
       26250.0   1.53200e+06
       26350.0   1.55000e+06
       26450.0   1.52900e+06
       26550.0   1.50500e+06
       26650.0   1.48200e+06
       26750.0   1.44600e+06
       26850.0   1.43900e+06
       26950.0   1.41900e+06
       27050.0   1.39800e+06
       27150.0   1.37800e+06
       27250.0   1.35800e+06
       27350.0   1.33800e+06
       27450.0   1.31900e+06
       27550.0   1.28400e+06
       27650.0   1.27600e+06
       27750.0   1.26300e+06
       27850.0   1.24500e+06
       27950.0   1.22700e+06
       28050.0   1.21000e+06
       28150.0   1.19300e+06
       28250.0   1.17600e+06
       28350.0   1.16000e+06
       28450.0   1.14400e+06
       28550.0   1.12800e+06
       28650.0   1.10900e+06
       28750.0   1.07800e+06
       28850.0   1.08100e+06
       28950.0   1.06700e+06
       29050.0   1.05200e+06
       29150.0   1.03800e+06
       29250.0   1.02400e+06
       29350.0   1.01000e+06
       29450.0       996700.
       29550.0       983300.
       29650.0       970200.
       29750.0       957200.
       29850.0       944500.
       29950.0       932000.
       30050.0       919700.
       30150.0       907600.
       30250.0       895700.
       30350.0       869200.
       30450.0       865800.
       30550.0       861200.
       30650.0       850000.
       30750.0       839100.
       30850.0       828200.
       30950.0       817700.
       31050.0       807200.
       31150.0       796900.
       31250.0       786800.
       31350.0       776900.
       31450.0       767000.
       31550.0       757400.
       31650.0       747900.
       31750.0       738600.
       31850.0       729400.
       31950.0       720300.
       32100.0       707000.
       32300.0       689700.
       32500.0       672900.
       32700.0       656600.
       32900.0       631400.
       33100.0       624500.
       33300.0       611100.
       33500.0       596700.
       33700.0       582700.
       33900.0       569100.
       34100.0       555900.
       34300.0       543000.
       34500.0       530600.
       34700.0       518500.
       34900.0       506700.
       35100.0       495300.
       35300.0       484200.
       35500.0       473400.
       35700.0       462800.
       35900.0       452600.
       36100.0       442700.
       36300.0       433000.
       36500.0       423600.
       36700.0       414500.
       36900.0       405600.
       37100.0       396700.
       37300.0       385900.
       37500.0       375600.
       37700.0       372300.
       37900.0       364500.
       38100.0       356600.
       38300.0       349300.
       38500.0       342300.
       38700.0       335300.
       38900.0       328400.
       39100.0       321000.
       39300.0       315300.
       39500.0       308900.
       39700.0       302800.
       39900.0       296700.
       40100.0       290300.
       40300.0       284000.
       40500.0       275100.
       40700.0       274100.
       40900.0       268800.
       41100.0       263600.
       41300.0       258400.
       41500.0       253500.
       41700.0       246900.
       41900.0       244000.
       42100.0       239400.
       42300.0       234900.
       42500.0       230500.
       42700.0       226200.
       42900.0       221900.
       43100.0       217900.
       43300.0       213900.
       43500.0       210000.
       43700.0       204400.
       43900.0       202000.
       44100.0       198800.
       44300.0       195200.
       44500.0       191700.
       44700.0       188400.
       44900.0       185100.
       45100.0       181800.
       45300.0       178600.
       45500.0       175500.
       45700.0       172400.
       45900.0       169400.
       46100.0       166500.
       46300.0       163600.
       46500.0       157500.
       46700.0       155800.
       46900.0       155200.
       47100.0       152800.
       47300.0       150200.
       47500.0       147700.
       47700.0       145200.
       47900.0       142800.
       48100.0       140500.
       48300.0       138100.
       48500.0       135900.
       48700.0       133600.
       48900.0       131500.
       49100.0       129300.
       49300.0       127200.
       49500.0       125200.
       49700.0       123200.
       49900.0       121200.
       50100.0       119300.
       50300.0       117400.
       50500.0       115500.
       50700.0       113700.
       50900.0       111900.
       51100.0       110100.
       51300.0       106600.
       51500.0       106800.
       51700.0       105200.
       51900.0       103500.
       52100.0       102000.
       52300.0       100400.
       52500.0       98870.0
       52700.0       97370.0
       52900.0       95900.0
       53100.0       94460.0
       53300.0       93050.0
       53500.0       91660.0
       53700.0       90290.0
       53900.0       88950.0
       54100.0       87650.0
       54300.0       86360.0
       54500.0       85090.0
       54700.0       83850.0
       54900.0       82630.0
       55100.0       81430.0
       55300.0       80160.0
       55500.0       79100.0
       55700.0       77970.0
       55900.0       76860.0
       56100.0       75760.0
       56300.0       74690.0
       56500.0       73630.0
       56700.0       72590.0
       56900.0       71570.0
       57100.0       70370.0
       57300.0       69590.0
       57500.0       68620.0
       57700.0       67670.0
       57900.0       66740.0
       58100.0       65820.0
       58300.0       64920.0
       58500.0       64050.0
       58700.0       63180.0
       58900.0       62240.0
       59100.0       60160.0
       59300.0       60610.0
       59500.0       59540.0
       59700.0       58920.0
       59900.0       58240.0
       60100.0       57470.0
       60300.0       56710.0
       60500.0       55960.0
       60700.0       55220.0
       60900.0       54500.0
       61100.0       53780.0
       61300.0       53080.0
       61500.0       52390.0
       61700.0       51710.0
       61900.0       51040.0
       62100.0       50390.0
       62300.0       49740.0
       62500.0       49100.0
       62700.0       48450.0
       62900.0       47410.0
       63100.0       47200.0
       63300.0       46660.0
       63500.0       46070.0
       63700.0       45490.0
       63900.0       44920.0
       64200.0       44080.0
       64600.0       42990.0
       65000.0       41940.0
       65400.0       40920.0
       65800.0       39930.0
       66200.0       38970.0
       66600.0       38030.0
       67000.0       37130.0
       67400.0       36240.0
       67800.0       35140.0
       68200.0       34570.0
       68600.0       33770.0
       69000.0       32990.0
       69400.0       32230.0
       69800.0       31490.0
       70200.0       30780.0
       70600.0       30080.0
       71000.0       29410.0
       71400.0       28750.0
       71800.0       28110.0
       72200.0       27490.0
       72600.0       26880.0
       73000.0       26300.0
       73400.0       25730.0
       73800.0       25170.0
       74200.0       24610.0
       74600.0       23730.0
       75000.0       23070.0
       75400.0       23060.0
       75800.0       22600.0
       76200.0       22130.0
       76600.0       21670.0
       77000.0       21220.0
       77400.0       20780.0
       77800.0       20330.0
       78200.0       19940.0
       78600.0       19530.0
       79000.0       19140.0
       79400.0       18750.0
       79800.0       18380.0
       80200.0       18010.0
       80600.0       17650.0
       81000.0       17300.0
       81400.0       16940.0
       81800.0       16630.0
       82200.0       16310.0
       82600.0       15990.0
       83000.0       15690.0
       83400.0       15390.0
       83800.0       15090.0
       84200.0       14810.0
       84600.0       14530.0
       85000.0       14250.0
       85400.0       13990.0
       85800.0       13720.0
       86200.0       13470.0
       86600.0       13160.0
       87000.0       12980.0
       87400.0       12650.0
       87800.0       12420.0
       88200.0       12280.0
       88600.0       12060.0
       89000.0       11840.0
       89400.0       11630.0
       89800.0       11420.0
       90200.0       11220.0
       90600.0       11020.0
       91000.0       10830.0
       91400.0       10640.0
       91800.0       10450.0
       92200.0       10270.0
       92600.0       10090.0
       93000.0       9920.00
       93400.0       9750.00
       93800.0       9522.00
       94200.0       9409.00
       94600.0       9262.00
       95000.0       9105.00
       95400.0       8952.00
       95800.0       8803.00
       96200.0       8656.00
       96600.0       8513.00
       97000.0       8372.00
       97400.0       8234.00
       97800.0       8099.00
       98200.0       7967.00
       98600.0       7838.00
       99000.0       7711.00
       99400.0       7587.00
       99800.0       7465.00
       100200.       7346.00
       200000.       451.100
       400000.       27.3500
       600000.       5.30400
       800000.       1.65600
   1.00000e+06      0.671100
   1.20000e+06      0.320800
   1.40000e+06      0.171900
   1.60000e+06      0.100100
