       90.9000       0.00000
       93.5000       0.00000
       96.1000       0.00000
       97.7000       0.00000
       99.6000       0.00000
       102.000       0.00000
       103.800       0.00000
       105.600       0.00000
       107.700       0.00000
       110.400   2.00100e-22
       114.000   2.40800e-21
       117.800   2.42900e-20
       121.300   1.79900e-19
       124.800   1.19500e-18
       127.100   3.93200e-18
       128.400   7.57200e-18
       130.500   2.12500e-17
       132.400   5.26600e-17
       133.900   1.05900e-16
       136.600   3.60100e-16
       139.800   1.45000e-15
       143.300   6.22600e-15
       147.200   2.92700e-14
       151.000   1.23200e-13
       155.200   5.59200e-13
       158.800   1.93000e-12
       162.000   5.56800e-12
       166.000   1.98700e-11
       170.300   7.34000e-11
       173.400   1.81700e-10
       176.800   4.74200e-10
       180.200   1.19700e-09
       181.700   1.78200e-09
       186.100   5.54800e-09
       191.000   1.85700e-08
       193.900   3.69400e-08
       198.400   1.03500e-07
       201.800   2.19100e-07
       205.000   4.34300e-07
       210.500   1.34600e-06
       216.200   4.10000e-06
       219.800   8.05200e-06
       223.000   1.44200e-05
       226.800   2.82200e-05
       230.000    0.00265900
       234.000    0.00607400
       240.000     0.0139600
       246.500     0.0331500
       252.400     0.0707000
       256.800      0.114500
       260.000      0.186000
       264.000      0.290900
       268.500      0.480600
       273.500      0.817500
       278.500       1.36700
       284.000       2.50800
       290.000       4.38700
       296.000       7.55500
       301.000       11.5400
       308.000       21.1200
       318.000       49.5600
       328.000       101.100
       338.000       210.000
       348.000       404.100
       357.000       1252.00
       366.000       2289.00
       375.000       3507.00
       385.000       5832.00
       395.000       10020.0
       405.000       15340.0
       414.000       22740.0
       422.000       31160.0
       430.000       43920.0
       441.000       66010.0
       451.000       91830.0
       460.000       122000.
       470.000       171300.
       480.000       232300.
       490.000       315200.
       500.000       415800.
       506.000   2.27800e+06
       512.000   1.57700e+07
       520.000   1.78200e+07
       530.000   2.07800e+07
       540.000   2.22600e+07
       550.000   3.15300e+07
       560.000   3.71500e+07
       570.000   4.40900e+07
       580.000   4.26900e+07
       590.000   5.52100e+07
       600.000   6.13000e+07
       610.000   7.15700e+07
       620.000   7.87200e+07
       630.000   8.35100e+07
       640.000   7.81800e+07
       650.000   6.09100e+07
       658.000   9.03100e+07
       665.000   1.09800e+08
       675.000   1.17500e+08
       685.000   1.21200e+08
       695.000   1.54700e+08
       705.000   1.57300e+08
       716.000   1.77700e+08
       726.000   1.84500e+08
       735.000   1.91300e+08
       745.000   2.16800e+08
       755.000   2.30800e+08
       765.000   2.47600e+08
       775.000   2.64600e+08
       785.000   2.83000e+08
       795.000   2.93600e+08
       805.000   3.04900e+08
       815.000   3.13700e+08
       825.000   3.41300e+08
       835.000   3.08400e+08
       845.000   3.53700e+08
       855.000   3.62300e+08
       865.000   3.86100e+08
       875.000   4.11000e+08
       885.000   4.42600e+08
       895.000   4.62300e+08
       905.000   4.59500e+08
       915.000   6.47700e+08
       925.000   4.30200e+09
       935.000   1.04100e+10
       945.000   2.04800e+10
       955.000   2.56700e+10
       965.000   2.97400e+10
       975.000   5.18600e+09
       985.000   2.45900e+10
       995.000   2.43500e+10
       1005.00   2.87000e+10
       1015.00   2.88900e+10
       1025.00   1.49200e+10
       1035.00   2.26200e+10
       1045.00   3.42100e+10
       1055.00   3.13600e+10
       1065.00   2.53400e+10
       1075.00   2.91000e+10
       1085.00   2.58400e+10
       1095.00   2.91200e+10
       1105.00   2.62800e+10
       1115.00   2.53500e+10
       1125.00   2.03400e+10
       1135.00   2.64900e+10
       1145.00   2.39500e+10
       1155.00   2.45300e+10
       1165.00   2.41900e+10
       1175.00   1.41900e+10
       1185.00   2.27500e+10
       1195.00   2.09500e+10
       1205.00   1.42700e+10
       1215.00   1.08800e+10
       1225.00   1.91100e+10
       1235.00   2.19700e+10
       1245.00   2.12800e+10
       1255.00   2.09300e+10
       1265.00   2.12400e+10
       1275.00   2.19100e+10
       1285.00   2.16400e+10
       1295.00   1.54300e+10
       1305.00   1.66000e+10
       1315.00   2.08700e+10
       1325.00   1.94100e+10
       1335.00   1.85900e+10
       1345.00   1.89400e+10
       1355.00   1.86500e+10
       1365.00   1.70700e+10
       1375.00   1.65500e+10
       1385.00   1.61300e+10
       1395.00   1.17100e+10
       1405.00   1.27100e+10
       1415.00   1.41700e+10
       1425.00   1.38800e+10
       1435.00   1.43800e+10
       1442.00   1.47100e+10
       1447.00   1.44200e+10
       1455.00   1.39400e+10
       1465.00   1.27800e+10
       1475.00   1.30800e+10
       1485.00   1.28900e+10
       1495.00   1.26000e+10
       1505.00   1.13800e+10
       1512.00   1.01000e+10
       1517.00   1.04400e+10
       1525.00   1.08000e+10
       1535.00   9.07800e+09
       1545.00   8.81400e+09
       1555.00   8.55100e+09
       1565.00   9.30500e+09
       1575.00   9.92000e+09
       1585.00   9.92900e+09
       1595.00   9.80800e+09
       1605.00   9.92600e+09
       1615.00   9.66700e+09
       1625.00   9.51200e+09
       1635.00   1.00800e+10
       1645.00   1.00200e+10
       1655.00   9.90400e+09
       1665.00   1.00500e+10
       1672.00   9.56200e+09
       1677.00   1.04600e+10
       1685.00   1.00900e+10
       1695.00   9.49700e+09
       1705.00   9.21200e+09
       1715.00   8.69100e+09
       1725.00   8.54900e+09
       1735.00   8.89600e+09
       1745.00   8.67900e+09
       1755.00   8.72800e+09
       1765.00   8.57900e+09
       1775.00   8.03300e+09
       1785.00   8.18500e+09
       1795.00   8.42300e+09
       1805.00   8.48100e+09
       1815.00   7.52100e+09
       1825.00   7.84300e+09
       1835.00   7.58200e+09
       1845.00   6.88200e+09
       1855.00   6.95400e+09
       1865.00   7.05200e+09
       1875.00   7.37200e+09
       1885.00   6.52600e+09
       1895.00   6.04900e+09
       1905.00   6.58900e+09
       1915.00   6.17600e+09
       1925.00   5.84300e+09
       1935.00   6.23200e+09
       1945.00   6.36400e+09
       1955.00   5.69900e+09
       1967.00   6.22200e+09
       1976.00   6.49600e+09
       1984.00   5.99600e+09
       1995.00   5.88400e+09
       2005.00   6.11700e+09
       2015.00   6.03500e+09
       2025.00   6.21500e+09
       2035.00   5.62400e+09
       2045.00   5.74200e+09
       2055.00   5.50600e+09
       2065.00   5.49900e+09
       2074.00   5.80600e+09
       2078.00   5.20100e+09
       2085.00   5.51100e+09
       2095.00   5.21400e+09
       2105.00   5.40900e+09
       2115.00   5.42200e+09
       2125.00   5.46700e+09
       2135.00   5.36900e+09
       2145.00   5.05900e+09
       2155.00   5.29000e+09
       2165.00   5.26800e+09
       2175.00   5.19500e+09
       2185.00   5.01200e+09
       2195.00   5.08400e+09
       2205.00   5.05700e+09
       2215.00   4.96900e+09
       2225.00   4.83500e+09
       2235.00   4.76000e+09
       2245.00   4.80000e+09
       2255.00   4.64000e+09
       2265.00   4.69500e+09
       2275.00   4.62200e+09
       2285.00   4.61700e+09
       2295.00   4.23100e+09
       2305.00   4.45300e+09
       2315.00   4.31900e+09
       2325.00   4.27000e+09
       2335.00   4.14000e+09
       2345.00   4.16500e+09
       2355.00   4.15200e+09
       2365.00   4.10300e+09
       2375.00   4.01700e+09
       2385.00   3.98600e+09
       2395.00   3.94300e+09
       2405.00   3.86600e+09
       2415.00   3.83100e+09
       2425.00   3.82400e+09
       2435.00   3.71100e+09
       2445.00   3.71800e+09
       2455.00   3.71600e+09
       2465.00   3.64700e+09
       2475.00   3.59100e+09
       2485.00   3.53000e+09
       2495.00   3.10400e+09
       2505.00   3.42500e+09
       2513.00   3.27300e+09
       2518.00   3.39500e+09
       2525.00   3.35300e+09
       2535.00   3.31100e+09
       2545.00   3.19900e+09
       2555.00   3.23800e+09
       2565.00   3.19300e+09
       2575.00   3.19600e+09
       2585.00   3.15000e+09
       2595.00   3.12000e+09
       2605.00   3.09500e+09
       2615.00   3.05100e+09
       2625.00   3.02700e+09
       2635.00   2.99900e+09
       2645.00   2.96500e+09
       2655.00   2.94900e+09
       2665.00   2.84000e+09
       2675.00   2.84900e+09
       2685.00   2.83900e+09
       2695.00   2.73900e+09
       2705.00   2.69600e+09
       2715.00   2.69400e+09
       2725.00   2.68000e+09
       2735.00   2.66400e+09
       2745.00   2.59300e+09
       2755.00   2.58600e+09
       2765.00   2.55500e+09
       2775.00   2.57000e+09
       2785.00   2.52800e+09
       2795.00   2.43900e+09
       2805.00   2.45900e+09
       2815.00   2.45900e+09
       2825.00   2.42000e+09
       2835.00   2.33400e+09
       2845.00   2.36600e+09
       2855.00   2.32600e+09
       2865.00   2.32300e+09
       2875.00   2.29700e+09
       2885.00   2.27200e+09
       2895.00   2.23700e+09
       2910.00   2.19400e+09
       2930.00   2.16000e+09
       2950.00   2.09600e+09
       2970.00   2.06800e+09
       2990.00   2.02000e+09
       3010.00   1.95300e+09
       3030.00   1.94300e+09
       3050.00   1.90800e+09
       3070.00   1.87500e+09
       3090.00   1.80500e+09
       3110.00   1.79400e+09
       3130.00   1.75200e+09
       3150.00   1.72200e+09
       3170.00   1.67800e+09
       3190.00   1.64200e+09
       3210.00   1.62100e+09
       3230.00   1.58400e+09
       3250.00   1.55900e+09
       3270.00   1.52500e+09
       3290.00   1.49400e+09
       3310.00   1.46800e+09
       3330.00   1.43700e+09
       3350.00   1.41100e+09
       3370.00   1.38300e+09
       3390.00   1.36100e+09
       3410.00   1.33600e+09
       3430.00   1.30500e+09
       3450.00   1.27600e+09
       3470.00   1.25400e+09
       3490.00   1.23000e+09
       3510.00   1.21000e+09
       3530.00   1.19400e+09
       3550.00   1.17200e+09
       3570.00   1.15600e+09
       3590.00   1.12200e+09
       3610.00   1.10300e+09
       3630.00   1.08700e+09
       3640.00   1.08600e+09
       3650.00   1.06200e+09
       3670.00   1.05000e+09
       3690.00   1.02700e+09
       3710.00   9.89700e+08
       3730.00   9.52900e+08
       3750.00   9.96300e+08
       3770.00   9.90200e+08
       3790.00   1.03200e+09
       3810.00   1.06900e+09
       3830.00   9.43000e+08
       3850.00   1.08100e+09
       3870.00   1.07100e+09
       3890.00   8.93700e+08
       3910.00   1.06400e+09
       3930.00   1.03100e+09
       3950.00   1.02100e+09
       3970.00   8.29700e+08
       3990.00   9.84500e+08
       4010.00   9.78600e+08
       4030.00   9.26500e+08
       4050.00   9.48000e+08
       4070.00   9.08100e+08
       4090.00   8.53000e+08
       4110.00   7.64300e+08
       4130.00   8.64000e+08
       4150.00   8.58700e+08
       4170.00   8.53500e+08
       4190.00   8.43600e+08
       4210.00   8.35300e+08
       4230.00   8.17200e+08
       4250.00   7.96700e+08
       4270.00   7.74600e+08
       4290.00   7.66700e+08
       4310.00   7.44900e+08
       4330.00   6.89200e+08
       4350.00   6.33900e+08
       4370.00   7.07900e+08
       4390.00   6.98700e+08
       4410.00   6.97100e+08
       4430.00   6.89400e+08
       4450.00   6.79300e+08
       4470.00   6.47300e+08
       4490.00   6.57600e+08
       4510.00   6.52300e+08
       4530.00   6.41100e+08
       4550.00   6.31800e+08
       4570.00   6.21000e+08
       4590.00   6.11000e+08
       4610.00   5.97500e+08
       4630.00   5.88800e+08
       4650.00   5.71800e+08
       4670.00   5.71900e+08
       4690.00   5.66900e+08
       4710.00   5.45800e+08
       4730.00   5.46200e+08
       4750.00   5.37500e+08
       4770.00   5.36600e+08
       4790.00   5.27100e+08
       4810.00   5.16400e+08
       4830.00   5.06700e+08
       4850.00   4.76100e+08
       4870.00   4.27900e+08
       4890.00   4.85600e+08
       4910.00   4.80800e+08
       4930.00   4.64300e+08
       4950.00   4.66200e+08
       4970.00   4.62600e+08
       4990.00   4.55000e+08
       5010.00   4.36700e+08
       5030.00   4.41400e+08
       5050.00   4.31000e+08
       5070.00   4.29800e+08
       5090.00   4.23100e+08
       5110.00   4.16400e+08
       5130.00   4.07500e+08
       5150.00   4.02900e+08
       5170.00   3.99800e+08
       5190.00   3.94700e+08
       5210.00   3.88000e+08
       5230.00   3.83500e+08
       5250.00   3.78500e+08
       5270.00   3.72600e+08
       5290.00   3.68300e+08
       5310.00   3.63000e+08
       5330.00   3.58200e+08
       5350.00   3.52800e+08
       5370.00   3.48900e+08
       5390.00   3.44000e+08
       5410.00   3.39700e+08
       5430.00   3.34700e+08
       5450.00   3.30200e+08
       5470.00   3.25800e+08
       5490.00   3.21600e+08
       5510.00   3.17900e+08
       5530.00   3.13200e+08
       5550.00   3.09800e+08
       5570.00   3.05500e+08
       5590.00   3.01900e+08
       5610.00   2.97700e+08
       5630.00   2.94100e+08
       5650.00   2.89000e+08
       5670.00   2.84200e+08
       5690.00   2.80100e+08
       5710.00   2.78400e+08
       5730.00   2.75200e+08
       5750.00   2.71000e+08
       5770.00   2.68800e+08
       5790.00   2.65200e+08
       5810.00   2.62000e+08
       5830.00   2.58200e+08
       5850.00   2.55300e+08
       5870.00   2.45300e+08
       5890.00   2.46900e+08
       5910.00   2.45400e+08
       5930.00   2.42000e+08
       5950.00   2.38800e+08
       5970.00   2.37300e+08
       5990.00   2.33400e+08
       6010.00   2.31300e+08
       6030.00   2.28100e+08
       6050.00   2.25600e+08
       6070.00   2.23200e+08
       6090.00   2.20500e+08
       6110.00   2.17900e+08
       6130.00   2.15400e+08
       6150.00   2.11900e+08
       6170.00   2.09800e+08
       6190.00   2.07700e+08
       6210.00   2.05400e+08
       6230.00   2.03100e+08
       6250.00   2.00300e+08
       6270.00   1.98100e+08
       6290.00   1.96000e+08
       6310.00   1.93600e+08
       6330.00   1.91500e+08
       6350.00   1.88700e+08
       6370.00   1.87000e+08
       6390.00   1.84800e+08
       6410.00   1.82800e+08
       6430.00   1.80900e+08
       6450.00   1.78700e+08
       6470.00   1.76200e+08
       6490.00   1.74300e+08
       6510.00   1.72600e+08
       6530.00   1.70000e+08
       6550.00   1.63700e+08
       6570.00   1.45400e+08
       6590.00   1.62700e+08
       6610.00   1.62900e+08
       6630.00   1.61400e+08
       6650.00   1.59600e+08
       6670.00   1.56500e+08
       6690.00   1.54900e+08
       6710.00   1.54600e+08
       6730.00   1.52600e+08
       6750.00   1.51300e+08
       6770.00   1.49600e+08
       6790.00   1.46900e+08
       6810.00   1.46200e+08
       6830.00   1.44600e+08
       6850.00   1.43200e+08
       6870.00   1.41700e+08
       6890.00   1.40100e+08
       6910.00   1.38500e+08
       6930.00   1.37200e+08
       6950.00   1.35800e+08
       6970.00   1.34400e+08
       6990.00   1.32900e+08
       7010.00   1.31500e+08
       7030.00   1.30100e+08
       7050.00   1.28700e+08
       7070.00   1.25300e+08
       7090.00   1.26100e+08
       7110.00   1.24100e+08
       7130.00   1.22900e+08
       7150.00   1.22200e+08
       7170.00   1.21000e+08
       7190.00   1.19700e+08
       7210.00   1.18500e+08
       7230.00   1.15600e+08
       7250.00   1.15900e+08
       7270.00   1.14900e+08
       7290.00   1.12800e+08
       7310.00   1.12600e+08
       7330.00   1.11400e+08
       7350.00   1.10300e+08
       7370.00   1.09200e+08
       7390.00   1.08100e+08
       7410.00   1.07100e+08
       7430.00   1.05900e+08
       7450.00   1.04900e+08
       7470.00   1.03500e+08
       7490.00   1.02800e+08
       7510.00   1.01800e+08
       7530.00   1.00800e+08
       7550.00   9.98600e+07
       7570.00   9.88800e+07
       7590.00   9.79100e+07
       7610.00   9.68700e+07
       7630.00   9.59900e+07
       7650.00   9.50800e+07
       7670.00   9.41600e+07
       7690.00   9.32400e+07
       7710.00   9.23300e+07
       7730.00   9.14300e+07
       7750.00   9.05900e+07
       7770.00   8.93500e+07
       7790.00   8.88700e+07
       7810.00   8.79600e+07
       7830.00   8.71900e+07
       7850.00   8.63600e+07
       7870.00   8.54900e+07
       7890.00   8.45100e+07
       7910.00   8.39300e+07
       7930.00   8.31100e+07
       7950.00   8.22100e+07
       7970.00   8.14300e+07
       7990.00   8.06100e+07
       8010.00   7.99200e+07
       8030.00   7.91800e+07
       8050.00   7.84900e+07
       8070.00   7.78300e+07
       8090.00   7.69600e+07
       8110.00   7.61000e+07
       8130.00   7.57200e+07
       8150.00   7.49400e+07
       8170.00   7.44000e+07
       8190.00   7.34600e+07
       8210.00   7.26300e+07
       8230.00   7.19800e+07
       8250.00   7.15900e+07
       8270.00   7.03600e+07
       8290.00   7.02300e+07
       8310.00   6.96400e+07
       8330.00   6.90200e+07
       8350.00   6.80600e+07
       8370.00   6.76300e+07
       8390.00   6.71600e+07
       8410.00   6.65400e+07
       8430.00   6.59000e+07
       8450.00   6.47500e+07
       8470.00   6.46300e+07
       8490.00   6.40200e+07
       8510.00   6.32500e+07
       8530.00   6.29900e+07
       8550.00   6.14900e+07
       8570.00   6.26000e+07
       8590.00   6.00500e+07
       8610.00   5.98500e+07
       8630.00   6.15100e+07
       8650.00   5.97300e+07
       8670.00   5.60700e+07
       8690.00   5.99400e+07
       8710.00   6.01600e+07
       8730.00   5.83500e+07
       8750.00   5.29800e+07
       8770.00   5.66600e+07
       8790.00   5.83700e+07
       8810.00   5.80700e+07
       8830.00   5.72900e+07
       8850.00   5.38900e+07
       8870.00   5.00100e+07
       8890.00   5.53500e+07
       8910.00   5.56600e+07
       8930.00   5.52400e+07
       8950.00   5.49600e+07
       8970.00   5.44000e+07
       8990.00   5.28900e+07
       9010.00   4.72600e+07
       9030.00   4.96100e+07
       9050.00   5.22600e+07
       9070.00   5.17200e+07
       9090.00   5.16800e+07
       9110.00   5.15000e+07
       9130.00   5.11200e+07
       9150.00   5.06800e+07
       9170.00   5.00400e+07
       9190.00   4.95300e+07
       9210.00   4.74100e+07
       9230.00   4.20000e+07
       9250.00   4.66700e+07
       9270.00   4.76300e+07
       9290.00   4.77100e+07
       9310.00   4.72000e+07
       9330.00   4.69400e+07
       9350.00   4.66600e+07
       9370.00   4.63200e+07
       9390.00   4.59500e+07
       9410.00   4.55000e+07
       9430.00   4.52000e+07
       9450.00   4.48300e+07
       9470.00   4.41900e+07
       9490.00   4.39900e+07
       9510.00   4.30800e+07
       9530.00   4.12800e+07
       9550.00   3.69500e+07
       9570.00   4.15000e+07
       9590.00   4.21400e+07
       9610.00   4.18200e+07
       9630.00   4.14100e+07
       9650.00   4.14200e+07
       9670.00   4.10900e+07
       9690.00   4.07300e+07
       9710.00   4.03000e+07
       9730.00   4.01300e+07
       9750.00   3.98100e+07
       9770.00   3.95100e+07
       9790.00   3.92000e+07
       9810.00   3.88700e+07
       9830.00   3.86000e+07
       9850.00   3.83000e+07
       9870.00   3.79800e+07
       9890.00   3.76500e+07
       9910.00   3.72000e+07
       9930.00   3.71400e+07
       9950.00   3.68500e+07
       9970.00   3.65400e+07
       9990.00   3.62000e+07
       10025.0   3.43700e+07
       10075.0   3.32100e+07
       10125.0   3.43300e+07
       10175.0   3.38400e+07
       10225.0   3.32000e+07
       10275.0   3.26000e+07
       10325.0   3.18800e+07
       10375.0   3.14200e+07
       10425.0   3.08500e+07
       10475.0   3.02900e+07
       10525.0   2.97300e+07
       10575.0   2.92100e+07
       10625.0   2.86900e+07
       10675.0   2.81200e+07
       10725.0   2.76800e+07
       10775.0   2.71900e+07
       10825.0   2.64100e+07
       10875.0   2.61700e+07
       10925.0   2.38000e+07
       10975.0   2.48200e+07
       11025.0   2.47200e+07
       11075.0   2.44600e+07
       11125.0   2.40600e+07
       11175.0   2.36500e+07
       11225.0   2.32300e+07
       11275.0   2.28300e+07
       11325.0   2.24400e+07
       11375.0   2.20900e+07
       11425.0   2.17100e+07
       11475.0   2.13600e+07
       11525.0   2.10100e+07
       11575.0   2.06500e+07
       11625.0   2.03200e+07
       11675.0   1.99800e+07
       11725.0   1.96700e+07
       11775.0   1.93400e+07
       11825.0   1.90300e+07
       11875.0   1.87300e+07
       11925.0   1.84300e+07
       11975.0   1.79600e+07
       12025.0   1.78500e+07
       12075.0   1.75700e+07
       12125.0   1.72900e+07
       12175.0   1.70200e+07
       12225.0   1.67500e+07
       12275.0   1.64900e+07
       12325.0   1.62300e+07
       12375.0   1.59800e+07
       12425.0   1.57400e+07
       12475.0   1.54900e+07
       12525.0   1.52200e+07
       12575.0   1.50200e+07
       12625.0   1.47900e+07
       12675.0   1.45800e+07
       12725.0   1.43500e+07
       12775.0   1.38900e+07
       12825.0   1.28700e+07
       12875.0   1.36400e+07
       12925.0   1.35200e+07
       12975.0   1.32200e+07
       13025.0   1.31200e+07
       13075.0   1.29300e+07
       13125.0   1.27400e+07
       13175.0   1.25500e+07
       13225.0   1.23700e+07
       13275.0   1.22000e+07
       13325.0   1.20200e+07
       13375.0   1.18400e+07
       13425.0   1.16600e+07
       13475.0   1.15100e+07
       13525.0   1.13400e+07
       13575.0   1.11900e+07
       13625.0   1.10200e+07
       13675.0   1.08700e+07
       13725.0   1.07200e+07
       13775.0   1.05700e+07
       13825.0   1.04300e+07
       13875.0   1.02800e+07
       13925.0   1.01300e+07
       13975.0   9.99700e+06
       14025.0   9.86100e+06
       14075.0   9.72900e+06
       14125.0   9.59500e+06
       14175.0   9.46500e+06
       14225.0   9.33800e+06
       14275.0   9.21200e+06
       14325.0   9.08800e+06
       14375.0   8.96500e+06
       14425.0   8.84700e+06
       14475.0   8.72900e+06
       14525.0   8.61300e+06
       14570.0   8.51100e+06
       14620.0   8.39600e+06
       14675.0   8.27600e+06
       14725.0   8.16800e+06
       14775.0   8.06100e+06
       14825.0   7.95800e+06
       14875.0   7.85500e+06
       14925.0   7.75500e+06
       14975.0   7.65500e+06
       15025.0   7.55600e+06
       15075.0   7.44500e+06
       15125.0   7.36500e+06
       15175.0   7.27100e+06
       15225.0   7.17900e+06
       15275.0   7.08500e+06
       15325.0   6.99400e+06
       15375.0   6.91100e+06
       15425.0   6.81000e+06
       15475.0   6.73900e+06
       15525.0   6.65300e+06
       15575.0   6.53900e+06
       15625.0   6.50900e+06
       15675.0   6.39000e+06
       15725.0   6.28200e+06
       15775.0   6.28100e+06
       15825.0   6.19900e+06
       15875.0   5.98500e+06
       15925.0   6.02300e+06
       15975.0   5.99500e+06
       16050.0   5.85700e+06
       16150.0   5.63400e+06
       16250.0   5.62800e+06
       16350.0   5.44200e+06
       16450.0   5.21900e+06
       16550.0   5.24800e+06
       16650.0   5.12800e+06
       16750.0   4.94600e+06
       16850.0   4.73600e+06
       16950.0   4.78100e+06
       17050.0   4.64700e+06
       17150.0   4.57000e+06
       17250.0   4.46300e+06
       17350.0   4.18000e+06
       17450.0   4.25200e+06
       17550.0   4.17700e+06
       17650.0   4.08600e+06
       17750.0   3.99600e+06
       17850.0   3.90600e+06
       17950.0   3.82600e+06
       18050.0   3.73900e+06
       18150.0   3.51000e+06
       18250.0   3.55400e+06
       18350.0   3.51000e+06
       18450.0   3.43600e+06
       18550.0   3.35900e+06
       18650.0   3.26600e+06
       18750.0   3.08800e+06
       18850.0   3.15600e+06
       18950.0   3.09300e+06
       19050.0   3.02000e+06
       19150.0   2.97100e+06
       19250.0   2.91100e+06
       19350.0   2.84600e+06
       19450.0   2.65900e+06
       19550.0   2.72900e+06
       19650.0   2.68600e+06
       19750.0   2.63300e+06
       19850.0   2.58200e+06
       19950.0   2.53100e+06
       20050.0   2.48200e+06
       20150.0   2.43400e+06
       20250.0   2.38800e+06
       20350.0   2.34200e+06
       20450.0   2.29700e+06
       20550.0   2.24900e+06
       20650.0   2.21200e+06
       20750.0   2.17000e+06
       20850.0   2.12900e+06
       20950.0   2.09000e+06
       21050.0   2.05100e+06
       21150.0   2.00500e+06
       21250.0   1.97700e+06
       21350.0   1.94000e+06
       21450.0   1.90500e+06
       21550.0   1.86700e+06
       21650.0   1.74500e+06
       21750.0   1.79600e+06
       21850.0   1.77100e+06
       21950.0   1.74000e+06
       22050.0   1.71000e+06
       22150.0   1.68000e+06
       22250.0   1.65000e+06
       22350.0   1.62100e+06
       22450.0   1.59300e+06
       22550.0   1.56600e+06
       22650.0   1.53900e+06
       22750.0   1.51200e+06
       22850.0   1.48600e+06
       22950.0   1.46100e+06
       23050.0   1.43600e+06
       23150.0   1.41200e+06
       23250.0   1.38800e+06
       23350.0   1.36500e+06
       23450.0   1.34300e+06
       23550.0   1.32000e+06
       23650.0   1.29900e+06
       23750.0   1.27700e+06
       23850.0   1.25600e+06
       23950.0   1.23600e+06
       24050.0   1.21600e+06
       24150.0   1.19600e+06
       24250.0   1.17700e+06
       24350.0   1.15800e+06
       24450.0   1.13900e+06
       24550.0   1.12100e+06
       24650.0   1.10300e+06
       24750.0   1.08300e+06
       24850.0   1.06900e+06
       24950.0   1.04900e+06
       25050.0   1.03600e+06
       25150.0   1.02000e+06
       25250.0       999200.
       25350.0       988300.
       25450.0       974400.
       25550.0       958000.
       25650.0       935600.
       25750.0       929600.
       25850.0       917300.
       25950.0       903000.
       26050.0       885200.
       26150.0       858300.
       26250.0       819500.
       26350.0       846300.
       26450.0       838600.
       26550.0       825800.
       26650.0       810600.
       26750.0       780800.
       26850.0       786600.
       26950.0       779400.
       27050.0       768000.
       27150.0       756900.
       27250.0       746100.
       27350.0       735300.
       27450.0       723300.
       27550.0       692700.
       27650.0       695400.
       27750.0       693900.
       27850.0       684500.
       27950.0       674900.
       28050.0       665300.
       28150.0       656100.
       28250.0       647000.
       28350.0       638000.
       28450.0       629200.
       28550.0       620100.
       28650.0       606200.
       28750.0       579900.
       28850.0       593600.
       28950.0       587300.
       29050.0       579400.
       29150.0       571600.
       29250.0       563900.
       29350.0       556300.
       29450.0       548900.
       29550.0       541600.
       29650.0       534400.
       29750.0       527300.
       29850.0       520300.
       29950.0       513500.
       30050.0       506800.
       30150.0       500000.
       30250.0       492700.
       30350.0       470300.
       30450.0       471200.
       30550.0       474200.
       30650.0       468600.
       30750.0       462400.
       30850.0       456600.
       30950.0       450900.
       31050.0       445200.
       31150.0       439500.
       31250.0       433900.
       31350.0       428500.
       31450.0       423200.
       31550.0       417900.
       31650.0       412700.
       31750.0       407600.
       31850.0       402500.
       31950.0       397500.
       32100.0       390200.
       32300.0       380700.
       32500.0       371500.
       32700.0       362600.
       32900.0       343500.
       33100.0       343200.
       33300.0       337000.
       33500.0       329200.
       33700.0       321600.
       33900.0       314100.
       34100.0       306900.
       34300.0       299900.
       34500.0       293000.
       34700.0       286400.
       34900.0       279900.
       35100.0       273700.
       35300.0       267600.
       35500.0       261600.
       35700.0       255900.
       35900.0       250300.
       36100.0       244800.
       36300.0       239500.
       36500.0       234200.
       36700.0       229400.
       36900.0       224200.
       37100.0       219300.
       37300.0       212000.
       37500.0       206000.
       37700.0       206200.
       37900.0       202300.
       38100.0       197300.
       38300.0       193300.
       38500.0       190000.
       38700.0       186200.
       38900.0       182100.
       39100.0       177300.
       39300.0       175000.
       39500.0       171600.
       39700.0       168200.
       39900.0       164900.
       40100.0       160600.
       40300.0       156700.
       40500.0       151100.
       40700.0       152200.
       40900.0       149400.
       41100.0       146500.
       41300.0       143600.
       41500.0       140800.
       41700.0       135900.
       41900.0       135500.
       42100.0       133200.
       42300.0       130700.
       42500.0       128200.
       42700.0       125900.
       42900.0       123300.
       43100.0       121300.
       43300.0       119100.
       43500.0       116800.
       43700.0       112500.
       43900.0       112000.
       44100.0       110700.
       44300.0       108700.
       44500.0       106800.
       44700.0       105000.
       44900.0       103200.
       45100.0       101300.
       45300.0       99560.0
       45500.0       97830.0
       45700.0       96140.0
       45900.0       94480.0
       46100.0       92810.0
       46300.0       91010.0
       46500.0       86450.0
       46700.0       85490.0
       46900.0       86150.0
       47100.0       85190.0
       47300.0       83810.0
       47500.0       82410.0
       47700.0       81040.0
       47900.0       79700.0
       48100.0       78390.0
       48300.0       77100.0
       48500.0       75840.0
       48700.0       74600.0
       48900.0       73390.0
       49100.0       72210.0
       49300.0       71050.0
       49500.0       69910.0
       49700.0       68790.0
       49900.0       67700.0
       50100.0       66620.0
       50300.0       65570.0
       50500.0       64540.0
       50700.0       63530.0
       50900.0       62490.0
       51100.0       61280.0
       51300.0       58640.0
       51500.0       59470.0
       51700.0       58690.0
       51900.0       57870.0
       52100.0       56980.0
       52300.0       56120.0
       52500.0       55250.0
       52700.0       54370.0
       52900.0       53620.0
       53100.0       52820.0
       53300.0       52030.0
       53500.0       51260.0
       53700.0       50420.0
       53900.0       49680.0
       54100.0       49020.0
       54300.0       48310.0
       54500.0       47600.0
       54700.0       46910.0
       54900.0       46230.0
       55100.0       45500.0
       55300.0       44720.0
       55500.0       44270.0
       55700.0       43630.0
       55900.0       43010.0
       56100.0       42400.0
       56300.0       41800.0
       56500.0       41220.0
       56700.0       40640.0
       56900.0       40030.0
       57100.0       39230.0
       57300.0       38910.0
       57500.0       38420.0
       57700.0       37900.0
       57900.0       37370.0
       58100.0       36860.0
       58300.0       36360.0
       58500.0       35890.0
       58700.0       35390.0
       58900.0       34730.0
       59100.0       33200.0
       59300.0       33830.0
       59500.0       33160.0
       59700.0       32890.0
       59900.0       32620.0
       60100.0       32220.0
       60300.0       31790.0
       60500.0       31380.0
       60700.0       30960.0
       60900.0       30560.0
       61100.0       30160.0
       61300.0       29770.0
       61500.0       29380.0
       61700.0       29000.0
       61900.0       28630.0
       62100.0       28260.0
       62300.0       27900.0
       62500.0       27550.0
       62700.0       27100.0
       62900.0       26330.0
       63100.0       26380.0
       63300.0       26180.0
       63500.0       25850.0
       63700.0       25530.0
       63900.0       25210.0
       64200.0       24740.0
       64600.0       24130.0
       65000.0       23550.0
       65400.0       22970.0
       65800.0       22420.0
       66200.0       21880.0
       66600.0       21360.0
       67000.0       20860.0
       67400.0       20320.0
       67800.0       19580.0
       68200.0       19420.0
       68600.0       18970.0
       69000.0       18540.0
       69400.0       18110.0
       69800.0       17700.0
       70200.0       17300.0
       70600.0       16910.0
       71000.0       16530.0
       71400.0       16160.0
       71800.0       15810.0
       72200.0       15460.0
       72600.0       15120.0
       73000.0       14790.0
       73400.0       14470.0
       73800.0       14160.0
       74200.0       13820.0
       74600.0       13240.0
       75000.0       12830.0
       75400.0       12940.0
       75800.0       12720.0
       76200.0       12460.0
       76600.0       12200.0
       77000.0       11940.0
       77400.0       11700.0
       77800.0       11420.0
       78200.0       11230.0
       78600.0       11000.0
       79000.0       10780.0
       79400.0       10560.0
       79800.0       10350.0
       80200.0       10150.0
       80600.0       9946.00
       81000.0       9751.00
       81400.0       9520.00
       81800.0       9355.00
       82200.0       9193.00
       82600.0       9015.00
       83000.0       8842.00
       83400.0       8674.00
       83800.0       8509.00
       84200.0       8348.00
       84600.0       8190.00
       85000.0       8037.00
       85400.0       7887.00
       85800.0       7741.00
       86200.0       7594.00
       86600.0       7392.00
       87000.0       7309.00
       87400.0       7095.00
       87800.0       6968.00
       88200.0       6930.00
       88600.0       6805.00
       89000.0       6683.00
       89400.0       6564.00
       89800.0       6448.00
       90200.0       6334.00
       90600.0       6222.00
       91000.0       6113.00
       91400.0       6007.00
       91800.0       5902.00
       92200.0       5800.00
       92600.0       5700.00
       93000.0       5602.00
       93400.0       5503.00
       93800.0       5344.00
       94200.0       5298.00
       94600.0       5232.00
       95000.0       5143.00
       95400.0       5058.00
       95800.0       4973.00
       96200.0       4891.00
       96600.0       4810.00
       97000.0       4731.00
       97400.0       4654.00
       97800.0       4577.00
       98200.0       4503.00
       98600.0       4430.00
       99000.0       4359.00
       99400.0       4289.00
       99800.0       4220.00
       100200.       4153.00
       200000.       257.900
       400000.       15.8100
       600000.       3.08000
       800000.      0.964500
   1.00000e+06      0.391800
   1.20000e+06      0.187700
   1.40000e+06      0.100700
   1.60000e+06     0.0587400
