       90.9000       0.00000
       93.5000       0.00000
       96.1000       0.00000
       97.7000       0.00000
       99.6000       0.00000
       102.000       0.00000
       103.800       0.00000
       105.600       0.00000
       107.700       0.00000
       110.400       0.00000
       114.000       0.00000
       117.800       0.00000
       121.300       0.00000
       124.800       0.00000
       127.100       0.00000
       128.400       0.00000
       130.500       0.00000
       132.400       0.00000
       133.900       0.00000
       136.600       0.00000
       139.800       0.00000
       143.300       0.00000
       147.200       0.00000
       151.000       0.00000
       155.200       0.00000
       158.800       0.00000
       162.000       0.00000
       166.000       0.00000
       170.300       0.00000
       173.400       0.00000
       176.800       0.00000
       180.200       0.00000
       181.700       0.00000
       186.100       0.00000
       191.000       0.00000
       193.900       0.00000
       198.400       0.00000
       201.800       0.00000
       205.000       0.00000
       210.500       0.00000
       216.200       0.00000
       219.800   2.25500e-23
       223.000   8.87800e-23
       226.800   3.21100e-22
       230.000   8.87600e-22
       234.000   2.98600e-21
       240.000   1.70800e-20
       246.500   1.03600e-19
       252.400   4.94300e-19
       256.800   1.51900e-18
       260.000   3.36500e-18
       264.000   8.86800e-18
       268.500   2.54000e-17
       273.500   7.86400e-17
       278.500   2.36200e-16
       284.000   7.57600e-16
       290.000   2.57400e-15
       296.000   8.30200e-15
       301.000   2.14400e-14
       308.000   7.71000e-14
       318.000   4.37100e-13
       328.000   2.24400e-12
       338.000   1.05000e-11
       348.000   4.52400e-11
       357.000   1.59900e-10
       366.000   5.25700e-10
       375.000   1.62900e-09
       385.000   5.41300e-09
       395.000   1.68900e-08
       405.000   5.01400e-08
       414.000   1.27600e-07
       422.000   2.83100e-07
       430.000   6.07100e-07
       441.000   1.67900e-06
       451.000   4.03400e-06
       460.000   8.59900e-06
       470.000   1.92500e-05
       480.000   4.17200e-05
       490.000   8.76400e-05
       500.000   0.000178400
       506.000    0.00125100
       512.000    0.00253900
       520.000    0.00401800
       530.000    0.00702500
       540.000     0.0118100
       550.000     0.0202500
       560.000     0.0333600
       570.000     0.0542600
       580.000     0.0839100
       590.000      0.134800
       600.000      0.208000
       610.000      0.318800
       620.000      0.477600
       630.000      0.709300
       640.000       1.03100
       650.000       1.50300
       658.000       2.00600
       665.000       2.55800
       675.000       3.59600
       685.000       5.01900
       695.000       6.96100
       705.000       9.49800
       716.000       13.2900
       726.000       17.8700
       735.000       23.1100
       745.000       30.5800
       755.000       40.1500
       765.000       52.2600
       775.000       67.7500
       785.000       87.1500
       795.000       110.700
       805.000       140.800
       815.000       177.700
       825.000       222.600
       835.000       275.500
       845.000       343.900
       855.000       423.500
       865.000       520.300
       875.000       633.100
       885.000       771.100
       895.000       931.800
       905.000       1112.00
       915.000       15810.0
       925.000       102800.
       935.000       164000.
       945.000       321400.
       955.000   1.08500e+06
       965.000   1.67000e+06
       975.000       606900.
       985.000   6.26100e+06
       995.000   1.00600e+07
       1005.00   1.14000e+07
       1015.00   5.01700e+06
       1025.00       717100.
       1035.00   3.43400e+06
       1045.00   1.63800e+07
       1055.00   2.59800e+07
       1065.00   2.52400e+07
       1075.00   3.32600e+07
       1085.00   3.49100e+07
       1095.00   3.89700e+07
       1105.00   6.29700e+07
       1115.00   1.77800e+08
       1125.00   2.10500e+08
       1135.00   2.48900e+08
       1145.00   2.20800e+08
       1155.00   2.60600e+08
       1165.00   2.84900e+08
       1175.00   2.59300e+08
       1185.00   2.02300e+08
       1195.00   1.78700e+07
       1205.00   1.38600e+07
       1215.00   1.61200e+06
       1225.00   8.27400e+06
       1235.00   9.71200e+07
       1245.00   2.54800e+08
       1255.00   3.61600e+08
       1265.00   2.62100e+08
       1275.00   4.18300e+08
       1285.00   5.17700e+08
       1295.00   4.05700e+08
       1305.00   2.29900e+08
       1315.00   4.47100e+08
       1325.00   4.98600e+08
       1335.00   4.31900e+08
       1345.00   5.43900e+08
       1355.00   5.09000e+08
       1365.00   4.37100e+08
       1375.00   4.98200e+08
       1385.00   5.01600e+08
       1395.00   5.08700e+08
       1405.00   5.05800e+08
       1415.00   4.66600e+08
       1425.00   4.99800e+08
       1435.00   4.59100e+08
       1442.00   5.14600e+08
       1447.00   5.47700e+08
       1455.00   5.35600e+08
       1465.00   4.92000e+08
       1475.00   4.62800e+08
       1485.00   4.84800e+08
       1495.00   5.16700e+08
       1505.00   5.06800e+08
       1512.00   4.62200e+08
       1517.00   5.07200e+08
       1525.00   4.66800e+08
       1535.00   4.33300e+08
       1545.00   4.91000e+08
       1555.00   4.30900e+08
       1565.00   3.98100e+08
       1575.00   4.19600e+08
       1585.00   4.60800e+08
       1595.00   4.75600e+08
       1605.00   4.45100e+08
       1615.00   4.48800e+08
       1625.00   4.09100e+08
       1635.00   4.24700e+08
       1645.00   4.37300e+08
       1655.00   3.82500e+08
       1665.00   4.25300e+08
       1672.00   3.38500e+08
       1677.00   4.05800e+08
       1685.00   4.44300e+08
       1695.00   4.16000e+08
       1705.00   3.89900e+08
       1715.00   3.69100e+08
       1725.00   3.64200e+08
       1735.00   3.84100e+08
       1745.00   3.80200e+08
       1755.00   4.13800e+08
       1765.00   3.57600e+08
       1775.00   3.88300e+08
       1785.00   3.92300e+08
       1795.00   4.19200e+08
       1805.00   4.03800e+08
       1815.00   3.93600e+08
       1825.00   3.82300e+08
       1835.00   3.67200e+08
       1845.00   3.42500e+08
       1855.00   3.47800e+08
       1865.00   3.50000e+08
       1875.00   3.76600e+08
       1885.00   3.61100e+08
       1895.00   3.51200e+08
       1905.00   3.49900e+08
       1915.00   3.51100e+08
       1925.00   3.50200e+08
       1935.00   3.52300e+08
       1945.00   3.58900e+08
       1955.00   3.46400e+08
       1967.00   3.65600e+08
       1976.00   3.69100e+08
       1984.00   3.52800e+08
       1995.00   3.37300e+08
       2005.00   3.42800e+08
       2015.00   3.19200e+08
       2025.00   3.36600e+08
       2035.00   3.27500e+08
       2045.00   3.36500e+08
       2055.00   3.19000e+08
       2065.00   3.17800e+08
       2074.00   3.28500e+08
       2078.00   3.30300e+08
       2085.00   3.31400e+08
       2095.00   3.16000e+08
       2105.00   3.12300e+08
       2115.00   3.11100e+08
       2125.00   3.13400e+08
       2135.00   2.77800e+08
       2145.00   3.00700e+08
       2155.00   3.06000e+08
       2165.00   2.90600e+08
       2175.00   2.84600e+08
       2185.00   2.80200e+08
       2195.00   2.94800e+08
       2205.00   2.82300e+08
       2215.00   2.63000e+08
       2225.00   2.52300e+08
       2235.00   2.76400e+08
       2245.00   2.50600e+08
       2255.00   2.45200e+08
       2265.00   2.50500e+08
       2275.00   2.61800e+08
       2285.00   2.67200e+08
       2295.00   2.54300e+08
       2305.00   2.43000e+08
       2315.00   2.32700e+08
       2325.00   2.32200e+08
       2335.00   2.19000e+08
       2345.00   2.08200e+08
       2355.00   2.26400e+08
       2365.00   2.05500e+08
       2375.00   2.13100e+08
       2385.00   1.92800e+08
       2395.00   2.12000e+08
       2405.00   1.99900e+08
       2415.00   2.05000e+08
       2425.00   2.14000e+08
       2435.00   2.03300e+08
       2445.00   2.17800e+08
       2455.00   2.08700e+08
       2465.00   2.09500e+08
       2475.00   2.00300e+08
       2485.00   2.13400e+08
       2495.00   2.05800e+08
       2505.00   2.21000e+08
       2513.00   2.02300e+08
       2518.00   2.07800e+08
       2525.00   1.94200e+08
       2535.00   1.94900e+08
       2545.00   1.91500e+08
       2555.00   2.01200e+08
       2565.00   1.98200e+08
       2575.00   2.11100e+08
       2585.00   2.08700e+08
       2595.00   2.06900e+08
       2605.00   1.97600e+08
       2615.00   1.96500e+08
       2625.00   2.02300e+08
       2635.00   2.03300e+08
       2645.00   2.17800e+08
       2655.00   2.13600e+08
       2665.00   1.98500e+08
       2675.00   2.06600e+08
       2685.00   2.03600e+08
       2695.00   1.97200e+08
       2705.00   2.01600e+08
       2715.00   1.92600e+08
       2725.00   1.93900e+08
       2735.00   2.05100e+08
       2745.00   1.80600e+08
       2755.00   1.79400e+08
       2765.00   1.84300e+08
       2775.00   1.93600e+08
       2785.00   1.92300e+08
       2795.00   1.66400e+08
       2805.00   1.79700e+08
       2815.00   1.94500e+08
       2825.00   1.94700e+08
       2835.00   1.86100e+08
       2845.00   1.79500e+08
       2855.00   1.77800e+08
       2865.00   1.85200e+08
       2875.00   1.79800e+08
       2885.00   1.83000e+08
       2895.00   1.77700e+08
       2910.00   1.89700e+08
       2930.00   1.82200e+08
       2950.00   1.81200e+08
       2970.00   1.80800e+08
       2990.00   1.79700e+08
       3010.00   1.82000e+08
       3030.00   1.79200e+08
       3050.00   1.76000e+08
       3070.00   1.73300e+08
       3090.00   1.73500e+08
       3110.00   1.69000e+08
       3130.00   1.67100e+08
       3150.00   1.67000e+08
       3170.00   1.64500e+08
       3190.00   1.59100e+08
       3210.00   1.60600e+08
       3230.00   1.57800e+08
       3250.00   1.56900e+08
       3270.00   1.56000e+08
       3290.00   1.55000e+08
       3310.00   1.54200e+08
       3330.00   1.51100e+08
       3350.00   1.48500e+08
       3370.00   1.47300e+08
       3390.00   1.45100e+08
       3410.00   1.45400e+08
       3430.00   1.43800e+08
       3450.00   1.42400e+08
       3470.00   1.40200e+08
       3490.00   1.38800e+08
       3510.00   1.38300e+08
       3530.00   1.37400e+08
       3550.00   1.36000e+08
       3570.00   1.34200e+08
       3590.00   1.32700e+08
       3610.00   1.31400e+08
       3630.00   1.29800e+08
       3640.00   1.29300e+08
       3650.00   1.30800e+08
       3670.00   1.29500e+08
       3690.00   1.24900e+08
       3710.00   1.25700e+08
       3730.00   1.27100e+08
       3750.00   1.57700e+08
       3770.00   1.65300e+08
       3790.00   1.95200e+08
       3810.00   2.19700e+08
       3830.00   1.78600e+08
       3850.00   2.32300e+08
       3870.00   2.52700e+08
       3890.00   1.58800e+08
       3910.00   2.48100e+08
       3930.00   2.52700e+08
       3950.00   2.44000e+08
       3970.00   1.50000e+08
       3990.00   2.33100e+08
       4010.00   2.43300e+08
       4030.00   2.37600e+08
       4050.00   2.38400e+08
       4070.00   2.30900e+08
       4090.00   1.94100e+08
       4110.00   1.53400e+08
       4130.00   2.16400e+08
       4150.00   2.20800e+08
       4170.00   2.18100e+08
       4190.00   2.15700e+08
       4210.00   2.13100e+08
       4230.00   2.09500e+08
       4250.00   2.06200e+08
       4270.00   2.02300e+08
       4290.00   2.00000e+08
       4310.00   1.93200e+08
       4330.00   1.56700e+08
       4350.00   1.35200e+08
       4370.00   1.84700e+08
       4390.00   1.83600e+08
       4410.00   1.83900e+08
       4430.00   1.81000e+08
       4450.00   1.79700e+08
       4470.00   1.75300e+08
       4490.00   1.72200e+08
       4510.00   1.71600e+08
       4530.00   1.69100e+08
       4550.00   1.65600e+08
       4570.00   1.65400e+08
       4590.00   1.61900e+08
       4610.00   1.61400e+08
       4630.00   1.57500e+08
       4650.00   1.57100e+08
       4670.00   1.54600e+08
       4690.00   1.52400e+08
       4710.00   1.48700e+08
       4730.00   1.48600e+08
       4750.00   1.46400e+08
       4770.00   1.44900e+08
       4790.00   1.42700e+08
       4810.00   1.40000e+08
       4830.00   1.35800e+08
       4850.00   1.13600e+08
       4870.00   9.43200e+07
       4890.00   1.29200e+08
       4910.00   1.30900e+08
       4930.00   1.28900e+08
       4950.00   1.28500e+08
       4970.00   1.27300e+08
       4990.00   1.25400e+08
       5010.00   1.22300e+08
       5030.00   1.21700e+08
       5050.00   1.19100e+08
       5070.00   1.19000e+08
       5090.00   1.17500e+08
       5110.00   1.15800e+08
       5130.00   1.14800e+08
       5150.00   1.12800e+08
       5170.00   1.11000e+08
       5190.00   1.10000e+08
       5210.00   1.08600e+08
       5230.00   1.07000e+08
       5250.00   1.06400e+08
       5270.00   1.04300e+08
       5290.00   1.04100e+08
       5310.00   1.02100e+08
       5330.00   1.01400e+08
       5350.00   1.00400e+08
       5370.00   9.91800e+07
       5390.00   9.79900e+07
       5410.00   9.66200e+07
       5430.00   9.55900e+07
       5450.00   9.46400e+07
       5470.00   9.34100e+07
       5490.00   9.24100e+07
       5510.00   9.12800e+07
       5530.00   9.03600e+07
       5550.00   8.93400e+07
       5570.00   8.83100e+07
       5590.00   8.73200e+07
       5610.00   8.64300e+07
       5630.00   8.54600e+07
       5650.00   8.42300e+07
       5670.00   8.33500e+07
       5690.00   8.25400e+07
       5710.00   8.16400e+07
       5730.00   8.07300e+07
       5750.00   7.98100e+07
       5770.00   7.89300e+07
       5790.00   7.79500e+07
       5810.00   7.71300e+07
       5830.00   7.63000e+07
       5850.00   7.54700e+07
       5870.00   7.41700e+07
       5890.00   7.36300e+07
       5910.00   7.29900e+07
       5930.00   7.22500e+07
       5950.00   7.11900e+07
       5970.00   7.05800e+07
       5990.00   6.96800e+07
       6010.00   6.91300e+07
       6030.00   6.84000e+07
       6050.00   6.76300e+07
       6070.00   6.69100e+07
       6090.00   6.62000e+07
       6110.00   6.55200e+07
       6130.00   6.48100e+07
       6150.00   6.37100e+07
       6170.00   6.34300e+07
       6190.00   6.28000e+07
       6210.00   6.21400e+07
       6230.00   6.14300e+07
       6250.00   6.05300e+07
       6270.00   6.02100e+07
       6290.00   5.95700e+07
       6310.00   5.88900e+07
       6330.00   5.83300e+07
       6350.00   5.71800e+07
       6370.00   5.67800e+07
       6390.00   5.65300e+07
       6410.00   5.59100e+07
       6430.00   5.54000e+07
       6450.00   5.46400e+07
       6470.00   5.42700e+07
       6490.00   5.35200e+07
       6510.00   5.28300e+07
       6530.00   5.16900e+07
       6550.00   4.65800e+07
       6570.00   3.85300e+07
       6590.00   4.93000e+07
       6610.00   5.01400e+07
       6630.00   4.98900e+07
       6650.00   4.95300e+07
       6670.00   4.90200e+07
       6690.00   4.85600e+07
       6710.00   4.81500e+07
       6730.00   4.76500e+07
       6750.00   4.72100e+07
       6770.00   4.67600e+07
       6790.00   4.62900e+07
       6810.00   4.58500e+07
       6830.00   4.53800e+07
       6850.00   4.49500e+07
       6870.00   4.45300e+07
       6890.00   4.41100e+07
       6910.00   4.36700e+07
       6930.00   4.32300e+07
       6950.00   4.28500e+07
       6970.00   4.24500e+07
       6990.00   4.20600e+07
       7010.00   4.16100e+07
       7030.00   4.12700e+07
       7050.00   4.08100e+07
       7070.00   4.04300e+07
       7090.00   4.01200e+07
       7110.00   3.96800e+07
       7130.00   3.93500e+07
       7150.00   3.89900e+07
       7170.00   3.86400e+07
       7190.00   3.82900e+07
       7210.00   3.79400e+07
       7230.00   3.75600e+07
       7250.00   3.72200e+07
       7270.00   3.69000e+07
       7290.00   3.65500e+07
       7310.00   3.62200e+07
       7330.00   3.59000e+07
       7350.00   3.55900e+07
       7370.00   3.52700e+07
       7390.00   3.49500e+07
       7410.00   3.46200e+07
       7430.00   3.42500e+07
       7450.00   3.39800e+07
       7470.00   3.36300e+07
       7490.00   3.33700e+07
       7510.00   3.30700e+07
       7530.00   3.28100e+07
       7550.00   3.25200e+07
       7570.00   3.22300e+07
       7590.00   3.19500e+07
       7610.00   3.16800e+07
       7630.00   3.13900e+07
       7650.00   3.11100e+07
       7670.00   3.08400e+07
       7690.00   3.05700e+07
       7710.00   3.03000e+07
       7730.00   3.00400e+07
       7750.00   2.97800e+07
       7770.00   2.90900e+07
       7790.00   2.92700e+07
       7810.00   2.90300e+07
       7830.00   2.87700e+07
       7850.00   2.84700e+07
       7870.00   2.81700e+07
       7890.00   2.78700e+07
       7910.00   2.77900e+07
       7930.00   2.75700e+07
       7950.00   2.72400e+07
       7970.00   2.71100e+07
       7990.00   2.66800e+07
       8010.00   2.66500e+07
       8030.00   2.64300e+07
       8050.00   2.62100e+07
       8070.00   2.59900e+07
       8090.00   2.57700e+07
       8110.00   2.55500e+07
       8130.00   2.53400e+07
       8150.00   2.51300e+07
       8170.00   2.49300e+07
       8190.00   2.46800e+07
       8210.00   2.45200e+07
       8230.00   2.42800e+07
       8250.00   2.42200e+07
       8270.00   2.40700e+07
       8290.00   2.38400e+07
       8310.00   2.37000e+07
       8330.00   2.34800e+07
       8350.00   2.33200e+07
       8370.00   2.31300e+07
       8390.00   2.29200e+07
       8410.00   2.26800e+07
       8430.00   2.24600e+07
       8450.00   2.20900e+07
       8470.00   2.18000e+07
       8490.00   2.20200e+07
       8510.00   2.11300e+07
       8530.00   2.19300e+07
       8550.00   2.01200e+07
       8570.00   2.20100e+07
       8590.00   2.05000e+07
       8610.00   2.00200e+07
       8630.00   2.20500e+07
       8650.00   2.11200e+07
       8670.00   1.79600e+07
       8690.00   2.15000e+07
       8710.00   2.21600e+07
       8730.00   2.12800e+07
       8750.00   1.70900e+07
       8770.00   2.02200e+07
       8790.00   2.18000e+07
       8810.00   2.18700e+07
       8830.00   2.13300e+07
       8850.00   1.91400e+07
       8870.00   1.63900e+07
       8890.00   2.02900e+07
       8910.00   2.10000e+07
       8930.00   2.09800e+07
       8950.00   2.09000e+07
       8970.00   2.05900e+07
       8990.00   1.97100e+07
       9010.00   1.59500e+07
       9030.00   1.72700e+07
       9050.00   1.95600e+07
       9070.00   1.97300e+07
       9090.00   1.96500e+07
       9110.00   1.96600e+07
       9130.00   1.95200e+07
       9150.00   1.94000e+07
       9170.00   1.91500e+07
       9190.00   1.87100e+07
       9210.00   1.75300e+07
       9230.00   1.39100e+07
       9250.00   1.68400e+07
       9270.00   1.78200e+07
       9290.00   1.82700e+07
       9310.00   1.82400e+07
       9330.00   1.81100e+07
       9350.00   1.80300e+07
       9370.00   1.79100e+07
       9390.00   1.77300e+07
       9410.00   1.74600e+07
       9430.00   1.74700e+07
       9450.00   1.73300e+07
       9470.00   1.71600e+07
       9490.00   1.69500e+07
       9510.00   1.65600e+07
       9530.00   1.52500e+07
       9550.00   1.24800e+07
       9570.00   1.53300e+07
       9590.00   1.61500e+07
       9610.00   1.62200e+07
       9630.00   1.60200e+07
       9650.00   1.60900e+07
       9670.00   1.59500e+07
       9690.00   1.58800e+07
       9710.00   1.57800e+07
       9730.00   1.56600e+07
       9750.00   1.55400e+07
       9770.00   1.54300e+07
       9790.00   1.53200e+07
       9810.00   1.52000e+07
       9830.00   1.50700e+07
       9850.00   1.49700e+07
       9870.00   1.48600e+07
       9890.00   1.47300e+07
       9910.00   1.46500e+07
       9930.00   1.45400e+07
       9950.00   1.44100e+07
       9970.00   1.42800e+07
       9990.00   1.41200e+07
       10025.0   1.29500e+07
       10075.0   1.23000e+07
       10125.0   1.34200e+07
       10175.0   1.33100e+07
       10225.0   1.31000e+07
       10275.0   1.28700e+07
       10325.0   1.26400e+07
       10375.0   1.24300e+07
       10425.0   1.22200e+07
       10475.0   1.20000e+07
       10525.0   1.17900e+07
       10575.0   1.16000e+07
       10625.0   1.14100e+07
       10675.0   1.11500e+07
       10725.0   1.10100e+07
       10775.0   1.08300e+07
       10825.0   1.06200e+07
       10875.0   1.03700e+07
       10925.0   8.93300e+06
       10975.0   9.61200e+06
       11025.0   9.92300e+06
       11075.0   9.81100e+06
       11125.0   9.65900e+06
       11175.0   9.50300e+06
       11225.0   9.35200e+06
       11275.0   9.14300e+06
       11325.0   9.01500e+06
       11375.0   8.90900e+06
       11425.0   8.76700e+06
       11475.0   8.63300e+06
       11525.0   8.49900e+06
       11575.0   8.36500e+06
       11625.0   8.21900e+06
       11675.0   8.08900e+06
       11725.0   7.98100e+06
       11775.0   7.82600e+06
       11825.0   7.73200e+06
       11875.0   7.61000e+06
       11925.0   7.50600e+06
       11975.0   7.38700e+06
       12025.0   7.28000e+06
       12075.0   7.16900e+06
       12125.0   7.06200e+06
       12175.0   6.95800e+06
       12225.0   6.85400e+06
       12275.0   6.75100e+06
       12325.0   6.65200e+06
       12375.0   6.55500e+06
       12425.0   6.46200e+06
       12475.0   6.35600e+06
       12525.0   6.27400e+06
       12575.0   6.17500e+06
       12625.0   6.09100e+06
       12675.0   6.00400e+06
       12725.0   5.89600e+06
       12775.0   5.68700e+06
       12825.0   4.98300e+06
       12875.0   5.56800e+06
       12925.0   5.57300e+06
       12975.0   5.51200e+06
       13025.0   5.43700e+06
       13075.0   5.36100e+06
       13125.0   5.28700e+06
       13175.0   5.20600e+06
       13225.0   5.14200e+06
       13275.0   5.07100e+06
       13325.0   5.00200e+06
       13375.0   4.93300e+06
       13425.0   4.86500e+06
       13475.0   4.79900e+06
       13525.0   4.73200e+06
       13575.0   4.67000e+06
       13625.0   4.60700e+06
       13675.0   4.54400e+06
       13725.0   4.48300e+06
       13775.0   4.42600e+06
       13825.0   4.36800e+06
       13875.0   4.31000e+06
       13925.0   4.25300e+06
       13975.0   4.19800e+06
       14025.0   4.14300e+06
       14075.0   4.08900e+06
       14125.0   4.03600e+06
       14175.0   3.98400e+06
       14225.0   3.93200e+06
       14275.0   3.88200e+06
       14325.0   3.83200e+06
       14375.0   3.78300e+06
       14425.0   3.72700e+06
       14475.0   3.68700e+06
       14525.0   3.63800e+06
       14570.0   3.59900e+06
       14620.0   3.56000e+06
       14675.0   3.51300e+06
       14725.0   3.46900e+06
       14775.0   3.42400e+06
       14825.0   3.38500e+06
       14875.0   3.34200e+06
       14925.0   3.30400e+06
       14975.0   3.26300e+06
       15025.0   3.22300e+06
       15075.0   3.18300e+06
       15125.0   3.14500e+06
       15175.0   3.10600e+06
       15225.0   3.06800e+06
       15275.0   3.02700e+06
       15325.0   2.98700e+06
       15375.0   2.95800e+06
       15425.0   2.90300e+06
       15475.0   2.88700e+06
       15525.0   2.85000e+06
       15575.0   2.77600e+06
       15625.0   2.81100e+06
       15675.0   2.72700e+06
       15725.0   2.66000e+06
       15775.0   2.72500e+06
       15825.0   2.68700e+06
       15875.0   2.49900e+06
       15925.0   2.59300e+06
       15975.0   2.62000e+06
       16050.0   2.54000e+06
       16150.0   2.40200e+06
       16250.0   2.48000e+06
       16350.0   2.36600e+06
       16450.0   2.23400e+06
       16550.0   2.32300e+06
       16650.0   2.27300e+06
       16750.0   2.15800e+06
       16850.0   2.03600e+06
       16950.0   2.12400e+06
       17050.0   2.08300e+06
       17150.0   2.03800e+06
       17250.0   1.98300e+06
       17350.0   1.79100e+06
       17450.0   1.88100e+06
       17550.0   1.86700e+06
       17650.0   1.82900e+06
       17750.0   1.79000e+06
       17850.0   1.75300e+06
       17950.0   1.71700e+06
       18050.0   1.67100e+06
       18150.0   1.52300e+06
       18250.0   1.57600e+06
       18350.0   1.57700e+06
       18450.0   1.54800e+06
       18550.0   1.51500e+06
       18650.0   1.47600e+06
       18750.0   1.34500e+06
       18850.0   1.41500e+06
       18950.0   1.39800e+06
       19050.0   1.37100e+06
       19150.0   1.34400e+06
       19250.0   1.31700e+06
       19350.0   1.28100e+06
       19450.0   1.16400e+06
       19550.0   1.23200e+06
       19650.0   1.21900e+06
       19750.0   1.19600e+06
       19850.0   1.17300e+06
       19950.0   1.15100e+06
       20050.0   1.13000e+06
       20150.0   1.10800e+06
       20250.0   1.08800e+06
       20350.0   1.06800e+06
       20450.0   1.04800e+06
       20550.0   1.02900e+06
       20650.0   1.01000e+06
       20750.0       991600.
       20850.0       973600.
       20950.0       956000.
       21050.0       938900.
       21150.0       921800.
       21250.0       905500.
       21350.0       889300.
       21450.0       873300.
       21550.0       852300.
       21650.0       779100.
       21750.0       818300.
       21850.0       813700.
       21950.0       800600.
       22050.0       786900.
       22150.0       773400.
       22250.0       760300.
       22350.0       747400.
       22450.0       734800.
       22550.0       722400.
       22650.0       710400.
       22750.0       698500.
       22850.0       687500.
       22950.0       676200.
       23050.0       665200.
       23150.0       654300.
       23250.0       643700.
       23350.0       633300.
       23450.0       623100.
       23550.0       613200.
       23650.0       603400.
       23750.0       593800.
       23850.0       584300.
       23950.0       575100.
       24050.0       565800.
       24150.0       556800.
       24250.0       548300.
       24350.0       539500.
       24450.0       530800.
       24550.0       523000.
       24650.0       514300.
       24750.0       506400.
       24850.0       499900.
       24950.0       488500.
       25050.0       485000.
       25150.0       477800.
       25250.0       464300.
       25350.0       462900.
       25450.0       457800.
       25550.0       448900.
       25650.0       433300.
       25750.0       436500.
       25850.0       431800.
       25950.0       425200.
       26050.0       414100.
       26150.0       396500.
       26250.0       376900.
       26350.0       396200.
       26450.0       395500.
       26550.0       390200.
       26650.0       381700.
       26750.0       359400.
       26850.0       370800.
       26950.0       369000.
       27050.0       364800.
       27150.0       359700.
       27250.0       354700.
       27350.0       349300.
       27450.0       342400.
       27550.0       321000.
       27650.0       325900.
       27750.0       329400.
       27850.0       326100.
       27950.0       321600.
       28050.0       317200.
       28150.0       312900.
       28250.0       308600.
       28350.0       304500.
       28450.0       300300.
       28550.0       295300.
       28650.0       286100.
       28750.0       269700.
       28850.0       282000.
       28950.0       280400.
       29050.0       277100.
       29150.0       273400.
       29250.0       269900.
       29350.0       266300.
       29450.0       262900.
       29550.0       259500.
       29650.0       256100.
       29750.0       252800.
       29850.0       249500.
       29950.0       246300.
       30050.0       243200.
       30150.0       239800.
       30250.0       235500.
       30350.0       221400.
       30450.0       222700.
       30550.0       227000.
       30650.0       225200.
       30750.0       222400.
       30850.0       219600.
       30950.0       216900.
       31050.0       214300.
       31150.0       211600.
       31250.0       209000.
       31350.0       206400.
       31450.0       203900.
       31550.0       201400.
       31650.0       199000.
       31750.0       196500.
       31850.0       194200.
       31950.0       191800.
       32100.0       188400.
       32300.0       183900.
       32500.0       179600.
       32700.0       175100.
       32900.0       163800.
       33100.0       164900.
       33300.0       163000.
       33500.0       159400.
       33700.0       155800.
       33900.0       152300.
       34100.0       148900.
       34300.0       145500.
       34500.0       142300.
       34700.0       139200.
       34900.0       136100.
       35100.0       133100.
       35300.0       130200.
       35500.0       127400.
       35700.0       124600.
       35900.0       122000.
       36100.0       119300.
       36300.0       116900.
       36500.0       114300.
       36700.0       112100.
       36900.0       109400.
       37100.0       107300.
       37300.0       103000.
       37500.0       99780.0
       37700.0       100900.
       37900.0       98990.0
       38100.0       96470.0
       38300.0       94620.0
       38500.0       93210.0
       38700.0       91370.0
       38900.0       89320.0
       39100.0       86560.0
       39300.0       85990.0
       39500.0       84420.0
       39700.0       82810.0
       39900.0       81150.0
       40100.0       78710.0
       40300.0       76820.0
       40500.0       73760.0
       40700.0       74940.0
       40900.0       73870.0
       41100.0       72490.0
       41300.0       71120.0
       41500.0       69480.0
       41700.0       66290.0
       41900.0       66870.0
       42100.0       65990.0
       42300.0       64780.0
       42500.0       63600.0
       42700.0       62450.0
       42900.0       61320.0
       43100.0       60210.0
       43300.0       59130.0
       43500.0       57940.0
       43700.0       55190.0
       43900.0       55310.0
       44100.0       55010.0
       44300.0       54080.0
       44500.0       53140.0
       44700.0       52280.0
       44900.0       51310.0
       45100.0       50430.0
       45300.0       49560.0
       45500.0       48710.0
       45700.0       47880.0
       45900.0       47060.0
       46100.0       46240.0
       46300.0       45320.0
       46500.0       42770.0
       46700.0       42120.0
       46900.0       42900.0
       47100.0       42500.0
       47300.0       41840.0
       47500.0       41160.0
       47700.0       40500.0
       47900.0       39850.0
       48100.0       39200.0
       48300.0       38570.0
       48500.0       37950.0
       48700.0       37350.0
       48900.0       36750.0
       49100.0       36170.0
       49300.0       35600.0
       49500.0       35040.0
       49700.0       34480.0
       49900.0       33950.0
       50100.0       33420.0
       50300.0       32890.0
       50500.0       32390.0
       50700.0       31890.0
       50900.0       31350.0
       51100.0       30700.0
       51300.0       29160.0
       51500.0       29840.0
       51700.0       29480.0
       51900.0       29090.0
       52100.0       28690.0
       52300.0       28260.0
       52500.0       27790.0
       52700.0       27350.0
       52900.0       27020.0
       53100.0       26660.0
       53300.0       26270.0
       53500.0       25860.0
       53700.0       25390.0
       53900.0       25020.0
       54100.0       24760.0
       54300.0       24420.0
       54500.0       24070.0
       54700.0       23720.0
       54900.0       23380.0
       55100.0       22950.0
       55300.0       22530.0
       55500.0       22370.0
       55700.0       22090.0
       55900.0       21790.0
       56100.0       21480.0
       56300.0       21180.0
       56500.0       20890.0
       56700.0       20600.0
       56900.0       20250.0
       57100.0       19760.0
       57300.0       19680.0
       57500.0       19490.0
       57700.0       19230.0
       57900.0       18970.0
       58100.0       18720.0
       58300.0       18450.0
       58500.0       18200.0
       58700.0       17940.0
       58900.0       17570.0
       59100.0       16700.0
       59300.0       17130.0
       59500.0       16710.0
       59700.0       16650.0
       59900.0       16560.0
       60100.0       16370.0
       60300.0       16160.0
       60500.0       15970.0
       60700.0       15780.0
       60900.0       15580.0
       61100.0       15370.0
       61300.0       15180.0
       61500.0       14980.0
       61700.0       14790.0
       61900.0       14610.0
       62100.0       14420.0
       62300.0       14220.0
       62500.0       14020.0
       62700.0       13790.0
       62900.0       13280.0
       63100.0       13410.0
       63300.0       13330.0
       63500.0       13190.0
       63700.0       13050.0
       63900.0       12890.0
       64200.0       12650.0
       64600.0       12340.0
       65000.0       12050.0
       65400.0       11760.0
       65800.0       11480.0
       66200.0       11210.0
       66600.0       10940.0
       67000.0       10680.0
       67400.0       10380.0
       67800.0       9956.00
       68200.0       9940.00
       68600.0       9737.00
       69000.0       9517.00
       69400.0       9296.00
       69800.0       9093.00
       70200.0       8890.00
       70600.0       8692.00
       71000.0       8490.00
       71400.0       8313.00
       71800.0       8133.00
       72200.0       7956.00
       72600.0       7768.00
       73000.0       7612.00
       73400.0       7454.00
       73800.0       7289.00
       74200.0       7114.00
       74600.0       6775.00
       75000.0       6553.00
       75400.0       6652.00
       75800.0       6549.00
       76200.0       6429.00
       76600.0       6298.00
       77000.0       6169.00
       77400.0       6035.00
       77800.0       5883.00
       78200.0       5795.00
       78600.0       5688.00
       79000.0       5575.00
       79400.0       5464.00
       79800.0       5357.00
       80200.0       5252.00
       80600.0       5150.00
       81000.0       5047.00
       81400.0       4911.00
       81800.0       4834.00
       82200.0       4764.00
       82600.0       4674.00
       83000.0       4585.00
       83400.0       4499.00
       83800.0       4414.00
       84200.0       4332.00
       84600.0       4251.00
       85000.0       4173.00
       85400.0       4096.00
       85800.0       4021.00
       86200.0       3939.00
       86600.0       3815.00
       87000.0       3789.00
       87400.0       3669.00
       87800.0       3604.00
       88200.0       3601.00
       88600.0       3540.00
       89000.0       3478.00
       89400.0       3417.00
       89800.0       3357.00
       90200.0       3298.00
       90600.0       3241.00
       91000.0       3185.00
       91400.0       3130.00
       91800.0       3076.00
       92200.0       3023.00
       92600.0       2969.00
       93000.0       2922.00
       93400.0       2865.00
       93800.0       2766.00
       94200.0       2755.00
       94600.0       2728.00
       95000.0       2682.00
       95400.0       2638.00
       95800.0       2597.00
       96200.0       2555.00
       96600.0       2513.00
       97000.0       2472.00
       97400.0       2432.00
       97800.0       2393.00
       98200.0       2352.00
       98600.0       2312.00
       99000.0       2280.00
       99400.0       2244.00
       99800.0       2208.00
       100200.       2173.00
       200000.       137.900
       400000.       8.51900
       600000.       1.66300
       800000.      0.520800
   1.00000e+06      0.211600
   1.20000e+06      0.101300
   1.40000e+06     0.0543500
   1.60000e+06     0.0316900
