       90.9000       0.00000
       93.5000       0.00000
       96.1000       0.00000
       97.7000       0.00000
       99.6000       0.00000
       102.000       0.00000
       103.800       0.00000
       105.600       0.00000
       107.700       0.00000
       110.400       0.00000
       114.000       0.00000
       117.800       0.00000
       121.300       0.00000
       124.800       0.00000
       127.100       0.00000
       128.400       0.00000
       130.500       0.00000
       132.400       0.00000
       133.900       0.00000
       136.600       0.00000
       139.800       0.00000
       143.300       0.00000
       147.200       0.00000
       151.000       0.00000
       155.200       0.00000
       158.800       0.00000
       162.000       0.00000
       166.000       0.00000
       170.300       0.00000
       173.400       0.00000
       176.800       0.00000
       180.200       0.00000
       181.700       0.00000
       186.100       0.00000
       191.000       0.00000
       193.900       0.00000
       198.400       0.00000
       201.800       0.00000
       205.000       0.00000
       210.500       0.00000
       216.200       0.00000
       219.800       0.00000
       223.000       0.00000
       226.800       0.00000
       230.000       0.00000
       234.000       0.00000
       240.000       0.00000
       246.500       0.00000
       252.400       0.00000
       256.800       0.00000
       260.000       0.00000
       264.000       0.00000
       268.500       0.00000
       273.500       0.00000
       278.500       0.00000
       284.000       0.00000
       290.000       0.00000
       296.000       0.00000
       301.000       0.00000
       308.000       0.00000
       318.000       0.00000
       328.000       0.00000
       338.000       0.00000
       348.000       0.00000
       357.000       0.00000
       366.000       0.00000
       375.000       0.00000
       385.000       0.00000
       395.000       0.00000
       405.000       0.00000
       414.000       0.00000
       422.000       0.00000
       430.000       0.00000
       441.000       0.00000
       451.000       0.00000
       460.000       0.00000
       470.000       0.00000
       480.000       0.00000
       490.000       0.00000
       500.000       0.00000
       506.000       0.00000
       512.000       0.00000
       520.000       0.00000
       530.000       0.00000
       540.000       0.00000
       550.000       0.00000
       560.000       0.00000
       570.000       0.00000
       580.000       0.00000
       590.000       0.00000
       600.000       0.00000
       610.000       0.00000
       620.000       0.00000
       630.000       0.00000
       640.000       0.00000
       650.000       0.00000
       658.000   4.84600e-25
       665.000   1.04100e-24
       675.000   3.01600e-24
       685.000   8.45500e-24
       695.000   2.29600e-23
       705.000   6.04100e-23
       716.000   1.70000e-22
       726.000   4.22200e-22
       735.000   9.36300e-22
       745.000   2.21500e-21
       755.000   5.11400e-21
       765.000   1.15400e-20
       775.000   2.54400e-20
       785.000   5.49300e-20
       795.000   1.15500e-19
       805.000   2.40200e-19
       815.000   4.89200e-19
       825.000   9.76600e-19
       835.000   1.91500e-18
       845.000   3.69100e-18
       855.000   6.98900e-18
       865.000   1.30200e-17
       875.000   2.38600e-17
       885.000   4.31700e-17
       895.000   7.69500e-17
       905.000   1.35000e-16
       915.000   4.26900e-12
       925.000   2.16600e-11
       935.000   3.37300e-11
       945.000   4.44500e-11
       955.000   6.00600e-11
       965.000   1.13300e-10
       975.000   1.01200e-10
       985.000   2.12300e-10
       995.000   3.21900e-10
       1005.00   3.75000e-10
       1015.00   5.05600e-10
       1025.00   6.37700e-10
       1035.00   1.40300e-09
       1045.00   1.92000e-09
       1055.00   2.24800e-09
       1065.00   5.05200e-09
       1075.00   6.42100e-09
       1085.00   1.14400e-08
       1095.00   1.44400e-08
       1105.00   1.95100e-08
       1115.00   2.43200e-08
       1125.00   5.09800e-08
       1135.00   8.16100e-08
       1145.00   1.24800e-07
       1155.00   1.71300e-07
       1165.00   2.09800e-07
       1175.00   3.11700e-07
       1185.00   3.85600e-07
       1195.00   4.08800e-07
       1205.00   3.17000e-07
       1215.00   7.62200e-08
       1225.00   4.79400e-07
       1235.00   1.39100e-06
       1245.00   2.16800e-06
       1255.00   2.89800e-06
       1265.00   3.72400e-06
       1275.00   4.84100e-06
       1285.00   5.16700e-06
       1295.00   6.46700e-06
       1305.00   8.11200e-06
       1315.00   1.02300e-05
       1325.00   1.15600e-05
       1335.00   1.30500e-05
       1345.00   1.71500e-05
       1355.00   2.24500e-05
       1365.00   2.52400e-05
       1375.00   2.89900e-05
       1385.00   3.43100e-05
       1395.00   4.06400e-05
       1405.00   5.51400e-05
       1415.00   6.95300e-05
       1425.00   8.10500e-05
       1435.00   0.000107400
       1442.00   0.000148200
       1447.00   0.000132900
       1455.00   0.000157400
       1465.00   0.000218300
       1475.00   0.000219200
       1485.00   0.000274700
       1495.00   0.000399400
       1505.00   0.000548100
       1512.00   0.000385200
       1517.00   0.000575400
       1525.00   0.000860500
       1535.00    0.00231000
       1545.00    0.00189600
       1555.00    0.00314900
       1565.00    0.00284100
       1575.00    0.00573500
       1585.00    0.00577700
       1595.00    0.00556800
       1605.00    0.00570300
       1615.00    0.00577800
       1625.00    0.00561400
       1635.00    0.00752300
       1645.00     0.0101400
       1655.00    0.00818400
       1665.00     0.0133200
       1672.00     0.0107900
       1677.00     0.0171600
       1685.00     0.0233500
       1695.00     0.0323000
       1705.00     0.0347800
       1715.00     0.0374900
       1725.00     0.0516200
       1735.00     0.0582400
       1745.00     0.0816900
       1755.00     0.0823800
       1765.00      0.102400
       1775.00     0.0942900
       1785.00      0.178100
       1795.00      0.144100
       1805.00      0.252500
       1815.00      0.180600
       1825.00      0.286400
       1835.00      0.255500
       1845.00      0.367700
       1855.00      0.288900
       1865.00      0.488800
       1875.00      0.456100
       1885.00      0.574900
       1895.00      0.709300
       1905.00      0.738300
       1915.00       1.04100
       1925.00      0.893600
       1935.00      0.655900
       1945.00       1.23100
       1955.00       1.71200
       1967.00       1.84300
       1976.00       2.10400
       1984.00       2.65500
       1995.00       2.38600
       2005.00       2.80100
       2015.00       3.16800
       2025.00       2.94800
       2035.00       3.68600
       2045.00       3.86500
       2055.00       4.55300
       2065.00       4.35100
       2074.00       3.99800
       2078.00       5.35400
       2085.00       6.36800
       2095.00       8.63800
       2105.00       9.26800
       2115.00       9.32900
       2125.00       10.6700
       2135.00       13.3800
       2145.00       10.5100
       2155.00       12.8400
       2165.00       12.6000
       2175.00       13.6300
       2185.00       12.7900
       2195.00       20.7600
       2205.00       17.4800
       2215.00       20.8000
       2225.00       18.6200
       2235.00       30.2500
       2245.00       34.0000
       2255.00       40.6400
       2265.00       23.1400
       2275.00       43.0900
       2285.00       41.7600
       2295.00       65.2100
       2305.00       27.5400
       2315.00       82.8400
       2325.00       65.5700
       2335.00       99.2400
       2345.00       62.4200
       2355.00       56.3000
       2365.00       74.1200
       2375.00       72.6400
       2385.00       119.200
       2395.00       113.200
       2405.00       191.800
       2415.00       121.100
       2425.00       152.800
       2435.00       216.400
       2445.00       289.500
       2455.00       330.300
       2465.00       222.300
       2475.00       378.300
       2485.00       160.400
       2495.00       177.200
       2505.00       334.900
       2513.00       244.500
       2518.00       266.300
       2525.00       317.400
       2535.00       610.200
       2545.00       747.400
       2555.00       824.200
       2565.00       489.100
       2575.00       734.700
       2585.00       580.600
       2595.00       684.500
       2605.00       910.400
       2615.00       838.800
       2625.00       1235.00
       2635.00       1920.00
       2645.00       1566.00
       2655.00       2230.00
       2665.00       1846.00
       2675.00       1629.00
       2685.00       2170.00
       2695.00       1519.00
       2705.00       2470.00
       2715.00       2294.00
       2725.00       2010.00
       2735.00       2115.00
       2745.00       2814.00
       2755.00       2754.00
       2765.00       3697.00
       2775.00       4680.00
       2785.00       3171.00
       2795.00       3711.00
       2805.00       3857.00
       2815.00       4257.00
       2825.00       4448.00
       2835.00       3979.00
       2845.00       3153.00
       2855.00       1699.00
       2865.00       4472.00
       2875.00       4955.00
       2885.00       6797.00
       2895.00       7817.00
       2910.00       9582.00
       2930.00       10940.0
       2950.00       10610.0
       2970.00       10660.0
       2990.00       12100.0
       3010.00       12560.0
       3030.00       15720.0
       3050.00       18080.0
       3070.00       22790.0
       3090.00       20090.0
       3110.00       36660.0
       3130.00       34710.0
       3150.00       53920.0
       3170.00       77690.0
       3190.00       58640.0
       3210.00       67020.0
       3230.00       61610.0
       3250.00       106700.
       3270.00       155100.
       3290.00       184300.
       3310.00       138200.
       3330.00       144500.
       3350.00       123700.
       3370.00       70620.0
       3390.00       92740.0
       3410.00       106100.
       3430.00       124400.
       3450.00       108400.
       3470.00       106700.
       3490.00       154900.
       3510.00       207200.
       3530.00       197200.
       3550.00       283900.
       3570.00       117900.
       3590.00       108100.
       3610.00       169300.
       3630.00       218900.
       3640.00       239500.
       3650.00       300300.
       3670.00       382200.
       3690.00       288500.
       3710.00       221400.
       3730.00       94860.0
       3750.00       120400.
       3770.00       287600.
       3790.00       317300.
       3810.00       271900.
       3830.00       119600.
       3850.00       190300.
       3870.00       180500.
       3890.00       207100.
       3910.00       301100.
       3930.00       111500.
       3950.00       214400.
       3970.00       155600.
       3990.00       498500.
       4010.00       670000.
       4030.00       522800.
       4050.00       556000.
       4070.00       497600.
       4090.00       738100.
       4110.00       507800.
       4130.00       566900.
       4150.00       526300.
       4170.00       531000.
       4190.00       551400.
       4210.00       480400.
       4230.00       289400.
       4250.00       520000.
       4270.00       501000.
       4290.00       485600.
       4310.00       531200.
       4330.00       782500.
       4350.00       834400.
       4370.00       895000.
       4390.00       738100.
       4410.00       786900.
       4430.00       839700.
       4450.00       877700.
       4470.00   1.00400e+06
       4490.00   1.04900e+06
       4510.00   1.24900e+06
       4530.00       986300.
       4550.00   1.12200e+06
       4570.00   1.22600e+06
       4590.00   1.16200e+06
       4610.00   1.21300e+06
       4630.00   1.21200e+06
       4650.00   1.15700e+06
       4670.00   1.27400e+06
       4690.00   1.22600e+06
       4710.00   1.14200e+06
       4730.00   1.13900e+06
       4750.00   1.11900e+06
       4770.00       962300.
       4790.00   1.02500e+06
       4810.00   1.20200e+06
       4830.00   1.20700e+06
       4850.00   1.26500e+06
       4870.00   1.19300e+06
       4890.00   1.24400e+06
       4910.00   1.25500e+06
       4930.00   1.15700e+06
       4950.00   1.15500e+06
       4970.00   1.06900e+06
       4990.00       955100.
       5010.00       821600.
       5030.00       906100.
       5050.00       840300.
       5070.00       815600.
       5090.00       777300.
       5110.00       794900.
       5130.00       755400.
       5150.00       702700.
       5170.00       645800.
       5190.00       708800.
       5210.00       853000.
       5230.00   1.27600e+06
       5250.00   1.37800e+06
       5270.00   1.13400e+06
       5290.00   1.41500e+06
       5310.00   1.55500e+06
       5330.00   1.32400e+06
       5350.00   1.44400e+06
       5370.00   1.44400e+06
       5390.00   1.40100e+06
       5410.00   1.37800e+06
       5430.00   1.38200e+06
       5450.00   1.39200e+06
       5470.00   1.42500e+06
       5490.00   1.44800e+06
       5510.00   1.38800e+06
       5530.00   1.51200e+06
       5550.00   1.55200e+06
       5570.00   1.49600e+06
       5590.00   1.37400e+06
       5610.00   1.46700e+06
       5630.00   1.54100e+06
       5650.00   1.59700e+06
       5670.00   1.55100e+06
       5690.00   1.58500e+06
       5710.00   1.52100e+06
       5730.00   1.66300e+06
       5750.00   1.65800e+06
       5770.00   1.66400e+06
       5790.00   1.58600e+06
       5810.00   1.66200e+06
       5830.00   1.71100e+06
       5850.00   1.62700e+06
       5870.00   1.58100e+06
       5890.00       871100.
       5910.00   1.45600e+06
       5930.00   1.59700e+06
       5950.00   1.61300e+06
       5970.00   1.64900e+06
       5990.00   1.64600e+06
       6010.00   1.63100e+06
       6030.00   1.67600e+06
       6050.00   1.70800e+06
       6070.00   1.69600e+06
       6090.00   1.65700e+06
       6110.00   1.65000e+06
       6130.00   1.52900e+06
       6150.00   1.63400e+06
       6170.00   1.40000e+06
       6190.00   1.60700e+06
       6210.00   1.58800e+06
       6230.00   1.52900e+06
       6250.00   1.49100e+06
       6270.00   1.56700e+06
       6290.00   1.61700e+06
       6310.00   1.58700e+06
       6330.00   1.61700e+06
       6350.00   1.63800e+06
       6370.00   1.63000e+06
       6390.00   1.66200e+06
       6410.00   1.62800e+06
       6430.00   1.61400e+06
       6450.00   1.56600e+06
       6470.00   1.57400e+06
       6490.00   1.56300e+06
       6510.00   1.63800e+06
       6530.00   1.68300e+06
       6550.00   1.64700e+06
       6570.00   1.63500e+06
       6590.00   1.65700e+06
       6610.00   1.66600e+06
       6630.00   1.66300e+06
       6650.00   1.64700e+06
       6670.00   1.61500e+06
       6690.00   1.61100e+06
       6710.00   1.57000e+06
       6730.00   1.59100e+06
       6750.00   1.56800e+06
       6770.00   1.60400e+06
       6790.00   1.57500e+06
       6810.00   1.59200e+06
       6830.00   1.62300e+06
       6850.00   1.60400e+06
       6870.00   1.61000e+06
       6890.00   1.62700e+06
       6910.00   1.63800e+06
       6930.00   1.62700e+06
       6950.00   1.63300e+06
       6970.00   1.65700e+06
       6990.00   1.63100e+06
       7010.00   1.63100e+06
       7030.00   1.64900e+06
       7050.00   1.63800e+06
       7070.00   1.56500e+06
       7090.00   1.53400e+06
       7110.00   1.54000e+06
       7130.00   1.48000e+06
       7150.00   1.44500e+06
       7170.00   1.51400e+06
       7190.00   1.50600e+06
       7210.00   1.50100e+06
       7230.00   1.57200e+06
       7250.00   1.56600e+06
       7270.00   1.59500e+06
       7290.00   1.58900e+06
       7310.00   1.60000e+06
       7330.00   1.57600e+06
       7350.00   1.58400e+06
       7370.00   1.61100e+06
       7390.00   1.59800e+06
       7410.00   1.58400e+06
       7430.00   1.60300e+06
       7450.00   1.59300e+06
       7470.00   1.60400e+06
       7490.00   1.59800e+06
       7510.00   1.60700e+06
       7530.00   1.61600e+06
       7550.00   1.61700e+06
       7570.00   1.60900e+06
       7590.00   1.59200e+06
       7610.00   1.58500e+06
       7630.00   1.59000e+06
       7650.00   1.58300e+06
       7670.00   1.49000e+06
       7690.00   1.55900e+06
       7710.00   1.51700e+06
       7730.00   1.55500e+06
       7750.00   1.53400e+06
       7770.00   1.56400e+06
       7790.00   1.55800e+06
       7810.00   1.56100e+06
       7830.00   1.53800e+06
       7850.00   1.54300e+06
       7870.00   1.56300e+06
       7890.00   1.55400e+06
       7910.00   1.53500e+06
       7930.00   1.52400e+06
       7950.00   1.50600e+06
       7970.00   1.54900e+06
       7990.00   1.53600e+06
       8010.00   1.53100e+06
       8030.00   1.53300e+06
       8050.00   1.52100e+06
       8070.00   1.52000e+06
       8090.00   1.51100e+06
       8110.00   1.51700e+06
       8130.00   1.52900e+06
       8150.00   1.52600e+06
       8170.00   1.52000e+06
       8190.00   1.41600e+06
       8210.00   1.47700e+06
       8230.00   1.48900e+06
       8250.00   1.49300e+06
       8270.00   1.50800e+06
       8290.00   1.49700e+06
       8310.00   1.46900e+06
       8330.00   1.44200e+06
       8350.00   1.46300e+06
       8370.00   1.46200e+06
       8390.00   1.38200e+06
       8410.00   1.45900e+06
       8430.00   1.40200e+06
       8450.00   1.45000e+06
       8470.00   1.43600e+06
       8490.00   1.43000e+06
       8510.00   1.36800e+06
       8530.00   1.41200e+06
       8550.00   1.23300e+06
       8570.00   1.44900e+06
       8590.00   1.43800e+06
       8610.00   1.43300e+06
       8630.00   1.43900e+06
       8650.00   1.42900e+06
       8670.00   1.23700e+06
       8690.00   1.35900e+06
       8710.00   1.42600e+06
       8730.00   1.42000e+06
       8750.00   1.42100e+06
       8770.00   1.41200e+06
       8790.00   1.42000e+06
       8810.00   1.36500e+06
       8830.00   1.38200e+06
       8850.00   1.40700e+06
       8870.00   1.38000e+06
       8890.00   1.40000e+06
       8910.00   1.40000e+06
       8930.00   1.38200e+06
       8950.00   1.37200e+06
       8970.00   1.37700e+06
       8990.00   1.38300e+06
       9010.00   1.32900e+06
       9030.00   1.36600e+06
       9050.00   1.38700e+06
       9070.00   1.38300e+06
       9090.00   1.34300e+06
       9110.00   1.34900e+06
       9130.00   1.36700e+06
       9150.00   1.35400e+06
       9170.00   1.34600e+06
       9190.00   1.35100e+06
       9210.00   1.33100e+06
       9230.00   1.33900e+06
       9250.00   1.31900e+06
       9270.00   1.32800e+06
       9290.00   1.31800e+06
       9310.00   1.33500e+06
       9330.00   1.33100e+06
       9350.00   1.32400e+06
       9370.00   1.31000e+06
       9390.00   1.31800e+06
       9410.00   1.29000e+06
       9430.00   1.30800e+06
       9450.00   1.28400e+06
       9470.00   1.30600e+06
       9490.00   1.30700e+06
       9510.00   1.30300e+06
       9530.00   1.29500e+06
       9550.00   1.27600e+06
       9570.00   1.28100e+06
       9590.00   1.29600e+06
       9610.00   1.27500e+06
       9630.00   1.28200e+06
       9650.00   1.23500e+06
       9670.00   1.24100e+06
       9690.00   1.26600e+06
       9710.00   1.25200e+06
       9730.00   1.24000e+06
       9750.00   1.24300e+06
       9770.00   1.25000e+06
       9790.00   1.21800e+06
       9810.00   1.26000e+06
       9830.00   1.24400e+06
       9850.00   1.25700e+06
       9870.00   1.25000e+06
       9890.00   1.24900e+06
       9910.00   1.24400e+06
       9930.00   1.24400e+06
       9950.00   1.24100e+06
       9970.00   1.24000e+06
       9990.00   1.23800e+06
       10025.0   1.22800e+06
       10075.0   1.21900e+06
       10125.0   1.21700e+06
       10175.0   1.20500e+06
       10225.0   1.19900e+06
       10275.0   1.19800e+06
       10325.0   1.17700e+06
       10375.0   1.17300e+06
       10425.0   1.17600e+06
       10475.0   1.16200e+06
       10525.0   1.16300e+06
       10575.0   1.14800e+06
       10625.0   1.14500e+06
       10675.0   1.12800e+06
       10725.0   1.12500e+06
       10775.0   1.11700e+06
       10825.0   1.09200e+06
       10875.0   1.09900e+06
       10925.0   1.09800e+06
       10975.0   1.07100e+06
       11025.0   1.06900e+06
       11075.0   1.07000e+06
       11125.0   1.06200e+06
       11175.0   1.05700e+06
       11225.0   1.05600e+06
       11275.0   1.03400e+06
       11325.0   1.04100e+06
       11375.0   1.02200e+06
       11425.0   1.01200e+06
       11475.0   1.02900e+06
       11525.0   1.02800e+06
       11575.0   1.01600e+06
       11625.0       995800.
       11675.0       999800.
       11725.0   1.00900e+06
       11775.0       986300.
       11825.0       974300.
       11875.0       968300.
       11925.0       988400.
       11975.0       944200.
       12025.0       967300.
       12075.0       953800.
       12125.0       963400.
       12175.0       963600.
       12225.0       958400.
       12275.0       950300.
       12325.0       946200.
       12375.0       943000.
       12425.0       932900.
       12475.0       935000.
       12525.0       925000.
       12575.0       925500.
       12625.0       919400.
       12675.0       909500.
       12725.0       911800.
       12775.0       910400.
       12825.0       883600.
       12875.0       894700.
       12925.0       882000.
       12975.0       891600.
       13025.0       883900.
       13075.0       885200.
       13125.0       856200.
       13175.0       861300.
       13225.0       872000.
       13275.0       858800.
       13325.0       855600.
       13375.0       853800.
       13425.0       853400.
       13475.0       851300.
       13525.0       847300.
       13575.0       837600.
       13625.0       831400.
       13675.0       837400.
       13725.0       838800.
       13775.0       833100.
       13825.0       832700.
       13875.0       822100.
       13925.0       804200.
       13975.0       810700.
       14025.0       804700.
       14075.0       809000.
       14125.0       795800.
       14175.0       800600.
       14225.0       789900.
       14275.0       765400.
       14325.0       790600.
       14375.0       791200.
       14425.0       775800.
       14475.0       789600.
       14525.0       776100.
       14570.0       774700.
       14620.0       765100.
       14675.0       764400.
       14725.0       759800.
       14775.0       759800.
       14825.0       763900.
       14875.0       734300.
       14925.0       770600.
       14975.0       766100.
       15025.0       704000.
       15075.0       734800.
       15125.0       757300.
       15175.0       759300.
       15225.0       755900.
       15275.0       753700.
       15325.0       757500.
       15375.0       752900.
       15425.0       747900.
       15475.0       761100.
       15525.0       744400.
       15575.0       744100.
       15625.0       754200.
       15675.0       740100.
       15725.0       734400.
       15775.0       693400.
       15825.0       732600.
       15875.0       710500.
       15925.0       728400.
       15975.0       730900.
       16050.0       727800.
       16150.0       715900.
       16250.0       711900.
       16350.0       708600.
       16450.0       697200.
       16550.0       695300.
       16650.0       679000.
       16750.0       654000.
       16850.0       651200.
       16950.0       647400.
       17050.0       625900.
       17150.0       604800.
       17250.0       598800.
       17350.0       584900.
       17450.0       576400.
       17550.0       565700.
       17650.0       555900.
       17750.0       541700.
       17850.0       533500.
       17950.0       525000.
       18050.0       507900.
       18150.0       502100.
       18250.0       488400.
       18350.0       480300.
       18450.0       460800.
       18550.0       459600.
       18650.0       449400.
       18750.0       438200.
       18850.0       436600.
       18950.0       417700.
       19050.0       422600.
       19150.0       414400.
       19250.0       408600.
       19350.0       392800.
       19450.0       383200.
       19550.0       384100.
       19650.0       378900.
       19750.0       360100.
       19850.0       358200.
       19950.0       354400.
       20050.0       356000.
       20150.0       350400.
       20250.0       340200.
       20350.0       335000.
       20450.0       333000.
       20550.0       325800.
       20650.0       317200.
       20750.0       315700.
       20850.0       309300.
       20950.0       301400.
       21050.0       300400.
       21150.0       294500.
       21250.0       291000.
       21350.0       287600.
       21450.0       283300.
       21550.0       279100.
       21650.0       274100.
       21750.0       268100.
       21850.0       265000.
       21950.0       262100.
       22050.0       251300.
       22150.0       255500.
       22250.0       247400.
       22350.0       245100.
       22450.0       242000.
       22550.0       239300.
       22650.0       232300.
       22750.0       232300.
       22850.0       225600.
       22950.0       206900.
       23050.0       213000.
       23150.0       211000.
       23250.0       192000.
       23350.0       196600.
       23450.0       199100.
       23550.0       180800.
       23650.0       189000.
       23750.0       187200.
       23850.0       171700.
       23950.0       178200.
       24050.0       177500.
       24150.0       165300.
       24250.0       168000.
       24350.0       167600.
       24450.0       159400.
       24550.0       155900.
       24650.0       158200.
       24750.0       152800.
       24850.0       146600.
       24950.0       149500.
       25050.0       147800.
       25150.0       141500.
       25250.0       139300.
       25350.0       139600.
       25450.0       137500.
       25550.0       136800.
       25650.0       134000.
       25750.0       135000.
       25850.0       130900.
       25950.0       131200.
       26050.0       130400.
       26150.0       130800.
       26250.0       127100.
       26350.0       126600.
       26450.0       124700.
       26550.0       121600.
       26650.0       120600.
       26750.0       120200.
       26850.0       118900.
       26950.0       115800.
       27050.0       115100.
       27150.0       112900.
       27250.0       111100.
       27350.0       110000.
       27450.0       109600.
       27550.0       106800.
       27650.0       105800.
       27750.0       104900.
       27850.0       102600.
       27950.0       102000.
       28050.0       97250.0
       28150.0       98140.0
       28250.0       97240.0
       28350.0       95720.0
       28450.0       96080.0
       28550.0       92890.0
       28650.0       93390.0
       28750.0       91650.0
       28850.0       90190.0
       28950.0       89840.0
       29050.0       86870.0
       29150.0       88570.0
       29250.0       82940.0
       29350.0       85770.0
       29450.0       81100.0
       29550.0       83460.0
       29650.0       79770.0
       29750.0       81410.0
       29850.0       78340.0
       29950.0       79800.0
       30050.0       75970.0
       30150.0       78260.0
       30250.0       75070.0
       30350.0       75950.0
       30450.0       72870.0
       30550.0       73990.0
       30650.0       72910.0
       30750.0       71700.0
       30850.0       70640.0
       30950.0       69380.0
       31050.0       70280.0
       31150.0       67790.0
       31250.0       68680.0
       31350.0       66100.0
       31450.0       66660.0
       31550.0       65780.0
       31650.0       65700.0
       31750.0       64310.0
       31850.0       63830.0
       31950.0       63100.0
       32100.0       62810.0
       32300.0       60630.0
       32500.0       60160.0
       32700.0       58770.0
       32900.0       57080.0
       33100.0       56520.0
       33300.0       54840.0
       33500.0       54110.0
       33700.0       53340.0
       33900.0       51400.0
       34100.0       50860.0
       34300.0       50390.0
       34500.0       48450.0
       34700.0       48170.0
       34900.0       47290.0
       35100.0       45900.0
       35300.0       45000.0
       35500.0       44510.0
       35700.0       43110.0
       35900.0       42340.0
       36100.0       41980.0
       36300.0       40730.0
       36500.0       39960.0
       36700.0       39170.0
       36900.0       38340.0
       37100.0       37390.0
       37300.0       36870.0
       37500.0       36290.0
       37700.0       35310.0
       37900.0       34990.0
       38100.0       34090.0
       38300.0       33540.0
       38500.0       32880.0
       38700.0       32280.0
       38900.0       31550.0
       39100.0       31060.0
       39300.0       30450.0
       39500.0       29910.0
       39700.0       29370.0
       39900.0       28380.0
       40100.0       28160.0
       40300.0       27680.0
       40500.0       26900.0
       40700.0       26380.0
       40900.0       26030.0
       41100.0       25530.0
       41300.0       25050.0
       41500.0       24640.0
       41700.0       24020.0
       41900.0       23710.0
       42100.0       23020.0
       42300.0       22960.0
       42500.0       22400.0
       42700.0       22060.0
       42900.0       20980.0
       43100.0       19820.0
       43300.0       19860.0
       43500.0       18790.0
       43700.0       18180.0
       43900.0       17850.0
       44100.0       17000.0
       44300.0       16700.0
       44500.0       16420.0
       44700.0       15740.0
       44900.0       15670.0
       45100.0       15220.0
       45300.0       14830.0
       45500.0       14760.0
       45700.0       14630.0
       45900.0       14100.0
       46100.0       14130.0
       46300.0       13870.0
       46500.0       13810.0
       46700.0       13710.0
       46900.0       13460.0
       47100.0       13250.0
       47300.0       13270.0
       47500.0       12940.0
       47700.0       12760.0
       47900.0       12670.0
       48100.0       12290.0
       48300.0       12410.0
       48500.0       12140.0
       48700.0       11850.0
       48900.0       11670.0
       49100.0       11620.0
       49300.0       11340.0
       49500.0       11180.0
       49700.0       11070.0
       49900.0       10940.0
       50100.0       10610.0
       50300.0       10610.0
       50500.0       10390.0
       50700.0       10320.0
       50900.0       10160.0
       51100.0       9987.00
       51300.0       9929.00
       51500.0       9773.00
       51700.0       9665.00
       51900.0       9504.00
       52100.0       9420.00
       52300.0       9256.00
       52500.0       9151.00
       52700.0       9125.00
       52900.0       8868.00
       53100.0       8820.00
       53300.0       8669.00
       53500.0       8606.00
       53700.0       8483.00
       53900.0       8435.00
       54100.0       8305.00
       54300.0       8077.00
       54500.0       8106.00
       54700.0       7988.00
       54900.0       7902.00
       55100.0       7793.00
       55300.0       7789.00
       55500.0       7562.00
       55700.0       7548.00
       55900.0       7457.00
       56100.0       7347.00
       56300.0       7229.00
       56500.0       7202.00
       56700.0       7106.00
       56900.0       6964.00
       57100.0       6956.00
       57300.0       6825.00
       57500.0       6813.00
       57700.0       6680.00
       57900.0       6621.00
       58100.0       6549.00
       58300.0       6441.00
       58500.0       6392.00
       58700.0       6304.00
       58900.0       6233.00
       59100.0       6164.00
       59300.0       6104.00
       59500.0       6023.00
       59700.0       5957.00
       59900.0       5903.00
       60100.0       5848.00
       60300.0       5745.00
       60500.0       5658.00
       60700.0       5621.00
       60900.0       5558.00
       61100.0       5463.00
       61300.0       5450.00
       61500.0       5363.00
       61700.0       5310.00
       61900.0       5251.00
       62100.0       5190.00
       62300.0       5134.00
       62500.0       5054.00
       62700.0       4989.00
       62900.0       4953.00
       63100.0       4879.00
       63300.0       4843.00
       63500.0       4758.00
       63700.0       4724.00
       63900.0       4651.00
       64200.0       4560.00
       64600.0       4399.00
       65000.0       4279.00
       65400.0       4176.00
       65800.0       4036.00
       66200.0       3931.00
       66600.0       3863.00
       67000.0       3760.00
       67400.0       3691.00
       67800.0       3584.00
       68200.0       3493.00
       68600.0       3451.00
       69000.0       3368.00
       69400.0       3284.00
       69800.0       3242.00
       70200.0       3145.00
       70600.0       3085.00
       71000.0       3021.00
       71400.0       2963.00
       71800.0       2909.00
       72200.0       2827.00
       72600.0       2773.00
       73000.0       2732.00
       73400.0       2659.00
       73800.0       2616.00
       74200.0       2550.00
       74600.0       2507.00
       75000.0       2460.00
       75400.0       2404.00
       75800.0       2330.00
       76200.0       2277.00
       76600.0       2223.00
       77000.0       2180.00
       77400.0       2113.00
       77800.0       2076.00
       78200.0       2026.00
       78600.0       1982.00
       79000.0       1936.00
       79400.0       1904.00
       79800.0       1859.00
       80200.0       1831.00
       80600.0       1793.00
       81000.0       1759.00
       81400.0       1733.00
       81800.0       1702.00
       82200.0       1669.00
       82600.0       1648.00
       83000.0       1612.00
       83400.0       1581.00
       83800.0       1550.00
       84200.0       1533.00
       84600.0       1502.00
       85000.0       1471.00
       85400.0       1452.00
       85800.0       1424.00
       86200.0       1402.00
       86600.0       1375.00
       87000.0       1357.00
       87400.0       1329.00
       87800.0       1305.00
       88200.0       1282.00
       88600.0       1263.00
       89000.0       1243.00
       89400.0       1221.00
       89800.0       1199.00
       90200.0       1184.00
       90600.0       1165.00
       91000.0       1144.00
       91400.0       1124.00
       91800.0       1108.00
       92200.0       1089.00
       92600.0       1071.00
       93000.0       1056.00
       93400.0       1038.00
       93800.0       1020.00
       94200.0       1005.00
       94600.0       986.300
       95000.0       973.800
       95400.0       962.800
       95800.0       940.800
       96200.0       928.700
       96600.0       911.600
       97000.0       900.300
       97400.0       886.500
       97800.0       870.900
       98200.0       859.500
       98600.0       846.600
       99000.0       825.300
       99400.0       817.900
       99800.0       806.200
       100200.       793.800
       200000.       52.6500
       400000.       3.36000
       600000.      0.665100
       800000.      0.210100
   1.00000e+06     0.0857800
   1.20000e+06     0.0412400
   1.40000e+06     0.0221900
   1.60000e+06     0.0129700
