       90.9000   1.39400e-05
       93.5000   4.06700e-05
       96.1000   0.000110100
       97.7000   0.000203100
       99.6000   0.000402200
       102.000   0.000920000
       103.800    0.00167000
       105.600    0.00297100
       107.700    0.00567800
       110.400     0.0125900
       114.000     0.0343000
       117.800     0.0922600
       121.300      0.218400
       124.800      0.490200
       127.100      0.814800
       128.400       1.08500
       130.500       1.67600
       132.400       2.45800
       133.900       3.31100
       136.600       5.50600
       139.800       9.98900
       143.300       18.2600
       147.200       33.5900
       151.000       63.3700
       155.200       118.500
       158.800       198.500
       162.000       332.000
       166.000       566.000
       170.300       942.200
       173.400       1349.00
       176.800       2027.00
       180.200       2971.00
       181.700       3380.00
       186.100       5536.00
       191.000       8929.00
       193.900       12120.0
       198.400       18300.0
       201.800       23880.0
       205.000       32300.0
       210.500       50560.0
       216.200       77760.0
       219.800       103000.
       223.000       127400.
       226.800       165100.
       230.000   3.43200e+07
       234.000   1.39200e+08
       240.000   2.07600e+08
       246.500   4.73200e+08
       252.400   1.85000e+09
       256.800   4.54200e+09
       260.000   4.64000e+09
       264.000   2.23000e+10
       268.500   2.68500e+10
       273.500   3.26000e+10
       278.500   2.05700e+10
       284.000   4.22700e+10
       290.000   6.56900e+10
       296.000   5.08300e+10
       301.000   3.28800e+10
       308.000   5.21200e+10
       318.000   1.56000e+10
       328.000   2.19900e+10
       338.000   1.48000e+10
       348.000   1.57000e+10
       357.000   4.26700e+10
       366.000   8.99200e+10
       375.000   1.15500e+11
       385.000   9.47900e+10
       395.000   1.61100e+11
       405.000   2.45600e+11
       414.000   2.36900e+11
       422.000   2.14800e+11
       430.000   2.01000e+11
       441.000   2.47400e+11
       451.000   2.51300e+11
       460.000   2.08300e+11
       470.000   2.27900e+11
       480.000   2.57500e+11
       490.000   1.99800e+11
       500.000   2.83000e+11
       506.000   2.20000e+11
       512.000   2.85400e+11
       520.000   2.64700e+11
       530.000   2.41700e+11
       540.000   1.97100e+11
       550.000   1.62700e+11
       560.000   2.15900e+11
       570.000   2.50600e+11
       580.000   2.45400e+11
       590.000   2.43300e+11
       600.000   2.05300e+11
       610.000   1.73200e+11
       620.000   2.23400e+11
       630.000   1.97800e+11
       640.000   2.26600e+11
       650.000   2.09200e+11
       658.000   1.84300e+11
       665.000   2.13000e+11
       675.000   2.14500e+11
       685.000   1.88300e+11
       695.000   2.04900e+11
       705.000   1.77300e+11
       716.000   1.96700e+11
       726.000   1.98000e+11
       735.000   1.93800e+11
       745.000   1.82400e+11
       755.000   1.76600e+11
       765.000   1.55700e+11
       775.000   1.69500e+11
       785.000   1.47100e+11
       795.000   1.60700e+11
       805.000   1.61900e+11
       815.000   1.58900e+11
       825.000   1.57100e+11
       835.000   1.39400e+11
       845.000   1.48700e+11
       855.000   1.39600e+11
       865.000   1.44300e+11
       875.000   1.42600e+11
       885.000   1.37500e+11
       895.000   1.34400e+11
       905.000   1.29300e+11
       915.000   9.73700e+10
       925.000   1.49700e+11
       935.000   1.87700e+11
       945.000   2.03900e+11
       955.000   2.26100e+11
       965.000   2.33000e+11
       975.000   1.85800e+11
       985.000   2.09200e+11
       995.000   1.86300e+11
       1005.00   1.87200e+11
       1015.00   1.89400e+11
       1025.00   1.75400e+11
       1035.00   1.94000e+11
       1045.00   1.96100e+11
       1055.00   1.91000e+11
       1065.00   1.80800e+11
       1075.00   1.82600e+11
       1085.00   1.69600e+11
       1095.00   1.73000e+11
       1105.00   1.68800e+11
       1115.00   1.65300e+11
       1125.00   1.58900e+11
       1135.00   1.60300e+11
       1145.00   1.58600e+11
       1155.00   1.50600e+11
       1165.00   1.42100e+11
       1175.00   1.29000e+11
       1185.00   1.36400e+11
       1195.00   1.29100e+11
       1205.00   1.27100e+11
       1215.00   1.09600e+11
       1225.00   1.20100e+11
       1235.00   1.15400e+11
       1245.00   1.11500e+11
       1255.00   1.13700e+11
       1265.00   1.13000e+11
       1275.00   1.11900e+11
       1285.00   1.09900e+11
       1295.00   1.09000e+11
       1305.00   1.04500e+11
       1315.00   1.02800e+11
       1325.00   1.00500e+11
       1335.00   9.84400e+10
       1345.00   9.64700e+10
       1355.00   9.22700e+10
       1365.00   8.80700e+10
       1375.00   8.42100e+10
       1385.00   8.47800e+10
       1395.00   8.19900e+10
       1405.00   7.77500e+10
       1415.00   8.33800e+10
       1425.00   7.81800e+10
       1435.00   7.99000e+10
       1442.00   7.59400e+10
       1447.00   7.58500e+10
       1455.00   7.37400e+10
       1465.00   7.29800e+10
       1475.00   7.22500e+10
       1485.00   7.21900e+10
       1495.00   7.00300e+10
       1505.00   6.88900e+10
       1512.00   6.84000e+10
       1517.00   6.65300e+10
       1525.00   6.65100e+10
       1535.00   6.23200e+10
       1545.00   5.36600e+10
       1555.00   5.43100e+10
       1565.00   5.83100e+10
       1575.00   5.89400e+10
       1585.00   5.74300e+10
       1595.00   5.72200e+10
       1605.00   5.47500e+10
       1615.00   5.33000e+10
       1625.00   5.31600e+10
       1635.00   5.26800e+10
       1645.00   5.01300e+10
       1655.00   5.15500e+10
       1665.00   5.06900e+10
       1672.00   4.84000e+10
       1677.00   5.08800e+10
       1685.00   5.00500e+10
       1695.00   4.94400e+10
       1705.00   4.78300e+10
       1715.00   4.56800e+10
       1725.00   4.52400e+10
       1735.00   4.60200e+10
       1745.00   4.51700e+10
       1755.00   4.41800e+10
       1765.00   4.34100e+10
       1775.00   4.25200e+10
       1785.00   4.22100e+10
       1795.00   4.10300e+10
       1805.00   4.03800e+10
       1815.00   3.95100e+10
       1825.00   3.88800e+10
       1835.00   3.83500e+10
       1845.00   3.78800e+10
       1855.00   3.72100e+10
       1865.00   3.67000e+10
       1875.00   3.58500e+10
       1885.00   3.51900e+10
       1895.00   3.50900e+10
       1905.00   3.45100e+10
       1915.00   3.39400e+10
       1925.00   3.25900e+10
       1935.00   3.28800e+10
       1945.00   3.23700e+10
       1955.00   3.14900e+10
       1967.00   3.11100e+10
       1976.00   3.05500e+10
       1984.00   3.03500e+10
       1995.00   2.97400e+10
       2005.00   2.93500e+10
       2015.00   2.88600e+10
       2025.00   2.84100e+10
       2035.00   2.78500e+10
       2045.00   2.72500e+10
       2055.00   2.06000e+10
       2065.00   1.98100e+10
       2074.00   2.02900e+10
       2078.00   2.08100e+10
       2085.00   2.23800e+10
       2095.00   2.45400e+10
       2105.00   2.46200e+10
       2115.00   2.45100e+10
       2125.00   2.40300e+10
       2135.00   2.37700e+10
       2145.00   2.33700e+10
       2155.00   2.33200e+10
       2165.00   2.20800e+10
       2175.00   2.27300e+10
       2185.00   2.17500e+10
       2195.00   2.21200e+10
       2205.00   2.17700e+10
       2215.00   2.07400e+10
       2225.00   2.11300e+10
       2235.00   2.08200e+10
       2245.00   2.04800e+10
       2255.00   1.96100e+10
       2265.00   1.98700e+10
       2275.00   1.96500e+10
       2285.00   1.92200e+10
       2295.00   1.87200e+10
       2305.00   1.81800e+10
       2315.00   1.83100e+10
       2325.00   1.81900e+10
       2335.00   1.79300e+10
       2345.00   1.75900e+10
       2355.00   1.72800e+10
       2365.00   1.70100e+10
       2375.00   1.67000e+10
       2385.00   1.58900e+10
       2395.00   1.61300e+10
       2405.00   1.58900e+10
       2415.00   1.57100e+10
       2425.00   1.56300e+10
       2435.00   1.53600e+10
       2445.00   1.51700e+10
       2455.00   1.48600e+10
       2465.00   1.47100e+10
       2475.00   1.46000e+10
       2485.00   1.42900e+10
       2495.00   1.32400e+10
       2505.00   1.39100e+10
       2513.00   1.29600e+10
       2518.00   1.34600e+10
       2525.00   1.34300e+10
       2535.00   1.34000e+10
       2545.00   1.32500e+10
       2555.00   1.30600e+10
       2565.00   1.29000e+10
       2575.00   1.27000e+10
       2585.00   1.25300e+10
       2595.00   1.21700e+10
       2605.00   1.22100e+10
       2615.00   1.19400e+10
       2625.00   1.18900e+10
       2635.00   1.17400e+10
       2645.00   1.15500e+10
       2655.00   1.14300e+10
       2665.00   1.12700e+10
       2675.00   1.10200e+10
       2685.00   1.09600e+10
       2695.00   1.07900e+10
       2705.00   1.07200e+10
       2715.00   1.05600e+10
       2725.00   1.04300e+10
       2735.00   1.00100e+10
       2745.00   1.01700e+10
       2755.00   1.00200e+10
       2765.00   9.90500e+09
       2775.00   9.76500e+09
       2785.00   9.59300e+09
       2795.00   9.46800e+09
       2805.00   9.39100e+09
       2815.00   9.27300e+09
       2825.00   9.13600e+09
       2835.00   9.05300e+09
       2845.00   8.95000e+09
       2855.00   8.83300e+09
       2865.00   8.67600e+09
       2875.00   8.55900e+09
       2885.00   8.49500e+09
       2895.00   8.38600e+09
       2910.00   8.24100e+09
       2930.00   8.05800e+09
       2950.00   7.86200e+09
       2970.00   7.65700e+09
       2990.00   7.45000e+09
       3010.00   7.28100e+09
       3030.00   7.07400e+09
       3050.00   6.93400e+09
       3070.00   6.74800e+09
       3090.00   6.63500e+09
       3110.00   6.48400e+09
       3130.00   6.33100e+09
       3150.00   6.20600e+09
       3170.00   6.05900e+09
       3190.00   5.93300e+09
       3210.00   5.70000e+09
       3230.00   5.67700e+09
       3250.00   5.55300e+09
       3270.00   5.38600e+09
       3290.00   5.30100e+09
       3310.00   5.18200e+09
       3330.00   5.06900e+09
       3350.00   4.93300e+09
       3370.00   4.84900e+09
       3390.00   4.74100e+09
       3410.00   4.63500e+09
       3430.00   4.55900e+09
       3450.00   4.44100e+09
       3470.00   4.36600e+09
       3490.00   4.27700e+09
       3510.00   4.19800e+09
       3530.00   4.10300e+09
       3550.00   4.02200e+09
       3570.00   3.94000e+09
       3590.00   3.86200e+09
       3610.00   3.78100e+09
       3630.00   3.70100e+09
       3640.00   3.59400e+09
       3650.00   3.23300e+09
       3670.00   3.17300e+09
       3690.00   3.12400e+09
       3710.00   3.09100e+09
       3730.00   3.09600e+09
       3750.00   3.11600e+09
       3770.00   3.12300e+09
       3790.00   3.14100e+09
       3810.00   3.14600e+09
       3830.00   2.99200e+09
       3850.00   3.07100e+09
       3870.00   3.03700e+09
       3890.00   2.80200e+09
       3910.00   2.94100e+09
       3930.00   2.85900e+09
       3950.00   2.82800e+09
       3970.00   2.58600e+09
       3990.00   2.73000e+09
       4010.00   2.68500e+09
       4030.00   2.59400e+09
       4050.00   2.59100e+09
       4070.00   2.54200e+09
       4090.00   2.44400e+09
       4110.00   2.30300e+09
       4130.00   2.40500e+09
       4150.00   2.36600e+09
       4170.00   2.32600e+09
       4190.00   2.27700e+09
       4210.00   2.21200e+09
       4230.00   2.20800e+09
       4250.00   2.16900e+09
       4270.00   2.13200e+09
       4290.00   2.09500e+09
       4310.00   2.05500e+09
       4330.00   1.96800e+09
       4350.00   1.88100e+09
       4370.00   1.94800e+09
       4390.00   1.91100e+09
       4410.00   1.87800e+09
       4430.00   1.85300e+09
       4450.00   1.82000e+09
       4470.00   1.78600e+09
       4490.00   1.76300e+09
       4510.00   1.72900e+09
       4530.00   1.70000e+09
       4550.00   1.64600e+09
       4570.00   1.64800e+09
       4590.00   1.62200e+09
       4610.00   1.59700e+09
       4630.00   1.56500e+09
       4650.00   1.52100e+09
       4670.00   1.51800e+09
       4690.00   1.44700e+09
       4710.00   1.47400e+09
       4730.00   1.45300e+09
       4750.00   1.43000e+09
       4770.00   1.40700e+09
       4790.00   1.38400e+09
       4810.00   1.36400e+09
       4830.00   1.34100e+09
       4850.00   1.29900e+09
       4870.00   1.22300e+09
       4890.00   1.27900e+09
       4910.00   1.26100e+09
       4930.00   1.24000e+09
       4950.00   1.22400e+09
       4970.00   1.20500e+09
       4990.00   1.18800e+09
       5010.00   1.16700e+09
       5030.00   1.15200e+09
       5050.00   1.13400e+09
       5070.00   1.11800e+09
       5090.00   1.10200e+09
       5110.00   1.08500e+09
       5130.00   1.06900e+09
       5150.00   1.05400e+09
       5170.00   1.03900e+09
       5190.00   1.02400e+09
       5210.00   1.00800e+09
       5230.00   9.94300e+08
       5250.00   9.78900e+08
       5270.00   9.64700e+08
       5290.00   9.52200e+08
       5310.00   9.38700e+08
       5330.00   9.25200e+08
       5350.00   9.12400e+08
       5370.00   8.99500e+08
       5390.00   8.86800e+08
       5410.00   8.58100e+08
       5430.00   8.62400e+08
       5450.00   8.50500e+08
       5470.00   8.38400e+08
       5490.00   8.27100e+08
       5510.00   8.15100e+08
       5530.00   8.04600e+08
       5550.00   7.93700e+08
       5570.00   7.82200e+08
       5590.00   7.70000e+08
       5610.00   7.61900e+08
       5630.00   7.51600e+08
       5650.00   7.41500e+08
       5670.00   7.31600e+08
       5690.00   7.10700e+08
       5710.00   6.60800e+08
       5730.00   6.52300e+08
       5750.00   6.43900e+08
       5770.00   6.36100e+08
       5790.00   6.28700e+08
       5810.00   6.18200e+08
       5830.00   6.16200e+08
       5850.00   6.11600e+08
       5870.00   6.04200e+08
       5890.00   6.03000e+08
       5910.00   5.99400e+08
       5930.00   5.96400e+08
       5950.00   5.94100e+08
       5970.00   5.91600e+08
       5990.00   5.89500e+08
       6010.00   5.83700e+08
       6030.00   5.77600e+08
       6050.00   5.71600e+08
       6070.00   5.63900e+08
       6090.00   5.57900e+08
       6110.00   5.50200e+08
       6130.00   5.43500e+08
       6150.00   5.37800e+08
       6170.00   5.28900e+08
       6190.00   5.24700e+08
       6210.00   5.18500e+08
       6230.00   5.09400e+08
       6250.00   5.05300e+08
       6270.00   4.99700e+08
       6290.00   4.93700e+08
       6310.00   4.84100e+08
       6330.00   4.81600e+08
       6350.00   4.76000e+08
       6370.00   4.70300e+08
       6390.00   4.64300e+08
       6410.00   4.54900e+08
       6430.00   4.53800e+08
       6450.00   4.48200e+08
       6470.00   4.42900e+08
       6490.00   4.37900e+08
       6510.00   4.32300e+08
       6530.00   4.22400e+08
       6550.00   4.18100e+08
       6570.00   3.90100e+08
       6590.00   4.12300e+08
       6610.00   4.08200e+08
       6630.00   4.03500e+08
       6650.00   3.98800e+08
       6670.00   3.92700e+08
       6690.00   3.83800e+08
       6710.00   3.84900e+08
       6730.00   3.80800e+08
       6750.00   3.76400e+08
       6770.00   3.72300e+08
       6790.00   3.68200e+08
       6810.00   3.64000e+08
       6830.00   3.59900e+08
       6850.00   3.55900e+08
       6870.00   3.51900e+08
       6890.00   3.42600e+08
       6910.00   3.43900e+08
       6930.00   3.40400e+08
       6950.00   3.36600e+08
       6970.00   3.32900e+08
       6990.00   3.29300e+08
       7010.00   3.25600e+08
       7030.00   3.21800e+08
       7050.00   3.18400e+08
       7070.00   3.14300e+08
       7090.00   3.11700e+08
       7110.00   3.08200e+08
       7130.00   3.04900e+08
       7150.00   3.01800e+08
       7170.00   2.95300e+08
       7190.00   2.93600e+08
       7210.00   2.92200e+08
       7230.00   2.89100e+08
       7250.00   2.86100e+08
       7270.00   2.83000e+08
       7290.00   2.79900e+08
       7310.00   2.77000e+08
       7330.00   2.74200e+08
       7350.00   2.71300e+08
       7370.00   2.68400e+08
       7390.00   2.65600e+08
       7410.00   2.62900e+08
       7430.00   2.60300e+08
       7450.00   2.57400e+08
       7470.00   2.54900e+08
       7490.00   2.52000e+08
       7510.00   2.49600e+08
       7530.00   2.47200e+08
       7550.00   2.44600e+08
       7570.00   2.42100e+08
       7590.00   2.35500e+08
       7610.00   2.36900e+08
       7630.00   2.34800e+08
       7650.00   2.32500e+08
       7670.00   2.30100e+08
       7690.00   2.27600e+08
       7710.00   2.25500e+08
       7730.00   2.23100e+08
       7750.00   2.21100e+08
       7770.00   2.19000e+08
       7790.00   2.16800e+08
       7810.00   2.14600e+08
       7830.00   2.12500e+08
       7850.00   2.10200e+08
       7870.00   2.08300e+08
       7890.00   2.06300e+08
       7910.00   2.04300e+08
       7930.00   2.02400e+08
       7950.00   2.00400e+08
       7970.00   1.98300e+08
       7990.00   1.96600e+08
       8010.00   1.94700e+08
       8030.00   1.92700e+08
       8050.00   1.90900e+08
       8070.00   1.89100e+08
       8090.00   1.87300e+08
       8110.00   1.85500e+08
       8130.00   1.83800e+08
       8150.00   1.82000e+08
       8170.00   1.80200e+08
       8190.00   1.77700e+08
       8210.00   1.68500e+08
       8230.00   1.65800e+08
       8250.00   1.65200e+08
       8270.00   1.63900e+08
       8290.00   1.62400e+08
       8310.00   1.61000e+08
       8330.00   1.59400e+08
       8350.00   1.58000e+08
       8370.00   1.56700e+08
       8390.00   1.55400e+08
       8410.00   1.54100e+08
       8430.00   1.52900e+08
       8450.00   1.51600e+08
       8470.00   1.50500e+08
       8490.00   1.49400e+08
       8510.00   1.48100e+08
       8530.00   1.47300e+08
       8550.00   1.46000e+08
       8570.00   1.45200e+08
       8590.00   1.43900e+08
       8610.00   1.42900e+08
       8630.00   1.42400e+08
       8650.00   1.41300e+08
       8670.00   1.39100e+08
       8690.00   1.39700e+08
       8710.00   1.39000e+08
       8730.00   1.37900e+08
       8750.00   1.34400e+08
       8770.00   1.35700e+08
       8790.00   1.35600e+08
       8810.00   1.34800e+08
       8830.00   1.33800e+08
       8850.00   1.31000e+08
       8870.00   1.27100e+08
       8890.00   1.30100e+08
       8910.00   1.29500e+08
       8930.00   1.28400e+08
       8950.00   1.27500e+08
       8970.00   1.26400e+08
       8990.00   1.24700e+08
       9010.00   1.19100e+08
       9030.00   1.20400e+08
       9050.00   1.21800e+08
       9070.00   1.21100e+08
       9090.00   1.20100e+08
       9110.00   1.18800e+08
       9130.00   1.18100e+08
       9150.00   1.17200e+08
       9170.00   1.16100e+08
       9190.00   1.15000e+08
       9210.00   1.12900e+08
       9230.00   1.06600e+08
       9250.00   1.10700e+08
       9270.00   1.11100e+08
       9290.00   1.10400e+08
       9310.00   1.09500e+08
       9330.00   1.08500e+08
       9350.00   1.05200e+08
       9370.00   1.06200e+08
       9390.00   1.05900e+08
       9410.00   1.05000e+08
       9430.00   1.04200e+08
       9450.00   1.03300e+08
       9470.00   1.02500e+08
       9490.00   1.01600e+08
       9510.00   1.00500e+08
       9530.00   9.84500e+07
       9550.00   9.27800e+07
       9570.00   9.73400e+07
       9590.00   9.74100e+07
       9610.00   9.67900e+07
       9630.00   9.59700e+07
       9650.00   9.52400e+07
       9670.00   9.44800e+07
       9690.00   9.37200e+07
       9710.00   9.25900e+07
       9730.00   9.21700e+07
       9750.00   9.13300e+07
       9770.00   8.99900e+07
       9790.00   9.00300e+07
       9810.00   8.93200e+07
       9830.00   8.85900e+07
       9850.00   8.79200e+07
       9870.00   8.72200e+07
       9890.00   8.65400e+07
       9910.00   8.58500e+07
       9930.00   8.51800e+07
       9950.00   8.45200e+07
       9970.00   8.38600e+07
       9990.00   8.32000e+07
       10025.0   8.07900e+07
       10075.0   7.85100e+07
       10125.0   7.75200e+07
       10175.0   7.74500e+07
       10225.0   7.59800e+07
       10275.0   7.45200e+07
       10325.0   7.30900e+07
       10375.0   7.17700e+07
       10425.0   7.00100e+07
       10475.0   6.91300e+07
       10525.0   6.78600e+07
       10575.0   6.66100e+07
       10625.0   6.53900e+07
       10675.0   6.42000e+07
       10725.0   6.30400e+07
       10775.0   6.19000e+07
       10825.0   6.06700e+07
       10875.0   5.96800e+07
       10925.0   5.65400e+07
       10975.0   5.71700e+07
       11025.0   5.65800e+07
       11075.0   5.55900e+07
       11125.0   5.46200e+07
       11175.0   5.37100e+07
       11225.0   5.27700e+07
       11275.0   5.18600e+07
       11325.0   5.09600e+07
       11375.0   5.01000e+07
       11425.0   4.92400e+07
       11475.0   4.84100e+07
       11525.0   4.75900e+07
       11575.0   4.67800e+07
       11625.0   4.54700e+07
       11675.0   4.48500e+07
       11725.0   4.44800e+07
       11775.0   4.37500e+07
       11825.0   4.30200e+07
       11875.0   4.23200e+07
       11925.0   4.16200e+07
       11975.0   4.09000e+07
       12025.0   4.02800e+07
       12075.0   3.96300e+07
       12125.0   3.89900e+07
       12175.0   3.83700e+07
       12225.0   3.77600e+07
       12275.0   3.71600e+07
       12325.0   3.65700e+07
       12375.0   3.59900e+07
       12425.0   3.54200e+07
       12475.0   3.48700e+07
       12525.0   3.43200e+07
       12575.0   3.37900e+07
       12625.0   3.32700e+07
       12675.0   3.27600e+07
       12725.0   3.22500e+07
       12775.0   3.16300e+07
       12825.0   3.00200e+07
       12875.0   3.07500e+07
       12925.0   3.03300e+07
       12975.0   2.98700e+07
       13025.0   2.94300e+07
       13075.0   2.89900e+07
       13125.0   2.85600e+07
       13175.0   2.81300e+07
       13225.0   2.77200e+07
       13275.0   2.73100e+07
       13325.0   2.69100e+07
       13375.0   2.65100e+07
       13425.0   2.61200e+07
       13475.0   2.57500e+07
       13525.0   2.53700e+07
       13575.0   2.50100e+07
       13625.0   2.46500e+07
       13675.0   2.42900e+07
       13725.0   2.39500e+07
       13775.0   2.36100e+07
       13825.0   2.32700e+07
       13875.0   2.29400e+07
       13925.0   2.26200e+07
       13975.0   2.23000e+07
       14025.0   2.19900e+07
       14075.0   2.16800e+07
       14125.0   2.13800e+07
       14175.0   2.10900e+07
       14225.0   2.08000e+07
       14275.0   2.05100e+07
       14325.0   2.02300e+07
       14375.0   1.99500e+07
       14425.0   1.96800e+07
       14475.0   1.94200e+07
       14525.0   1.91500e+07
       14570.0   1.89200e+07
       14620.0   1.86700e+07
       14675.0   1.84000e+07
       14725.0   1.81400e+07
       14775.0   1.77200e+07
       14825.0   1.76700e+07
       14875.0   1.74400e+07
       14925.0   1.72100e+07
       14975.0   1.69900e+07
       15025.0   1.67700e+07
       15075.0   1.65500e+07
       15125.0   1.63300e+07
       15175.0   1.61200e+07
       15225.0   1.59100e+07
       15275.0   1.57100e+07
       15325.0   1.55100e+07
       15375.0   1.53100e+07
       15425.0   1.51100e+07
       15475.0   1.49200e+07
       15525.0   1.47300e+07
       15575.0   1.45400e+07
       15625.0   1.43700e+07
       15675.0   1.41700e+07
       15725.0   1.39900e+07
       15775.0   1.38600e+07
       15825.0   1.36800e+07
       15875.0   1.34400e+07
       15925.0   1.33200e+07
       15975.0   1.31900e+07
       16050.0   1.29200e+07
       16150.0   1.25700e+07
       16250.0   1.23300e+07
       16350.0   1.20000e+07
       16450.0   1.16500e+07
       16550.0   1.14700e+07
       16650.0   1.12000e+07
       16750.0   1.08900e+07
       16850.0   1.05700e+07
       16950.0   1.04300e+07
       17050.0   1.01900e+07
       17150.0   9.96100e+06
       17250.0   9.73400e+06
       17350.0   9.35900e+06
       17450.0   9.28700e+06
       17550.0   9.09200e+06
       17650.0   8.88900e+06
       17750.0   8.69300e+06
       17850.0   8.50100e+06
       17950.0   8.31500e+06
       18050.0   8.13400e+06
       18150.0   7.81300e+06
       18250.0   7.76500e+06
       18350.0   7.62000e+06
       18450.0   7.45700e+06
       18550.0   7.30000e+06
       18650.0   7.05200e+06
       18750.0   6.82000e+06
       18850.0   6.85000e+06
       18950.0   6.70800e+06
       19050.0   6.56700e+06
       19150.0   6.43500e+06
       19250.0   6.30300e+06
       19350.0   6.17100e+06
       19450.0   5.91200e+06
       19550.0   5.92400e+06
       19650.0   5.80900e+06
       19750.0   5.69300e+06
       19850.0   5.58000e+06
       19950.0   5.47000e+06
       20050.0   5.36200e+06
       20150.0   5.25800e+06
       20250.0   5.15500e+06
       20350.0   5.05500e+06
       20450.0   4.95800e+06
       20550.0   4.86200e+06
       20650.0   4.77000e+06
       20750.0   4.67600e+06
       20850.0   4.59000e+06
       20950.0   4.50400e+06
       21050.0   4.42000e+06
       21150.0   4.33600e+06
       21250.0   4.25700e+06
       21350.0   4.17800e+06
       21450.0   4.10100e+06
       21550.0   4.02400e+06
       21650.0   3.85200e+06
       21750.0   3.87600e+06
       21850.0   3.81100e+06
       21950.0   3.74200e+06
       22050.0   3.67500e+06
       22150.0   3.61000e+06
       22250.0   3.54600e+06
       22350.0   3.48300e+06
       22450.0   3.42200e+06
       22550.0   3.36200e+06
       22650.0   3.30300e+06
       22750.0   3.24600e+06
       22850.0   3.19300e+06
       22950.0   3.13800e+06
       23050.0   3.08400e+06
       23150.0   3.03100e+06
       23250.0   2.98000e+06
       23350.0   2.92900e+06
       23450.0   2.88000e+06
       23550.0   2.83100e+06
       23650.0   2.78400e+06
       23750.0   2.73800e+06
       23850.0   2.69200e+06
       23950.0   2.64800e+06
       24050.0   2.60400e+06
       24150.0   2.56200e+06
       24250.0   2.52000e+06
       24350.0   2.47900e+06
       24450.0   2.43900e+06
       24550.0   2.39900e+06
       24650.0   2.36100e+06
       24750.0   2.32300e+06
       24850.0   2.28600e+06
       24950.0   2.25000e+06
       25050.0   2.21400e+06
       25150.0   2.17900e+06
       25250.0   2.14400e+06
       25350.0   2.11200e+06
       25450.0   2.07900e+06
       25550.0   2.04700e+06
       25650.0   2.01100e+06
       25750.0   1.98400e+06
       25850.0   1.95400e+06
       25950.0   1.92400e+06
       26050.0   1.89200e+06
       26150.0   1.85600e+06
       26250.0   1.78400e+06
       26350.0   1.80700e+06
       26450.0   1.78300e+06
       26550.0   1.75600e+06
       26650.0   1.72900e+06
       26750.0   1.69300e+06
       26850.0   1.67800e+06
       26950.0   1.65500e+06
       27050.0   1.63000e+06
       27150.0   1.60600e+06
       27250.0   1.58300e+06
       27350.0   1.56000e+06
       27450.0   1.53700e+06
       27550.0   1.50200e+06
       27650.0   1.48800e+06
       27750.0   1.47200e+06
       27850.0   1.45100e+06
       27950.0   1.43100e+06
       28050.0   1.41000e+06
       28150.0   1.39100e+06
       28250.0   1.37100e+06
       28350.0   1.35200e+06
       28450.0   1.33300e+06
       28550.0   1.31400e+06
       28650.0   1.29200e+06
       28750.0   1.26100e+06
       28850.0   1.26000e+06
       28950.0   1.24300e+06
       29050.0   1.22600e+06
       29150.0   1.21000e+06
       29250.0   1.19300e+06
       29350.0   1.17700e+06
       29450.0   1.16100e+06
       29550.0   1.14600e+06
       29650.0   1.13000e+06
       29750.0   1.11500e+06
       29850.0   1.10000e+06
       29950.0   1.08600e+06
       30050.0   1.07100e+06
       30150.0   1.05700e+06
       30250.0   1.04300e+06
       30350.0   1.01500e+06
       30450.0   1.00800e+06
       30550.0   1.00300e+06
       30650.0       990100.
       30750.0       977300.
       30850.0       964700.
       30950.0       952300.
       31050.0       940100.
       31150.0       928100.
       31250.0       916300.
       31350.0       904600.
       31450.0       893200.
       31550.0       882000.
       31650.0       870900.
       31750.0       859900.
       31850.0       849200.
       31950.0       838700.
       32100.0       823100.
       32300.0       802900.
       32500.0       783300.
       32700.0       764300.
       32900.0       735200.
       33100.0       726500.
       33300.0       711100.
       33500.0       694300.
       33700.0       678000.
       33900.0       662100.
       34100.0       646700.
       34300.0       631800.
       34500.0       617300.
       34700.0       603100.
       34900.0       589400.
       35100.0       576100.
       35300.0       563100.
       35500.0       550600.
       35700.0       538300.
       35900.0       526400.
       36100.0       514900.
       36300.0       503600.
       36500.0       492600.
       36700.0       482000.
       36900.0       471600.
       37100.0       461400.
       37300.0       448400.
       37500.0       436800.
       37700.0       432800.
       37900.0       423700.
       38100.0       414900.
       38300.0       406300.
       38500.0       397900.
       38700.0       389700.
       38900.0       381700.
       39100.0       373600.
       39300.0       366400.
       39500.0       359100.
       39700.0       351900.
       39900.0       344800.
       40100.0       337600.
       40300.0       330600.
       40500.0       319400.
       40700.0       318500.
       40900.0       312300.
       41100.0       306200.
       41300.0       300300.
       41500.0       294500.
       41700.0       287500.
       41900.0       283400.
       42100.0       278100.
       42300.0       272900.
       42500.0       267700.
       42700.0       262800.
       42900.0       257800.
       43100.0       253100.
       43300.0       248400.
       43500.0       243900.
       43700.0       237800.
       43900.0       234600.
       44100.0       230900.
       44300.0       226700.
       44500.0       222600.
       44700.0       218700.
       44900.0       214900.
       45100.0       211000.
       45300.0       207300.
       45500.0       203700.
       45700.0       200200.
       45900.0       196700.
       46100.0       193300.
       46300.0       189900.
       46500.0       182600.
       46700.0       181200.
       46900.0       180100.
       47100.0       177300.
       47300.0       174300.
       47500.0       171400.
       47700.0       168500.
       47900.0       165700.
       48100.0       163000.
       48300.0       160300.
       48500.0       157600.
       48700.0       155100.
       48900.0       152500.
       49100.0       150100.
       49300.0       147600.
       49500.0       145200.
       49700.0       142900.
       49900.0       140600.
       50100.0       138400.
       50300.0       136200.
       50500.0       134000.
       50700.0       131900.
       50900.0       129900.
       51100.0       127700.
       51300.0       123900.
       51500.0       123800.
       51700.0       122000.
       51900.0       120100.
       52100.0       118200.
       52300.0       116400.
       52500.0       114700.
       52700.0       112900.
       52900.0       111200.
       53100.0       109500.
       53300.0       107900.
       53500.0       106300.
       53700.0       104700.
       53900.0       103200.
       54100.0       101600.
       54300.0       100100.
       54500.0       98670.0
       54700.0       97230.0
       54900.0       95810.0
       55100.0       94420.0
       55300.0       93050.0
       55500.0       91710.0
       55700.0       90400.0
       55900.0       89100.0
       56100.0       87830.0
       56300.0       86590.0
       56500.0       85360.0
       56700.0       84160.0
       56900.0       82970.0
       57100.0       81730.0
       57300.0       80670.0
       57500.0       79550.0
       57700.0       78440.0
       57900.0       77360.0
       58100.0       76300.0
       58300.0       75250.0
       58500.0       74230.0
       58700.0       73220.0
       58900.0       72100.0
       59100.0       69770.0
       59300.0       70220.0
       59500.0       69140.0
       59700.0       68340.0
       59900.0       67500.0
       60100.0       66600.0
       60300.0       65710.0
       60500.0       64840.0
       60700.0       63990.0
       60900.0       63150.0
       61100.0       62320.0
       61300.0       61510.0
       61500.0       60710.0
       61700.0       59920.0
       61900.0       59140.0
       62100.0       58380.0
       62300.0       57630.0
       62500.0       56890.0
       62700.0       56140.0
       62900.0       55110.0
       63100.0       54690.0
       63300.0       54050.0
       63500.0       53370.0
       63700.0       52700.0
       63900.0       52040.0
       64200.0       51070.0
       64600.0       49810.0
       65000.0       48590.0
       65400.0       47400.0
       65800.0       46250.0
       66200.0       45140.0
       66600.0       44050.0
       67000.0       43010.0
       67400.0       41970.0
       67800.0       40770.0
       68200.0       40040.0
       68600.0       39110.0
       69000.0       38200.0
       69400.0       37320.0
       69800.0       36470.0
       70200.0       35640.0
       70600.0       34830.0
       71000.0       34050.0
       71400.0       33290.0
       71800.0       32550.0
       72200.0       31830.0
       72600.0       31130.0
       73000.0       30450.0
       73400.0       29780.0
       73800.0       29140.0
       74200.0       28500.0
       74600.0       27420.0
       75000.0       26730.0
       75400.0       26690.0
       75800.0       26160.0
       76200.0       25610.0
       76600.0       25080.0
       77000.0       24560.0
       77400.0       24050.0
       77800.0       23560.0
       78200.0       23080.0
       78600.0       22610.0
       79000.0       22150.0
       79400.0       21700.0
       79800.0       21270.0
       80200.0       20840.0
       80600.0       20430.0
       81000.0       20030.0
       81400.0       19620.0
       81800.0       19250.0
       82200.0       18870.0
       82600.0       18510.0
       83000.0       18150.0
       83400.0       17800.0
       83800.0       17460.0
       84200.0       17130.0
       84600.0       16810.0
       85000.0       16490.0
       85400.0       16180.0
       85800.0       15880.0
       86200.0       15580.0
       86600.0       15260.0
       87000.0       15010.0
       87400.0       14640.0
       87800.0       14370.0
       88200.0       14210.0
       88600.0       13950.0
       89000.0       13700.0
       89400.0       13450.0
       89800.0       13210.0
       90200.0       12980.0
       90600.0       12750.0
       91000.0       12530.0
       91400.0       12310.0
       91800.0       12090.0
       92200.0       11880.0
       92600.0       11680.0
       93000.0       11470.0
       93400.0       11280.0
       93800.0       11040.0
       94200.0       10880.0
       94600.0       10710.0
       95000.0       10530.0
       95400.0       10350.0
       95800.0       10180.0
       96200.0       10010.0
       96600.0       9845.00
       97000.0       9682.00
       97400.0       9523.00
       97800.0       9366.00
       98200.0       9214.00
       98600.0       9064.00
       99000.0       8917.00
       99400.0       8773.00
       99800.0       8632.00
       100200.       8494.00
       200000.       520.700
       400000.       31.5500
       600000.       6.11400
       800000.       1.90700
   1.00000e+06      0.772600
   1.20000e+06      0.369200
   1.40000e+06      0.197700
   1.60000e+06      0.115100
