       90.9000   3.99100e-07
       93.5000   1.24400e-06
       96.1000   3.59600e-06
       97.7000   6.86000e-06
       99.6000   1.41600e-05
       102.000   3.40300e-05
       103.800   6.40100e-05
       105.600   0.000117800
       107.700   0.000234000
       110.400   0.000544000
       114.000    0.00157400
       117.800    0.00451000
       121.300     0.0112600
       124.800     0.0266900
       127.100     0.0459100
       128.400     0.0618700
       130.500     0.0987400
       132.400      0.149000
       133.900      0.205200
       136.600      0.356000
       139.800      0.676200
       143.300       1.30700
       147.200       2.57700
       151.000       5.08900
       155.200       10.1200
       158.800       17.7900
       162.000       29.3800
       166.000       52.8400
       170.300       94.4500
       173.400       141.600
       176.800       221.500
       180.200       337.400
       181.700       396.400
       186.100       676.200
       191.000       1166.00
       193.900       1607.00
       198.400       2552.00
       201.800       3531.00
       205.000       4865.00
       210.500       8087.00
       216.200       13220.0
       219.800       18060.0
       223.000       23260.0
       226.800       31350.0
       230.000   1.22800e+07
       234.000   4.53300e+07
       240.000   6.42200e+07
       246.500   1.08200e+08
       252.400   2.66100e+08
       256.800   5.45800e+08
       260.000   7.16300e+08
       264.000   5.54200e+09
       268.500   6.93300e+09
       273.500   8.68700e+09
       278.500   5.11000e+09
       284.000   1.21600e+10
       290.000   1.97100e+10
       296.000   1.41100e+10
       301.000   1.04500e+10
       308.000   2.49100e+10
       318.000   8.15000e+09
       328.000   1.27200e+10
       338.000   9.14600e+09
       348.000   9.95200e+09
       357.000   2.75800e+10
       366.000   5.84400e+10
       375.000   7.62200e+10
       385.000   6.54600e+10
       395.000   1.10600e+11
       405.000   1.69100e+11
       414.000   1.61100e+11
       422.000   1.49300e+11
       430.000   1.38300e+11
       441.000   1.68000e+11
       451.000   1.72200e+11
       460.000   1.42100e+11
       470.000   1.54300e+11
       480.000   1.75900e+11
       490.000   1.30800e+11
       500.000   1.88000e+11
       506.000   1.41900e+11
       512.000   2.05600e+11
       520.000   1.89100e+11
       530.000   1.71200e+11
       540.000   1.42600e+11
       550.000   1.20700e+11
       560.000   1.62000e+11
       570.000   1.86900e+11
       580.000   1.80700e+11
       590.000   1.80200e+11
       600.000   1.48500e+11
       610.000   1.32700e+11
       620.000   1.71300e+11
       630.000   1.55000e+11
       640.000   1.73700e+11
       650.000   1.60600e+11
       658.000   1.40100e+11
       665.000   1.63000e+11
       675.000   1.67200e+11
       685.000   1.44600e+11
       695.000   1.59600e+11
       705.000   1.35300e+11
       716.000   1.56000e+11
       726.000   1.56300e+11
       735.000   1.54200e+11
       745.000   1.44600e+11
       755.000   1.40700e+11
       765.000   1.25500e+11
       775.000   1.35500e+11
       785.000   1.18900e+11
       795.000   1.29600e+11
       805.000   1.29600e+11
       815.000   1.27800e+11
       825.000   1.26800e+11
       835.000   1.10700e+11
       845.000   1.20300e+11
       855.000   1.13800e+11
       865.000   1.17400e+11
       875.000   1.16100e+11
       885.000   1.12500e+11
       895.000   1.10300e+11
       905.000   1.06200e+11
       915.000   8.09600e+10
       925.000   1.29800e+11
       935.000   1.68100e+11
       945.000   1.85700e+11
       955.000   2.05000e+11
       965.000   2.15100e+11
       975.000   1.65200e+11
       985.000   1.91700e+11
       995.000   1.70900e+11
       1005.00   1.71200e+11
       1015.00   1.74700e+11
       1025.00   1.58600e+11
       1035.00   1.77800e+11
       1045.00   1.81000e+11
       1055.00   1.75900e+11
       1065.00   1.66100e+11
       1075.00   1.66900e+11
       1085.00   1.54900e+11
       1095.00   1.58600e+11
       1105.00   1.54000e+11
       1115.00   1.50800e+11
       1125.00   1.43800e+11
       1135.00   1.46200e+11
       1145.00   1.44600e+11
       1155.00   1.36300e+11
       1165.00   1.29100e+11
       1175.00   1.14200e+11
       1185.00   1.22700e+11
       1195.00   1.16600e+11
       1205.00   1.14600e+11
       1215.00   9.78800e+10
       1225.00   1.08000e+11
       1235.00   1.05800e+11
       1245.00   1.02500e+11
       1255.00   1.03600e+11
       1265.00   1.03400e+11
       1275.00   1.02900e+11
       1285.00   1.01200e+11
       1295.00   1.00000e+11
       1305.00   9.60700e+10
       1315.00   9.51100e+10
       1325.00   9.30000e+10
       1335.00   9.11100e+10
       1345.00   8.95300e+10
       1355.00   8.56000e+10
       1365.00   8.20600e+10
       1375.00   7.87000e+10
       1385.00   7.86600e+10
       1395.00   7.56300e+10
       1405.00   7.18100e+10
       1415.00   7.69400e+10
       1425.00   7.14200e+10
       1435.00   7.34400e+10
       1442.00   7.01600e+10
       1447.00   7.00400e+10
       1455.00   6.78900e+10
       1465.00   6.73400e+10
       1475.00   6.65300e+10
       1485.00   6.65800e+10
       1495.00   6.45700e+10
       1505.00   6.38300e+10
       1512.00   6.33700e+10
       1517.00   6.18100e+10
       1525.00   6.14300e+10
       1535.00   5.70600e+10
       1545.00   4.84400e+10
       1555.00   4.92500e+10
       1565.00   5.31800e+10
       1575.00   5.40200e+10
       1585.00   5.28100e+10
       1595.00   5.26000e+10
       1605.00   5.00700e+10
       1615.00   4.86000e+10
       1625.00   4.86200e+10
       1635.00   4.81500e+10
       1645.00   4.60600e+10
       1655.00   4.74200e+10
       1665.00   4.65300e+10
       1672.00   4.41900e+10
       1677.00   4.70900e+10
       1685.00   4.61600e+10
       1695.00   4.55100e+10
       1705.00   4.41100e+10
       1715.00   4.21400e+10
       1725.00   4.16400e+10
       1735.00   4.24300e+10
       1745.00   4.17100e+10
       1755.00   4.07300e+10
       1765.00   4.00700e+10
       1775.00   3.92100e+10
       1785.00   3.90200e+10
       1795.00   3.78900e+10
       1805.00   3.73200e+10
       1815.00   3.65900e+10
       1825.00   3.59100e+10
       1835.00   3.55200e+10
       1845.00   3.50600e+10
       1855.00   3.45000e+10
       1865.00   3.40200e+10
       1875.00   3.31700e+10
       1885.00   3.25700e+10
       1895.00   3.25500e+10
       1905.00   3.20500e+10
       1915.00   3.15100e+10
       1925.00   3.01800e+10
       1935.00   3.05600e+10
       1945.00   3.01000e+10
       1955.00   2.91600e+10
       1967.00   2.89200e+10
       1976.00   2.84500e+10
       1984.00   2.82500e+10
       1995.00   2.76800e+10
       2005.00   2.73500e+10
       2015.00   2.68900e+10
       2025.00   2.64700e+10
       2035.00   2.59500e+10
       2045.00   2.54000e+10
       2055.00   1.90000e+10
       2065.00   1.82400e+10
       2074.00   1.87100e+10
       2078.00   1.92000e+10
       2085.00   2.07100e+10
       2095.00   2.28200e+10
       2105.00   2.29700e+10
       2115.00   2.29000e+10
       2125.00   2.24200e+10
       2135.00   2.22000e+10
       2145.00   2.18400e+10
       2155.00   2.18200e+10
       2165.00   2.06100e+10
       2175.00   2.12800e+10
       2185.00   2.03200e+10
       2195.00   2.07200e+10
       2205.00   2.04000e+10
       2215.00   1.93900e+10
       2225.00   1.97800e+10
       2235.00   1.95100e+10
       2245.00   1.91800e+10
       2255.00   1.83400e+10
       2265.00   1.86100e+10
       2275.00   1.84100e+10
       2285.00   1.80000e+10
       2295.00   1.74700e+10
       2305.00   1.70100e+10
       2315.00   1.71500e+10
       2325.00   1.70400e+10
       2335.00   1.68000e+10
       2345.00   1.64800e+10
       2355.00   1.61900e+10
       2365.00   1.59300e+10
       2375.00   1.56200e+10
       2385.00   1.48400e+10
       2395.00   1.50900e+10
       2405.00   1.49000e+10
       2415.00   1.47300e+10
       2425.00   1.46600e+10
       2435.00   1.44100e+10
       2445.00   1.42200e+10
       2455.00   1.39500e+10
       2465.00   1.38000e+10
       2475.00   1.36900e+10
       2485.00   1.34000e+10
       2495.00   1.21500e+10
       2505.00   1.30200e+10
       2513.00   1.21200e+10
       2518.00   1.26000e+10
       2525.00   1.26100e+10
       2535.00   1.25700e+10
       2545.00   1.24200e+10
       2555.00   1.22400e+10
       2565.00   1.20900e+10
       2575.00   1.19000e+10
       2585.00   1.17500e+10
       2595.00   1.14200e+10
       2605.00   1.14500e+10
       2615.00   1.12000e+10
       2625.00   1.11500e+10
       2635.00   1.10200e+10
       2645.00   1.08300e+10
       2655.00   1.07200e+10
       2665.00   1.05700e+10
       2675.00   1.03300e+10
       2685.00   1.02800e+10
       2695.00   1.01200e+10
       2705.00   1.00600e+10
       2715.00   9.90700e+09
       2725.00   9.78200e+09
       2735.00   9.38300e+09
       2745.00   9.55100e+09
       2755.00   9.41000e+09
       2765.00   9.29600e+09
       2775.00   9.17000e+09
       2785.00   9.01000e+09
       2795.00   8.87700e+09
       2805.00   8.81600e+09
       2815.00   8.71100e+09
       2825.00   8.58300e+09
       2835.00   8.50000e+09
       2845.00   8.40900e+09
       2855.00   8.30000e+09
       2865.00   8.16000e+09
       2875.00   8.05700e+09
       2885.00   7.98600e+09
       2895.00   7.88600e+09
       2910.00   7.74200e+09
       2930.00   7.57100e+09
       2950.00   7.38700e+09
       2970.00   7.19400e+09
       2990.00   6.99600e+09
       3010.00   6.83700e+09
       3030.00   6.64100e+09
       3050.00   6.51500e+09
       3070.00   6.34800e+09
       3090.00   6.23700e+09
       3110.00   6.09600e+09
       3130.00   5.95400e+09
       3150.00   5.83700e+09
       3170.00   5.69800e+09
       3190.00   5.58000e+09
       3210.00   5.36000e+09
       3230.00   5.33800e+09
       3250.00   5.22500e+09
       3270.00   5.06500e+09
       3290.00   4.98700e+09
       3310.00   4.87400e+09
       3330.00   4.76900e+09
       3350.00   4.64100e+09
       3370.00   4.56300e+09
       3390.00   4.46600e+09
       3410.00   4.36700e+09
       3430.00   4.29300e+09
       3450.00   4.18100e+09
       3470.00   4.11300e+09
       3490.00   4.03000e+09
       3510.00   3.95400e+09
       3530.00   3.86500e+09
       3550.00   3.78800e+09
       3570.00   3.71300e+09
       3590.00   3.63800e+09
       3610.00   3.56000e+09
       3630.00   3.48800e+09
       3640.00   3.38600e+09
       3650.00   3.04400e+09
       3670.00   2.98900e+09
       3690.00   2.94200e+09
       3710.00   2.90900e+09
       3730.00   2.91400e+09
       3750.00   2.93300e+09
       3770.00   2.93800e+09
       3790.00   2.96300e+09
       3810.00   2.97300e+09
       3830.00   2.81800e+09
       3850.00   2.90600e+09
       3870.00   2.87200e+09
       3890.00   2.63900e+09
       3910.00   2.78800e+09
       3930.00   2.71000e+09
       3950.00   2.67800e+09
       3970.00   2.43500e+09
       3990.00   2.58800e+09
       4010.00   2.54500e+09
       4030.00   2.45600e+09
       4050.00   2.45800e+09
       4070.00   2.40800e+09
       4090.00   2.31100e+09
       4110.00   2.17200e+09
       4130.00   2.27900e+09
       4150.00   2.24200e+09
       4170.00   2.20600e+09
       4190.00   2.16000e+09
       4210.00   2.09700e+09
       4230.00   2.09500e+09
       4250.00   2.05800e+09
       4270.00   2.02200e+09
       4290.00   1.98800e+09
       4310.00   1.94900e+09
       4330.00   1.86300e+09
       4350.00   1.77700e+09
       4370.00   1.84800e+09
       4390.00   1.81100e+09
       4410.00   1.78200e+09
       4430.00   1.75900e+09
       4450.00   1.72800e+09
       4470.00   1.69200e+09
       4490.00   1.67300e+09
       4510.00   1.64000e+09
       4530.00   1.61200e+09
       4550.00   1.56100e+09
       4570.00   1.56400e+09
       4590.00   1.53900e+09
       4610.00   1.51600e+09
       4630.00   1.48500e+09
       4650.00   1.43900e+09
       4670.00   1.44000e+09
       4690.00   1.37300e+09
       4710.00   1.39800e+09
       4730.00   1.38000e+09
       4750.00   1.35900e+09
       4770.00   1.33700e+09
       4790.00   1.31500e+09
       4810.00   1.29500e+09
       4830.00   1.27400e+09
       4850.00   1.23200e+09
       4870.00   1.15600e+09
       4890.00   1.21500e+09
       4910.00   1.19800e+09
       4930.00   1.17700e+09
       4950.00   1.16300e+09
       4970.00   1.14500e+09
       4990.00   1.12800e+09
       5010.00   1.10800e+09
       5030.00   1.09400e+09
       5050.00   1.07700e+09
       5070.00   1.06200e+09
       5090.00   1.04700e+09
       5110.00   1.03100e+09
       5130.00   1.01600e+09
       5150.00   1.00100e+09
       5170.00   9.87000e+08
       5190.00   9.72700e+08
       5210.00   9.58400e+08
       5230.00   9.45000e+08
       5250.00   9.30200e+08
       5270.00   9.16600e+08
       5290.00   9.05000e+08
       5310.00   8.92100e+08
       5330.00   8.79400e+08
       5350.00   8.67200e+08
       5370.00   8.54900e+08
       5390.00   8.42900e+08
       5410.00   8.15100e+08
       5430.00   8.19600e+08
       5450.00   8.08400e+08
       5470.00   7.97000e+08
       5490.00   7.86200e+08
       5510.00   7.74700e+08
       5530.00   7.64900e+08
       5550.00   7.54500e+08
       5570.00   7.43700e+08
       5590.00   7.31900e+08
       5610.00   7.24300e+08
       5630.00   7.14600e+08
       5650.00   7.05000e+08
       5670.00   6.95600e+08
       5690.00   6.75400e+08
       5710.00   6.28100e+08
       5730.00   6.20100e+08
       5750.00   6.12200e+08
       5770.00   6.04800e+08
       5790.00   5.97700e+08
       5810.00   5.88100e+08
       5830.00   5.85600e+08
       5850.00   5.81300e+08
       5870.00   5.73300e+08
       5890.00   5.73100e+08
       5910.00   5.69700e+08
       5930.00   5.66800e+08
       5950.00   5.64700e+08
       5970.00   5.62300e+08
       5990.00   5.60300e+08
       6010.00   5.55100e+08
       6030.00   5.49200e+08
       6050.00   5.43700e+08
       6070.00   5.36400e+08
       6090.00   5.30700e+08
       6110.00   5.23400e+08
       6130.00   5.17000e+08
       6150.00   5.11500e+08
       6170.00   5.03100e+08
       6190.00   4.99000e+08
       6210.00   4.93200e+08
       6230.00   4.84600e+08
       6250.00   4.80700e+08
       6270.00   4.75400e+08
       6290.00   4.69700e+08
       6310.00   4.60600e+08
       6330.00   4.58100e+08
       6350.00   4.52800e+08
       6370.00   4.47500e+08
       6390.00   4.41800e+08
       6410.00   4.32900e+08
       6430.00   4.31700e+08
       6450.00   4.26400e+08
       6470.00   4.21400e+08
       6490.00   4.16600e+08
       6510.00   4.11300e+08
       6530.00   4.01900e+08
       6550.00   3.97400e+08
       6570.00   3.69900e+08
       6590.00   3.92200e+08
       6610.00   3.88400e+08
       6630.00   3.83900e+08
       6650.00   3.79500e+08
       6670.00   3.73400e+08
       6690.00   3.65000e+08
       6710.00   3.66200e+08
       6730.00   3.62300e+08
       6750.00   3.58100e+08
       6770.00   3.54300e+08
       6790.00   3.50400e+08
       6810.00   3.46400e+08
       6830.00   3.42600e+08
       6850.00   3.38700e+08
       6870.00   3.34900e+08
       6890.00   3.26100e+08
       6910.00   3.27300e+08
       6930.00   3.24000e+08
       6950.00   3.20400e+08
       6970.00   3.16900e+08
       6990.00   3.13400e+08
       7010.00   3.09900e+08
       7030.00   3.06200e+08
       7050.00   3.03100e+08
       7070.00   2.98800e+08
       7090.00   2.96700e+08
       7110.00   2.93400e+08
       7130.00   2.90300e+08
       7150.00   2.87300e+08
       7170.00   2.81100e+08
       7190.00   2.79400e+08
       7210.00   2.78200e+08
       7230.00   2.75200e+08
       7250.00   2.72300e+08
       7270.00   2.69500e+08
       7290.00   2.66300e+08
       7310.00   2.63700e+08
       7330.00   2.61100e+08
       7350.00   2.58300e+08
       7370.00   2.55600e+08
       7390.00   2.52900e+08
       7410.00   2.50300e+08
       7430.00   2.47800e+08
       7450.00   2.45000e+08
       7470.00   2.42700e+08
       7490.00   2.39800e+08
       7510.00   2.37700e+08
       7530.00   2.35300e+08
       7550.00   2.32900e+08
       7570.00   2.30500e+08
       7590.00   2.24300e+08
       7610.00   2.25600e+08
       7630.00   2.23600e+08
       7650.00   2.21400e+08
       7670.00   2.19200e+08
       7690.00   2.16700e+08
       7710.00   2.14700e+08
       7730.00   2.12400e+08
       7750.00   2.10500e+08
       7770.00   2.08500e+08
       7790.00   2.06400e+08
       7810.00   2.04400e+08
       7830.00   2.02400e+08
       7850.00   2.00100e+08
       7870.00   1.98300e+08
       7890.00   1.96500e+08
       7910.00   1.94600e+08
       7930.00   1.92700e+08
       7950.00   1.90900e+08
       7970.00   1.88900e+08
       7990.00   1.87200e+08
       8010.00   1.85400e+08
       8030.00   1.83500e+08
       8050.00   1.81900e+08
       8070.00   1.80100e+08
       8090.00   1.78400e+08
       8110.00   1.76700e+08
       8130.00   1.75000e+08
       8150.00   1.73400e+08
       8170.00   1.71600e+08
       8190.00   1.69300e+08
       8210.00   1.60700e+08
       8230.00   1.58100e+08
       8250.00   1.57500e+08
       8270.00   1.56300e+08
       8290.00   1.54900e+08
       8310.00   1.53500e+08
       8330.00   1.52000e+08
       8350.00   1.50700e+08
       8370.00   1.49400e+08
       8390.00   1.48200e+08
       8410.00   1.47000e+08
       8430.00   1.45800e+08
       8450.00   1.44600e+08
       8470.00   1.43500e+08
       8490.00   1.42400e+08
       8510.00   1.41200e+08
       8530.00   1.40400e+08
       8550.00   1.39100e+08
       8570.00   1.38400e+08
       8590.00   1.37100e+08
       8610.00   1.36200e+08
       8630.00   1.35800e+08
       8650.00   1.34600e+08
       8670.00   1.32500e+08
       8690.00   1.33100e+08
       8710.00   1.32500e+08
       8730.00   1.31400e+08
       8750.00   1.27900e+08
       8770.00   1.29200e+08
       8790.00   1.29300e+08
       8810.00   1.28500e+08
       8830.00   1.27600e+08
       8850.00   1.24700e+08
       8870.00   1.20800e+08
       8890.00   1.24000e+08
       8910.00   1.23500e+08
       8930.00   1.22400e+08
       8950.00   1.21600e+08
       8970.00   1.20500e+08
       8990.00   1.18800e+08
       9010.00   1.13100e+08
       9030.00   1.14500e+08
       9050.00   1.16100e+08
       9070.00   1.15400e+08
       9090.00   1.14600e+08
       9110.00   1.13300e+08
       9130.00   1.12700e+08
       9150.00   1.11800e+08
       9170.00   1.10800e+08
       9190.00   1.09600e+08
       9210.00   1.07500e+08
       9230.00   1.01200e+08
       9250.00   1.05500e+08
       9270.00   1.05900e+08
       9290.00   1.05300e+08
       9310.00   1.04400e+08
       9330.00   1.03500e+08
       9350.00   1.00300e+08
       9370.00   1.01300e+08
       9390.00   1.01000e+08
       9410.00   1.00200e+08
       9430.00   9.93800e+07
       9450.00   9.85800e+07
       9470.00   9.77300e+07
       9490.00   9.69400e+07
       9510.00   9.57700e+07
       9530.00   9.37200e+07
       9550.00   8.81200e+07
       9570.00   9.27500e+07
       9590.00   9.28900e+07
       9610.00   9.23100e+07
       9630.00   9.15400e+07
       9650.00   9.08600e+07
       9670.00   9.01400e+07
       9690.00   8.94100e+07
       9710.00   8.81800e+07
       9730.00   8.79100e+07
       9750.00   8.71400e+07
       9770.00   8.59000e+07
       9790.00   8.59000e+07
       9810.00   8.52200e+07
       9830.00   8.45200e+07
       9850.00   8.38900e+07
       9870.00   8.32200e+07
       9890.00   8.25700e+07
       9910.00   8.19100e+07
       9930.00   8.12800e+07
       9950.00   8.06400e+07
       9970.00   8.00100e+07
       9990.00   7.93900e+07
       10025.0   7.69500e+07
       10075.0   7.47800e+07
       10125.0   7.39600e+07
       10175.0   7.39000e+07
       10225.0   7.25000e+07
       10275.0   7.11100e+07
       10325.0   6.97200e+07
       10375.0   6.84900e+07
       10425.0   6.68200e+07
       10475.0   6.59800e+07
       10525.0   6.47600e+07
       10575.0   6.35700e+07
       10625.0   6.24100e+07
       10675.0   6.12700e+07
       10725.0   6.01700e+07
       10775.0   5.90800e+07
       10825.0   5.78400e+07
       10875.0   5.69500e+07
       10925.0   5.38300e+07
       10975.0   5.45200e+07
       11025.0   5.39900e+07
       11075.0   5.30600e+07
       11125.0   5.21400e+07
       11175.0   5.12600e+07
       11225.0   5.03700e+07
       11275.0   4.95000e+07
       11325.0   4.86500e+07
       11375.0   4.78200e+07
       11425.0   4.70100e+07
       11475.0   4.62100e+07
       11525.0   4.54300e+07
       11575.0   4.46600e+07
       11625.0   4.34100e+07
       11675.0   4.28200e+07
       11725.0   4.24700e+07
       11775.0   4.17700e+07
       11825.0   4.10700e+07
       11875.0   4.04000e+07
       11925.0   3.97400e+07
       11975.0   3.90100e+07
       12025.0   3.84600e+07
       12075.0   3.78400e+07
       12125.0   3.72200e+07
       12175.0   3.66300e+07
       12225.0   3.60500e+07
       12275.0   3.54800e+07
       12325.0   3.49200e+07
       12375.0   3.43700e+07
       12425.0   3.38300e+07
       12475.0   3.33000e+07
       12525.0   3.27700e+07
       12575.0   3.22700e+07
       12625.0   3.17700e+07
       12675.0   3.12800e+07
       12725.0   3.08000e+07
       12775.0   3.01700e+07
       12825.0   2.86000e+07
       12875.0   2.93600e+07
       12925.0   2.89700e+07
       12975.0   2.85200e+07
       13025.0   2.81000e+07
       13075.0   2.76800e+07
       13125.0   2.72700e+07
       13175.0   2.68700e+07
       13225.0   2.64700e+07
       13275.0   2.60800e+07
       13325.0   2.57000e+07
       13375.0   2.53200e+07
       13425.0   2.49500e+07
       13475.0   2.45900e+07
       13525.0   2.42300e+07
       13575.0   2.38800e+07
       13625.0   2.35400e+07
       13675.0   2.32000e+07
       13725.0   2.28700e+07
       13775.0   2.25500e+07
       13825.0   2.22300e+07
       13875.0   2.19100e+07
       13925.0   2.16100e+07
       13975.0   2.13000e+07
       14025.0   2.10100e+07
       14075.0   2.07100e+07
       14125.0   2.04300e+07
       14175.0   2.01400e+07
       14225.0   1.98700e+07
       14275.0   1.95900e+07
       14325.0   1.93200e+07
       14375.0   1.90600e+07
       14425.0   1.88000e+07
       14475.0   1.85500e+07
       14525.0   1.83000e+07
       14570.0   1.80800e+07
       14620.0   1.78400e+07
       14675.0   1.75800e+07
       14725.0   1.73300e+07
       14775.0   1.69400e+07
       14825.0   1.68800e+07
       14875.0   1.66600e+07
       14925.0   1.64500e+07
       14975.0   1.62300e+07
       15025.0   1.60200e+07
       15075.0   1.58100e+07
       15125.0   1.56100e+07
       15175.0   1.54000e+07
       15225.0   1.52100e+07
       15275.0   1.50100e+07
       15325.0   1.48200e+07
       15375.0   1.46300e+07
       15425.0   1.44400e+07
       15475.0   1.42600e+07
       15525.0   1.40800e+07
       15575.0   1.38900e+07
       15625.0   1.37300e+07
       15675.0   1.35400e+07
       15725.0   1.33600e+07
       15775.0   1.32300e+07
       15825.0   1.30600e+07
       15875.0   1.28400e+07
       15925.0   1.27200e+07
       15975.0   1.26100e+07
       16050.0   1.23500e+07
       16150.0   1.20100e+07
       16250.0   1.17800e+07
       16350.0   1.14700e+07
       16450.0   1.11300e+07
       16550.0   1.09600e+07
       16650.0   1.07000e+07
       16750.0   1.04100e+07
       16850.0   1.00900e+07
       16950.0   9.97500e+06
       17050.0   9.73300e+06
       17150.0   9.52200e+06
       17250.0   9.30500e+06
       17350.0   8.93600e+06
       17450.0   8.87800e+06
       17550.0   8.69200e+06
       17650.0   8.49900e+06
       17750.0   8.31100e+06
       17850.0   8.12800e+06
       17950.0   7.95000e+06
       18050.0   7.77700e+06
       18150.0   7.46100e+06
       18250.0   7.42100e+06
       18350.0   7.28500e+06
       18450.0   7.13000e+06
       18550.0   6.98000e+06
       18650.0   6.74000e+06
       18750.0   6.51300e+06
       18850.0   6.54900e+06
       18950.0   6.41400e+06
       19050.0   6.27800e+06
       19150.0   6.15300e+06
       19250.0   6.02700e+06
       19350.0   5.90000e+06
       19450.0   5.64500e+06
       19550.0   5.66400e+06
       19650.0   5.55500e+06
       19750.0   5.44400e+06
       19850.0   5.33600e+06
       19950.0   5.23100e+06
       20050.0   5.12800e+06
       20150.0   5.02800e+06
       20250.0   4.93000e+06
       20350.0   4.83500e+06
       20450.0   4.74100e+06
       20550.0   4.64900e+06
       20650.0   4.56200e+06
       20750.0   4.47300e+06
       20850.0   4.39000e+06
       20950.0   4.30800e+06
       21050.0   4.22700e+06
       21150.0   4.14600e+06
       21250.0   4.07100e+06
       21350.0   3.99600e+06
       21450.0   3.92300e+06
       21550.0   3.84900e+06
       21650.0   3.67800e+06
       21750.0   3.70700e+06
       21850.0   3.64500e+06
       21950.0   3.58000e+06
       22050.0   3.51500e+06
       22150.0   3.45300e+06
       22250.0   3.39200e+06
       22350.0   3.33200e+06
       22450.0   3.27300e+06
       22550.0   3.21600e+06
       22650.0   3.16000e+06
       22750.0   3.10500e+06
       22850.0   3.05500e+06
       22950.0   3.00200e+06
       23050.0   2.95000e+06
       23150.0   2.90000e+06
       23250.0   2.85100e+06
       23350.0   2.80300e+06
       23450.0   2.75500e+06
       23550.0   2.70900e+06
       23650.0   2.66400e+06
       23750.0   2.62000e+06
       23850.0   2.57600e+06
       23950.0   2.53400e+06
       24050.0   2.49200e+06
       24150.0   2.45100e+06
       24250.0   2.41100e+06
       24350.0   2.37200e+06
       24450.0   2.33400e+06
       24550.0   2.29600e+06
       24650.0   2.25900e+06
       24750.0   2.22200e+06
       24850.0   2.18800e+06
       24950.0   2.15300e+06
       25050.0   2.11900e+06
       25150.0   2.08500e+06
       25250.0   2.05100e+06
       25350.0   2.02100e+06
       25450.0   1.98900e+06
       25550.0   1.95800e+06
       25650.0   1.92300e+06
       25750.0   1.89900e+06
       25850.0   1.86900e+06
       25950.0   1.84100e+06
       26050.0   1.81100e+06
       26150.0   1.77500e+06
       26250.0   1.70500e+06
       26350.0   1.72900e+06
       26450.0   1.70600e+06
       26550.0   1.68000e+06
       26650.0   1.65400e+06
       26750.0   1.62000e+06
       26850.0   1.60600e+06
       26950.0   1.58300e+06
       27050.0   1.56000e+06
       27150.0   1.53700e+06
       27250.0   1.51500e+06
       27350.0   1.49300e+06
       27450.0   1.47100e+06
       27550.0   1.43600e+06
       27650.0   1.42400e+06
       27750.0   1.40900e+06
       27850.0   1.38900e+06
       27950.0   1.36900e+06
       28050.0   1.35000e+06
       28150.0   1.33100e+06
       28250.0   1.31200e+06
       28350.0   1.29400e+06
       28450.0   1.27600e+06
       28550.0   1.25800e+06
       28650.0   1.23600e+06
       28750.0   1.20500e+06
       28850.0   1.20600e+06
       28950.0   1.19000e+06
       29050.0   1.17400e+06
       29150.0   1.15800e+06
       29250.0   1.14200e+06
       29350.0   1.12700e+06
       29450.0   1.11200e+06
       29550.0   1.09700e+06
       29650.0   1.08200e+06
       29750.0   1.06800e+06
       29850.0   1.05300e+06
       29950.0   1.03900e+06
       30050.0   1.02600e+06
       30150.0   1.01200e+06
       30250.0       998500.
       30350.0       970300.
       30450.0       964400.
       30550.0       960200.
       30650.0       947800.
       30750.0       935500.
       30850.0       923500.
       30950.0       911600.
       31050.0       900000.
       31150.0       888500.
       31250.0       877200.
       31350.0       866000.
       31450.0       855100.
       31550.0       844400.
       31650.0       833700.
       31750.0       823300.
       31850.0       813000.
       31950.0       802900.
       32100.0       788000.
       32300.0       768700.
       32500.0       750000.
       32700.0       731800.
       32900.0       703300.
       33100.0       695400.
       33300.0       680900.
       33500.0       664800.
       33700.0       649200.
       33900.0       634000.
       34100.0       619300.
       34300.0       605000.
       34500.0       591100.
       34700.0       577500.
       34900.0       564400.
       35100.0       551700.
       35300.0       539300.
       35500.0       527200.
       35700.0       515500.
       35900.0       504100.
       36100.0       493100.
       36300.0       482300.
       36500.0       471800.
       36700.0       461600.
       36900.0       451700.
       37100.0       441800.
       37300.0       429200.
       37500.0       418000.
       37700.0       414500.
       37900.0       405800.
       38100.0       397300.
       38300.0       389100.
       38500.0       381100.
       38700.0       373200.
       38900.0       365600.
       39100.0       357700.
       39300.0       350900.
       39500.0       343900.
       39700.0       337000.
       39900.0       330300.
       40100.0       323300.
       40300.0       316500.
       40500.0       305600.
       40700.0       305000.
       40900.0       299100.
       41100.0       293300.
       41300.0       287600.
       41500.0       282100.
       41700.0       275300.
       41900.0       271500.
       42100.0       266400.
       42300.0       261400.
       42500.0       256500.
       42700.0       251700.
       42900.0       247000.
       43100.0       242500.
       43300.0       238000.
       43500.0       233600.
       43700.0       227700.
       43900.0       224800.
       44100.0       221200.
       44300.0       217200.
       44500.0       213300.
       44700.0       209600.
       44900.0       205900.
       45100.0       202200.
       45300.0       198700.
       45500.0       195200.
       45700.0       191800.
       45900.0       188400.
       46100.0       185200.
       46300.0       182000.
       46500.0       174700.
       46700.0       173500.
       46900.0       172500.
       47100.0       169900.
       47300.0       167000.
       47500.0       164200.
       47700.0       161500.
       47900.0       158800.
       48100.0       156200.
       48300.0       153600.
       48500.0       151100.
       48700.0       148600.
       48900.0       146200.
       49100.0       143800.
       49300.0       141500.
       49500.0       139200.
       49700.0       136900.
       49900.0       134800.
       50100.0       132600.
       50300.0       130500.
       50500.0       128400.
       50700.0       126400.
       50900.0       124400.
       51100.0       122300.
       51300.0       118600.
       51500.0       118600.
       51700.0       116900.
       51900.0       115100.
       52100.0       113300.
       52300.0       111600.
       52500.0       109900.
       52700.0       108200.
       52900.0       106600.
       53100.0       105000.
       53300.0       103400.
       53500.0       101900.
       53700.0       100300.
       53900.0       98860.0
       54100.0       97400.0
       54300.0       95970.0
       54500.0       94560.0
       54700.0       93180.0
       54900.0       91820.0
       55100.0       90490.0
       55300.0       89180.0
       55500.0       87900.0
       55700.0       86640.0
       55900.0       85400.0
       56100.0       84180.0
       56300.0       82990.0
       56500.0       81810.0
       56700.0       80660.0
       56900.0       79520.0
       57100.0       78320.0
       57300.0       77310.0
       57500.0       76240.0
       57700.0       75180.0
       57900.0       74150.0
       58100.0       73120.0
       58300.0       72120.0
       58500.0       71150.0
       58700.0       70180.0
       58900.0       69080.0
       59100.0       66800.0
       59300.0       67280.0
       59500.0       66240.0
       59700.0       65480.0
       59900.0       64700.0
       60100.0       63840.0
       60300.0       62990.0
       60500.0       62160.0
       60700.0       61340.0
       60900.0       60530.0
       61100.0       59740.0
       61300.0       58960.0
       61500.0       58190.0
       61700.0       57440.0
       61900.0       56690.0
       62100.0       55960.0
       62300.0       55240.0
       62500.0       54530.0
       62700.0       53800.0
       62900.0       52810.0
       63100.0       52410.0
       63300.0       51810.0
       63500.0       51160.0
       63700.0       50520.0
       63900.0       49890.0
       64200.0       48950.0
       64600.0       47750.0
       65000.0       46570.0
       65400.0       45440.0
       65800.0       44340.0
       66200.0       43270.0
       66600.0       42230.0
       67000.0       41230.0
       67400.0       40220.0
       67800.0       39060.0
       68200.0       38380.0
       68600.0       37490.0
       69000.0       36620.0
       69400.0       35780.0
       69800.0       34960.0
       70200.0       34170.0
       70600.0       33400.0
       71000.0       32650.0
       71400.0       31910.0
       71800.0       31200.0
       72200.0       30510.0
       72600.0       29840.0
       73000.0       29190.0
       73400.0       28560.0
       73800.0       27940.0
       74200.0       27320.0
       74600.0       26270.0
       75000.0       25600.0
       75400.0       25590.0
       75800.0       25090.0
       76200.0       24560.0
       76600.0       24050.0
       77000.0       23550.0
       77400.0       23060.0
       77800.0       22590.0
       78200.0       22130.0
       78600.0       21680.0
       79000.0       21240.0
       79400.0       20810.0
       79800.0       20390.0
       80200.0       19990.0
       80600.0       19590.0
       81000.0       19200.0
       81400.0       18810.0
       81800.0       18460.0
       82200.0       18100.0
       82600.0       17750.0
       83000.0       17410.0
       83400.0       17070.0
       83800.0       16750.0
       84200.0       16430.0
       84600.0       16120.0
       85000.0       15810.0
       85400.0       15520.0
       85800.0       15230.0
       86200.0       14940.0
       86600.0       14630.0
       87000.0       14400.0
       87400.0       14030.0
       87800.0       13780.0
       88200.0       13620.0
       88600.0       13380.0
       89000.0       13140.0
       89400.0       12900.0
       89800.0       12670.0
       90200.0       12450.0
       90600.0       12230.0
       91000.0       12010.0
       91400.0       11800.0
       91800.0       11600.0
       92200.0       11390.0
       92600.0       11200.0
       93000.0       11000.0
       93400.0       10820.0
       93800.0       10580.0
       94200.0       10440.0
       94600.0       10270.0
       95000.0       10100.0
       95400.0       9930.00
       95800.0       9764.00
       96200.0       9601.00
       96600.0       9442.00
       97000.0       9286.00
       97400.0       9133.00
       97800.0       8983.00
       98200.0       8837.00
       98600.0       8693.00
       99000.0       8552.00
       99400.0       8414.00
       99800.0       8279.00
       100200.       8146.00
       200000.       499.700
       400000.       30.2800
       600000.       5.86900
       800000.       1.83100
   1.00000e+06      0.741500
   1.20000e+06      0.354200
   1.40000e+06      0.189700
   1.60000e+06      0.110400
