       90.9000       0.00000
       93.5000       0.00000
       96.1000       0.00000
       97.7000       0.00000
       99.6000       0.00000
       102.000       0.00000
       103.800       0.00000
       105.600       0.00000
       107.700       0.00000
       110.400       0.00000
       114.000       0.00000
       117.800       0.00000
       121.300       0.00000
       124.800       0.00000
       127.100       0.00000
       128.400       0.00000
       130.500       0.00000
       132.400       0.00000
       133.900       0.00000
       136.600       0.00000
       139.800       0.00000
       143.300       0.00000
       147.200       0.00000
       151.000       0.00000
       155.200       0.00000
       158.800       0.00000
       162.000       0.00000
       166.000       0.00000
       170.300       0.00000
       173.400       0.00000
       176.800       0.00000
       180.200       0.00000
       181.700       0.00000
       186.100       0.00000
       191.000       0.00000
       193.900       0.00000
       198.400       0.00000
       201.800       0.00000
       205.000       0.00000
       210.500       0.00000
       216.200       0.00000
       219.800       0.00000
       223.000       0.00000
       226.800       0.00000
       230.000       0.00000
       234.000       0.00000
       240.000       0.00000
       246.500       0.00000
       252.400       0.00000
       256.800       0.00000
       260.000       0.00000
       264.000       0.00000
       268.500       0.00000
       273.500       0.00000
       278.500       0.00000
       284.000       0.00000
       290.000       0.00000
       296.000       0.00000
       301.000       0.00000
       308.000       0.00000
       318.000       0.00000
       328.000       0.00000
       338.000       0.00000
       348.000   6.29100e-23
       357.000   4.89800e-22
       366.000   3.28900e-21
       375.000   2.01200e-20
       385.000   1.36200e-19
       395.000   8.36000e-19
       405.000   4.68700e-18
       414.000   2.05700e-17
       422.000   7.25600e-17
       430.000   2.44000e-16
       441.000   1.20100e-15
       451.000   4.77200e-15
       460.000   1.56600e-14
       470.000   5.55300e-14
       480.000   1.86400e-13
       490.000   5.94400e-13
       500.000   1.80600e-12
       506.000   3.42500e-12
       512.000   6.54700e-12
       520.000   1.47600e-11
       530.000   3.93700e-11
       540.000   1.01100e-10
       550.000   2.50500e-10
       560.000   6.00300e-10
       570.000   1.39300e-09
       580.000   3.13500e-09
       590.000   6.85800e-09
       600.000   1.45900e-08
       610.000   3.02600e-08
       620.000   6.12100e-08
       630.000   1.20900e-07
       640.000   2.33600e-07
       650.000   4.41600e-07
       658.000   7.24300e-07
       665.000   1.10500e-06
       675.000   1.98900e-06
       685.000   3.51500e-06
       695.000   6.10500e-06
       705.000   1.04300e-05
       716.000   1.84400e-05
       726.000   3.04900e-05
       735.000   4.73300e-05
       745.000   7.61300e-05
       755.000   0.000120800
       765.000   0.000189300
       775.000   0.000292900
       785.000   0.000447800
       795.000   0.000676800
       805.000    0.00101200
       815.000    0.00149600
       825.000    0.00219100
       835.000    0.00317600
       845.000    0.00456000
       855.000    0.00648900
       865.000    0.00915200
       875.000     0.0128000
       885.000     0.0177500
       895.000     0.0244200
       905.000     0.0333500
       915.000       1.67600
       925.000       6.39300
       935.000       8.03900
       945.000       10.4700
       955.000       14.9400
       965.000       19.0400
       975.000       21.6600
       985.000       28.0100
       995.000       32.3300
       1005.00       42.9100
       1015.00       51.7600
       1025.00       56.5400
       1035.00       75.5900
       1045.00       93.0000
       1055.00       111.500
       1065.00       128.200
       1075.00       157.100
       1085.00       186.100
       1095.00       211.000
       1105.00       574.200
       1115.00       1621.00
       1125.00       2280.00
       1135.00       2960.00
       1145.00       3443.00
       1155.00       3647.00
       1165.00       4521.00
       1175.00       4807.00
       1185.00       5089.00
       1195.00       1741.00
       1205.00       1420.00
       1215.00       278.500
       1225.00       1551.00
       1235.00       4403.00
       1245.00       9714.00
       1255.00       21700.0
       1265.00       27860.0
       1275.00       136900.
       1285.00       420300.
       1295.00       517900.
       1305.00       152200.
       1315.00       934600.
       1325.00   1.53300e+06
       1335.00   1.20600e+06
       1345.00   2.46900e+06
       1355.00   2.57800e+06
       1365.00   2.29600e+06
       1375.00   2.63500e+06
       1385.00   2.66400e+06
       1395.00   2.99600e+06
       1405.00   3.55400e+06
       1415.00   3.30800e+06
       1425.00   4.30800e+06
       1435.00   3.81900e+06
       1442.00   4.51400e+06
       1447.00   5.36000e+06
       1455.00   6.22000e+06
       1465.00   5.97500e+06
       1475.00   5.89400e+06
       1485.00   6.97100e+06
       1495.00   7.87200e+06
       1505.00   8.25800e+06
       1512.00   6.87300e+06
       1517.00   7.97000e+06
       1525.00   7.46300e+06
       1535.00   1.11900e+07
       1545.00   2.03000e+07
       1555.00   1.69700e+07
       1565.00   1.41700e+07
       1575.00   1.88100e+07
       1585.00   2.20000e+07
       1595.00   2.62800e+07
       1605.00   2.26500e+07
       1615.00   2.10100e+07
       1625.00   1.79100e+07
       1635.00   1.97500e+07
       1645.00   2.24700e+07
       1655.00   1.59100e+07
       1665.00   2.15500e+07
       1672.00   7.86600e+06
       1677.00   2.16800e+07
       1685.00   2.64200e+07
       1695.00   2.49500e+07
       1705.00   2.19200e+07
       1715.00   2.32500e+07
       1725.00   2.33500e+07
       1735.00   2.69500e+07
       1745.00   2.53500e+07
       1755.00   3.07100e+07
       1765.00   2.37900e+07
       1775.00   2.86600e+07
       1785.00   2.63700e+07
       1795.00   3.36800e+07
       1805.00   3.03900e+07
       1815.00   3.13900e+07
       1825.00   2.85500e+07
       1835.00   2.65000e+07
       1845.00   2.41800e+07
       1855.00   2.65700e+07
       1865.00   2.74200e+07
       1875.00   2.80500e+07
       1885.00   2.79300e+07
       1895.00   2.91400e+07
       1905.00   2.65300e+07
       1915.00   2.84900e+07
       1925.00   2.96200e+07
       1935.00   2.63900e+07
       1945.00   3.04100e+07
       1955.00   3.03000e+07
       1967.00   3.24000e+07
       1976.00   3.19900e+07
       1984.00   3.05900e+07
       1995.00   2.94900e+07
       2005.00   2.85200e+07
       2015.00   2.65700e+07
       2025.00   2.62300e+07
       2035.00   2.81200e+07
       2045.00   3.05900e+07
       2055.00   2.77200e+07
       2065.00   2.68200e+07
       2074.00   3.12300e+07
       2078.00   3.22100e+07
       2085.00   3.09900e+07
       2095.00   2.94900e+07
       2105.00   2.76400e+07
       2115.00   2.76700e+07
       2125.00   2.87100e+07
       2135.00   2.21200e+07
       2145.00   2.63600e+07
       2155.00   2.73700e+07
       2165.00   2.52500e+07
       2175.00   2.49200e+07
       2185.00   2.53100e+07
       2195.00   2.76000e+07
       2205.00   2.62300e+07
       2215.00   2.28100e+07
       2225.00   2.19200e+07
       2235.00   2.61700e+07
       2245.00   2.31500e+07
       2255.00   2.15100e+07
       2265.00   2.20900e+07
       2275.00   2.41500e+07
       2285.00   2.53000e+07
       2295.00   2.34000e+07
       2305.00   2.32100e+07
       2315.00   2.18500e+07
       2325.00   2.12100e+07
       2335.00   1.77400e+07
       2345.00   1.51200e+07
       2355.00   2.09200e+07
       2365.00   1.52800e+07
       2375.00   1.85200e+07
       2385.00   1.32700e+07
       2395.00   1.63300e+07
       2405.00   1.52800e+07
       2415.00   1.70300e+07
       2425.00   2.12100e+07
       2435.00   2.03300e+07
       2445.00   2.19200e+07
       2455.00   2.12100e+07
       2465.00   2.07500e+07
       2475.00   1.97900e+07
       2485.00   2.10400e+07
       2495.00   2.01000e+07
       2505.00   2.39900e+07
       2513.00   1.96900e+07
       2518.00   2.09700e+07
       2525.00   1.83400e+07
       2535.00   1.79600e+07
       2545.00   1.80100e+07
       2555.00   2.01500e+07
       2565.00   1.91600e+07
       2575.00   2.15000e+07
       2585.00   2.08100e+07
       2595.00   1.94900e+07
       2605.00   1.80200e+07
       2615.00   1.73400e+07
       2625.00   2.05100e+07
       2635.00   2.15100e+07
       2645.00   2.69600e+07
       2655.00   2.66200e+07
       2665.00   2.28800e+07
       2675.00   2.45800e+07
       2685.00   2.38200e+07
       2695.00   2.30100e+07
       2705.00   2.39000e+07
       2715.00   2.18900e+07
       2725.00   2.23600e+07
       2735.00   2.46000e+07
       2745.00   1.76500e+07
       2755.00   1.90600e+07
       2765.00   2.03300e+07
       2775.00   2.35900e+07
       2785.00   2.20000e+07
       2795.00   1.15800e+07
       2805.00   1.43300e+07
       2815.00   2.39700e+07
       2825.00   2.58900e+07
       2835.00   2.44000e+07
       2845.00   2.34000e+07
       2855.00   2.20200e+07
       2865.00   2.48100e+07
       2875.00   2.37100e+07
       2885.00   2.43400e+07
       2895.00   2.28200e+07
       2910.00   2.67500e+07
       2930.00   2.54500e+07
       2950.00   2.53400e+07
       2970.00   2.64400e+07
       2990.00   2.68400e+07
       3010.00   2.75300e+07
       3030.00   2.71300e+07
       3050.00   2.68000e+07
       3070.00   2.67100e+07
       3090.00   2.75400e+07
       3110.00   2.64900e+07
       3130.00   2.63300e+07
       3150.00   2.72900e+07
       3170.00   2.71800e+07
       3190.00   2.57300e+07
       3210.00   2.67000e+07
       3230.00   2.59600e+07
       3250.00   2.66200e+07
       3270.00   2.67100e+07
       3290.00   2.71200e+07
       3310.00   2.74900e+07
       3330.00   2.67800e+07
       3350.00   2.63800e+07
       3370.00   2.63100e+07
       3390.00   2.63900e+07
       3410.00   2.70900e+07
       3430.00   2.72200e+07
       3450.00   2.70200e+07
       3470.00   2.65700e+07
       3490.00   2.63400e+07
       3510.00   2.70200e+07
       3530.00   2.72700e+07
       3550.00   2.74700e+07
       3570.00   2.66800e+07
       3590.00   2.66200e+07
       3610.00   2.66700e+07
       3630.00   2.67800e+07
       3640.00   2.64100e+07
       3650.00   2.72500e+07
       3670.00   2.67800e+07
       3690.00   2.74100e+07
       3710.00   3.44400e+07
       3730.00   4.49100e+07
       3750.00   7.01400e+07
       3770.00   7.20300e+07
       3790.00   8.68900e+07
       3810.00   9.63100e+07
       3830.00   7.60300e+07
       3850.00   1.00000e+08
       3870.00   1.05000e+08
       3890.00   7.14100e+07
       3910.00   1.01600e+08
       3930.00   9.15900e+07
       3950.00   1.01500e+08
       3970.00   6.52000e+07
       3990.00   9.99000e+07
       4010.00   9.97800e+07
       4030.00   9.80800e+07
       4050.00   9.73500e+07
       4070.00   9.51000e+07
       4090.00   8.79300e+07
       4110.00   6.83500e+07
       4130.00   9.14400e+07
       4150.00   9.23700e+07
       4170.00   8.97400e+07
       4190.00   8.91000e+07
       4210.00   8.82500e+07
       4230.00   8.67000e+07
       4250.00   8.54800e+07
       4270.00   8.35700e+07
       4290.00   8.36500e+07
       4310.00   7.99300e+07
       4330.00   7.09000e+07
       4350.00   6.08800e+07
       4370.00   7.97000e+07
       4390.00   7.78200e+07
       4410.00   7.64200e+07
       4430.00   7.67900e+07
       4450.00   7.63300e+07
       4470.00   7.53100e+07
       4490.00   7.39900e+07
       4510.00   7.41600e+07
       4530.00   7.23300e+07
       4550.00   7.03100e+07
       4570.00   7.16700e+07
       4590.00   6.94200e+07
       4610.00   7.08200e+07
       4630.00   6.83000e+07
       4650.00   6.89900e+07
       4670.00   6.79000e+07
       4690.00   6.66700e+07
       4710.00   6.45100e+07
       4730.00   6.57400e+07
       4750.00   6.53300e+07
       4770.00   6.44000e+07
       4790.00   6.36600e+07
       4810.00   6.25800e+07
       4830.00   6.13800e+07
       4850.00   5.37400e+07
       4870.00   4.33000e+07
       4890.00   5.89800e+07
       4910.00   5.90500e+07
       4930.00   5.77900e+07
       4950.00   5.78500e+07
       4970.00   5.76600e+07
       4990.00   5.63900e+07
       5010.00   5.46300e+07
       5030.00   5.48600e+07
       5050.00   5.40900e+07
       5070.00   5.40600e+07
       5090.00   5.34800e+07
       5110.00   5.28200e+07
       5130.00   5.19900e+07
       5150.00   5.11300e+07
       5170.00   4.99300e+07
       5190.00   4.94700e+07
       5210.00   4.94900e+07
       5230.00   4.83400e+07
       5250.00   4.87000e+07
       5270.00   4.70200e+07
       5290.00   4.77000e+07
       5310.00   4.65100e+07
       5330.00   4.60000e+07
       5350.00   4.64500e+07
       5370.00   4.56800e+07
       5390.00   4.52000e+07
       5410.00   4.44700e+07
       5430.00   4.40400e+07
       5450.00   4.40100e+07
       5470.00   4.35000e+07
       5490.00   4.31500e+07
       5510.00   4.25800e+07
       5530.00   4.20300e+07
       5550.00   4.19100e+07
       5570.00   4.13900e+07
       5590.00   4.10200e+07
       5610.00   4.06900e+07
       5630.00   4.02800e+07
       5650.00   3.97000e+07
       5670.00   3.93300e+07
       5690.00   3.90600e+07
       5710.00   3.86900e+07
       5730.00   3.83500e+07
       5750.00   3.79100e+07
       5770.00   3.75500e+07
       5790.00   3.71100e+07
       5810.00   3.67800e+07
       5830.00   3.63900e+07
       5850.00   3.60800e+07
       5870.00   3.56800e+07
       5890.00   3.49800e+07
       5910.00   3.49800e+07
       5930.00   3.46500e+07
       5950.00   3.42100e+07
       5970.00   3.39600e+07
       5990.00   3.35000e+07
       6010.00   3.32400e+07
       6030.00   3.29800e+07
       6050.00   3.26200e+07
       6070.00   3.23500e+07
       6090.00   3.20100e+07
       6110.00   3.16900e+07
       6130.00   3.13400e+07
       6150.00   3.06000e+07
       6170.00   3.07400e+07
       6190.00   3.05200e+07
       6210.00   3.02500e+07
       6230.00   2.99000e+07
       6250.00   2.92300e+07
       6270.00   2.94200e+07
       6290.00   2.91300e+07
       6310.00   2.87200e+07
       6330.00   2.85500e+07
       6350.00   2.80300e+07
       6370.00   2.78300e+07
       6390.00   2.77400e+07
       6410.00   2.74000e+07
       6430.00   2.72200e+07
       6450.00   2.67000e+07
       6470.00   2.67800e+07
       6490.00   2.63200e+07
       6510.00   2.60900e+07
       6530.00   2.57500e+07
       6550.00   2.35200e+07
       6570.00   1.86600e+07
       6590.00   2.47400e+07
       6610.00   2.49500e+07
       6630.00   2.48300e+07
       6650.00   2.46600e+07
       6670.00   2.44200e+07
       6690.00   2.42200e+07
       6710.00   2.40200e+07
       6730.00   2.37600e+07
       6750.00   2.35800e+07
       6770.00   2.34000e+07
       6790.00   2.31800e+07
       6810.00   2.29900e+07
       6830.00   2.27500e+07
       6850.00   2.25700e+07
       6870.00   2.23800e+07
       6890.00   2.21900e+07
       6910.00   2.19900e+07
       6930.00   2.17900e+07
       6950.00   2.16200e+07
       6970.00   2.14200e+07
       6990.00   2.12500e+07
       7010.00   2.09800e+07
       7030.00   2.08800e+07
       7050.00   2.06900e+07
       7070.00   2.05300e+07
       7090.00   2.03600e+07
       7110.00   1.99900e+07
       7130.00   1.99700e+07
       7150.00   1.98200e+07
       7170.00   1.96600e+07
       7190.00   1.94800e+07
       7210.00   1.93300e+07
       7230.00   1.91300e+07
       7250.00   1.89800e+07
       7270.00   1.88600e+07
       7290.00   1.86700e+07
       7310.00   1.84900e+07
       7330.00   1.83700e+07
       7350.00   1.82400e+07
       7370.00   1.81100e+07
       7390.00   1.79400e+07
       7410.00   1.77600e+07
       7430.00   1.75700e+07
       7450.00   1.74500e+07
       7470.00   1.72400e+07
       7490.00   1.71600e+07
       7510.00   1.70300e+07
       7530.00   1.69400e+07
       7550.00   1.68200e+07
       7570.00   1.66700e+07
       7590.00   1.65500e+07
       7610.00   1.64200e+07
       7630.00   1.62900e+07
       7650.00   1.61300e+07
       7670.00   1.60000e+07
       7690.00   1.58900e+07
       7710.00   1.57200e+07
       7730.00   1.56500e+07
       7750.00   1.55200e+07
       7770.00   1.50700e+07
       7790.00   1.52800e+07
       7810.00   1.51600e+07
       7830.00   1.50200e+07
       7850.00   1.48800e+07
       7870.00   1.47300e+07
       7890.00   1.45900e+07
       7910.00   1.45400e+07
       7930.00   1.44500e+07
       7950.00   1.42700e+07
       7970.00   1.42500e+07
       7990.00   1.39700e+07
       8010.00   1.40200e+07
       8030.00   1.39100e+07
       8050.00   1.38100e+07
       8070.00   1.37000e+07
       8090.00   1.36000e+07
       8110.00   1.35000e+07
       8130.00   1.34000e+07
       8150.00   1.33000e+07
       8170.00   1.32000e+07
       8190.00   1.30000e+07
       8210.00   1.29400e+07
       8230.00   1.28400e+07
       8250.00   1.27800e+07
       8270.00   1.27900e+07
       8290.00   1.26800e+07
       8310.00   1.25800e+07
       8330.00   1.23700e+07
       8350.00   1.23500e+07
       8370.00   1.21100e+07
       8390.00   1.20200e+07
       8410.00   1.18900e+07
       8430.00   1.20600e+07
       8450.00   1.18500e+07
       8470.00   1.13700e+07
       8490.00   1.24900e+07
       8510.00   1.10900e+07
       8530.00   1.27200e+07
       8550.00   1.05800e+07
       8570.00   1.29900e+07
       8590.00   1.19400e+07
       8610.00   1.15400e+07
       8630.00   1.33100e+07
       8650.00   1.29600e+07
       8670.00   1.01800e+07
       8690.00   1.30800e+07
       8710.00   1.34400e+07
       8730.00   1.30900e+07
       8750.00   1.01000e+07
       8770.00   1.25700e+07
       8790.00   1.31200e+07
       8810.00   1.30100e+07
       8830.00   1.27600e+07
       8850.00   1.19000e+07
       8870.00   9.82300e+06
       8890.00   1.24400e+07
       8910.00   1.24900e+07
       8930.00   1.24100e+07
       8950.00   1.24200e+07
       8970.00   1.23000e+07
       8990.00   1.20300e+07
       9010.00   9.70300e+06
       9030.00   1.08000e+07
       9050.00   1.18500e+07
       9070.00   1.16100e+07
       9090.00   1.14900e+07
       9110.00   1.16200e+07
       9130.00   1.16000e+07
       9150.00   1.15600e+07
       9170.00   1.14300e+07
       9190.00   1.12500e+07
       9210.00   1.08300e+07
       9230.00   8.40400e+06
       9250.00   1.04600e+07
       9270.00   1.06700e+07
       9290.00   1.09400e+07
       9310.00   1.09000e+07
       9330.00   1.08100e+07
       9350.00   1.07500e+07
       9370.00   1.06800e+07
       9390.00   1.05300e+07
       9410.00   1.03000e+07
       9430.00   1.04100e+07
       9450.00   1.03600e+07
       9470.00   1.02800e+07
       9490.00   1.02000e+07
       9510.00   1.00700e+07
       9530.00   9.59500e+06
       9550.00   7.62900e+06
       9570.00   9.59300e+06
       9590.00   9.80800e+06
       9610.00   9.72000e+06
       9630.00   9.56500e+06
       9650.00   9.64700e+06
       9670.00   9.50200e+06
       9690.00   9.49200e+06
       9710.00   9.46900e+06
       9730.00   9.39600e+06
       9750.00   9.31600e+06
       9770.00   9.27200e+06
       9790.00   9.20500e+06
       9810.00   9.13300e+06
       9830.00   9.05700e+06
       9850.00   8.97200e+06
       9870.00   8.92400e+06
       9890.00   8.82100e+06
       9910.00   8.81100e+06
       9930.00   8.73600e+06
       9950.00   8.69100e+06
       9970.00   8.64800e+06
       9990.00   8.57100e+06
       10025.0   8.05700e+06
       10075.0   7.63400e+06
       10125.0   8.12100e+06
       10175.0   8.05400e+06
       10225.0   7.93700e+06
       10275.0   7.80700e+06
       10325.0   7.66400e+06
       10375.0   7.54500e+06
       10425.0   7.42600e+06
       10475.0   7.25800e+06
       10525.0   7.15300e+06
       10575.0   7.05600e+06
       10625.0   6.94600e+06
       10675.0   6.74000e+06
       10725.0   6.69000e+06
       10775.0   6.60600e+06
       10825.0   6.50400e+06
       10875.0   6.38600e+06
       10925.0   5.61200e+06
       10975.0   6.04500e+06
       11025.0   6.12300e+06
       11075.0   6.03700e+06
       11125.0   5.93800e+06
       11175.0   5.85000e+06
       11225.0   5.76300e+06
       11275.0   5.59800e+06
       11325.0   5.52100e+06
       11375.0   5.49100e+06
       11425.0   5.40000e+06
       11475.0   5.34000e+06
       11525.0   5.26200e+06
       11575.0   5.18100e+06
       11625.0   5.07100e+06
       11675.0   4.97400e+06
       11725.0   4.95600e+06
       11775.0   4.82000e+06
       11825.0   4.78200e+06
       11875.0   4.70000e+06
       11925.0   4.67600e+06
       11975.0   4.58100e+06
       12025.0   4.53400e+06
       12075.0   4.46200e+06
       12125.0   4.40000e+06
       12175.0   4.34600e+06
       12225.0   4.28100e+06
       12275.0   4.21400e+06
       12325.0   4.15900e+06
       12375.0   4.10300e+06
       12425.0   4.05100e+06
       12475.0   3.98200e+06
       12525.0   3.93600e+06
       12575.0   3.86200e+06
       12625.0   3.81800e+06
       12675.0   3.77700e+06
       12725.0   3.72500e+06
       12775.0   3.63900e+06
       12825.0   3.22400e+06
       12875.0   3.55300e+06
       12925.0   3.52600e+06
       12975.0   3.48000e+06
       13025.0   3.43500e+06
       13075.0   3.38900e+06
       13125.0   3.34300e+06
       13175.0   3.28800e+06
       13225.0   3.25600e+06
       13275.0   3.21300e+06
       13325.0   3.17100e+06
       13375.0   3.12900e+06
       13425.0   3.08700e+06
       13475.0   3.04600e+06
       13525.0   3.00200e+06
       13575.0   2.96500e+06
       13625.0   2.92900e+06
       13675.0   2.88900e+06
       13725.0   2.84100e+06
       13775.0   2.81700e+06
       13825.0   2.78200e+06
       13875.0   2.75000e+06
       13925.0   2.71100e+06
       13975.0   2.67900e+06
       14025.0   2.64600e+06
       14075.0   2.61400e+06
       14125.0   2.58000e+06
       14175.0   2.54900e+06
       14225.0   2.51700e+06
       14275.0   2.48600e+06
       14325.0   2.45500e+06
       14375.0   2.42600e+06
       14425.0   2.37000e+06
       14475.0   2.36600e+06
       14525.0   2.32500e+06
       14570.0   2.31100e+06
       14620.0   2.28200e+06
       14675.0   2.25800e+06
       14725.0   2.23000e+06
       14775.0   2.19700e+06
       14825.0   2.17600e+06
       14875.0   2.14400e+06
       14925.0   2.12800e+06
       14975.0   2.09900e+06
       15025.0   2.06600e+06
       15075.0   2.04200e+06
       15125.0   2.01800e+06
       15175.0   1.99500e+06
       15225.0   1.99000e+06
       15275.0   1.93400e+06
       15325.0   1.91400e+06
       15375.0   1.92800e+06
       15425.0   1.84700e+06
       15475.0   1.89300e+06
       15525.0   1.88200e+06
       15575.0   1.76600e+06
       15625.0   1.86900e+06
       15675.0   1.80300e+06
       15725.0   1.71500e+06
       15775.0   1.81500e+06
       15825.0   1.80000e+06
       15875.0   1.61500e+06
       15925.0   1.74700e+06
       15975.0   1.75800e+06
       16050.0   1.71300e+06
       16150.0   1.60500e+06
       16250.0   1.66500e+06
       16350.0   1.60300e+06
       16450.0   1.50300e+06
       16550.0   1.55700e+06
       16650.0   1.52300e+06
       16750.0   1.46700e+06
       16850.0   1.37600e+06
       16950.0   1.42600e+06
       17050.0   1.39500e+06
       17150.0   1.36700e+06
       17250.0   1.33300e+06
       17350.0   1.22200e+06
       17450.0   1.27100e+06
       17550.0   1.25200e+06
       17650.0   1.22600e+06
       17750.0   1.20300e+06
       17850.0   1.17800e+06
       17950.0   1.15600e+06
       18050.0   1.12800e+06
       18150.0   1.04300e+06
       18250.0   1.07400e+06
       18350.0   1.06500e+06
       18450.0   1.04400e+06
       18550.0   1.02200e+06
       18650.0   1.00100e+06
       18750.0       920000.
       18850.0       959700.
       18950.0       943400.
       19050.0       928000.
       19150.0       910100.
       19250.0       892500.
       19350.0       873600.
       19450.0       805800.
       19550.0       841000.
       19650.0       827200.
       19750.0       811100.
       19850.0       796700.
       19950.0       782000.
       20050.0       767700.
       20150.0       753600.
       20250.0       739800.
       20350.0       726300.
       20450.0       713400.
       20550.0       700500.
       20650.0       687600.
       20750.0       675600.
       20850.0       663700.
       20950.0       651900.
       21050.0       640300.
       21150.0       628200.
       21250.0       617300.
       21350.0       606700.
       21450.0       597000.
       21550.0       585800.
       21650.0       542500.
       21750.0       564400.
       21850.0       557300.
       21950.0       548000.
       22050.0       538500.
       22150.0       528900.
       22250.0       520900.
       22350.0       512200.
       22450.0       503800.
       22550.0       495100.
       22650.0       487300.
       22750.0       479300.
       22850.0       471800.
       22950.0       464100.
       23050.0       456900.
       23150.0       449600.
       23250.0       442600.
       23350.0       435500.
       23450.0       428600.
       23550.0       421800.
       23650.0       415100.
       23750.0       408600.
       23850.0       402100.
       23950.0       395700.
       24050.0       389000.
       24150.0       382400.
       24250.0       378600.
       24350.0       370700.
       24450.0       364200.
       24550.0       361700.
       24650.0       354000.
       24750.0       348800.
       24850.0       347500.
       24950.0       332400.
       25050.0       337800.
       25150.0       333000.
       25250.0       315900.
       25350.0       323100.
       25450.0       319400.
       25550.0       313800.
       25650.0       295600.
       25750.0       305400.
       25850.0       301600.
       25950.0       297600.
       26050.0       291100.
       26150.0       273700.
       26250.0       267100.
       26350.0       279800.
       26450.0       277700.
       26550.0       274000.
       26650.0       268700.
       26750.0       250100.
       26850.0       261500.
       26950.0       259000.
       27050.0       255300.
       27150.0       251900.
       27250.0       248400.
       27350.0       244900.
       27450.0       241200.
       27550.0       225500.
       27650.0       231100.
       27750.0       231700.
       27850.0       228600.
       27950.0       225600.
       28050.0       222500.
       28150.0       219500.
       28250.0       216600.
       28350.0       213700.
       28450.0       210800.
       28550.0       208000.
       28650.0       203400.
       28750.0       190800.
       28850.0       199400.
       28950.0       197100.
       29050.0       194700.
       29150.0       192000.
       29250.0       189700.
       29350.0       187300.
       29450.0       184900.
       29550.0       182500.
       29650.0       180200.
       29750.0       177900.
       29850.0       175600.
       29950.0       173400.
       30050.0       171200.
       30150.0       169000.
       30250.0       166700.
       30350.0       157500.
       30450.0       159200.
       30550.0       160600.
       30650.0       158700.
       30750.0       156800.
       30850.0       154700.
       30950.0       152900.
       31050.0       151000.
       31150.0       149100.
       31250.0       147300.
       31350.0       145600.
       31450.0       143800.
       31550.0       142100.
       31650.0       140400.
       31750.0       138700.
       31850.0       137100.
       31950.0       135400.
       32100.0       133000.
       32300.0       129900.
       32500.0       126900.
       32700.0       123900.
       32900.0       116900.
       33100.0       117300.
       33300.0       115200.
       33500.0       112700.
       33700.0       110000.
       33900.0       107600.
       34100.0       105300.
       34300.0       103000.
       34500.0       100800.
       34700.0       98560.0
       34900.0       96410.0
       35100.0       94340.0
       35300.0       92310.0
       35500.0       90270.0
       35700.0       88260.0
       35900.0       86720.0
       36100.0       84470.0
       36300.0       83180.0
       36500.0       80850.0
       36700.0       79830.0
       36900.0       77270.0
       37100.0       76550.0
       37300.0       74020.0
       37500.0       71020.0
       37700.0       72050.0
       37900.0       70680.0
       38100.0       68380.0
       38300.0       67340.0
       38500.0       66600.0
       38700.0       65260.0
       38900.0       63910.0
       39100.0       61180.0
       39300.0       61560.0
       39500.0       60480.0
       39700.0       59350.0
       39900.0       58150.0
       40100.0       56360.0
       40300.0       54780.0
       40500.0       53280.0
       40700.0       53860.0
       40900.0       52890.0
       41100.0       51920.0
       41300.0       50960.0
       41500.0       49960.0
       41700.0       47470.0
       41900.0       48120.0
       42100.0       47290.0
       42300.0       46450.0
       42500.0       45610.0
       42700.0       44790.0
       42900.0       43990.0
       43100.0       43200.0
       43300.0       42430.0
       43500.0       41680.0
       43700.0       39730.0
       43900.0       40000.0
       44100.0       39520.0
       44300.0       38840.0
       44500.0       38170.0
       44700.0       37580.0
       44900.0       36860.0
       45100.0       36240.0
       45300.0       35620.0
       45500.0       35020.0
       45700.0       34420.0
       45900.0       33840.0
       46100.0       33280.0
       46300.0       32690.0
       46500.0       31130.0
       46700.0       30560.0
       46900.0       31050.0
       47100.0       30620.0
       47300.0       30130.0
       47500.0       29630.0
       47700.0       29160.0
       47900.0       28690.0
       48100.0       28230.0
       48300.0       27780.0
       48500.0       27330.0
       48700.0       26910.0
       48900.0       26470.0
       49100.0       26070.0
       49300.0       25630.0
       49500.0       25270.0
       49700.0       24810.0
       49900.0       24490.0
       50100.0       24110.0
       50300.0       23660.0
       50500.0       23390.0
       50700.0       23030.0
       50900.0       22550.0
       51100.0       22280.0
       51300.0       21270.0
       51500.0       21640.0
       51700.0       21180.0
       51900.0       21030.0
       52100.0       20730.0
       52300.0       20420.0
       52500.0       20070.0
       52700.0       19630.0
       52900.0       19540.0
       53100.0       19290.0
       53300.0       19010.0
       53500.0       18720.0
       53700.0       18260.0
       53900.0       18020.0
       54100.0       17930.0
       54300.0       17680.0
       54500.0       17430.0
       54700.0       17180.0
       54900.0       16940.0
       55100.0       16630.0
       55300.0       16130.0
       55500.0       16220.0
       55700.0       16000.0
       55900.0       15780.0
       56100.0       15560.0
       56300.0       15350.0
       56500.0       15140.0
       56700.0       14930.0
       56900.0       14710.0
       57100.0       14140.0
       57300.0       14300.0
       57500.0       14140.0
       57700.0       13950.0
       57900.0       13760.0
       58100.0       13580.0
       58300.0       13380.0
       58500.0       13210.0
       58700.0       13030.0
       58900.0       12820.0
       59100.0       12260.0
       59300.0       12500.0
       59500.0       12030.0
       59700.0       12110.0
       59900.0       12040.0
       60100.0       11890.0
       60300.0       11740.0
       60500.0       11590.0
       60700.0       11440.0
       60900.0       11290.0
       61100.0       11150.0
       61300.0       11010.0
       61500.0       10870.0
       61700.0       10730.0
       61900.0       10600.0
       62100.0       10460.0
       62300.0       10330.0
       62500.0       10200.0
       62700.0       10060.0
       62900.0       9625.00
       63100.0       9795.00
       63300.0       9705.00
       63500.0       9587.00
       63700.0       9473.00
       63900.0       9355.00
       64200.0       9187.00
       64600.0       8965.00
       65000.0       8749.00
       65400.0       8553.00
       65800.0       8344.00
       66200.0       8149.00
       66600.0       7962.00
       67000.0       7778.00
       67400.0       7577.00
       67800.0       7282.00
       68200.0       7235.00
       68600.0       7095.00
       69000.0       6936.00
       69400.0       6753.00
       69800.0       6627.00
       70200.0       6482.00
       70600.0       6337.00
       71000.0       6168.00
       71400.0       6064.00
       71800.0       5933.00
       72200.0       5803.00
       72600.0       5643.00
       73000.0       5554.00
       73400.0       5441.00
       73800.0       5321.00
       74200.0       5199.00
       74600.0       4993.00
       75000.0       4814.00
       75400.0       4875.00
       75800.0       4784.00
       76200.0       4687.00
       76600.0       4600.00
       77000.0       4506.00
       77400.0       4407.00
       77800.0       4271.00
       78200.0       4236.00
       78600.0       4158.00
       79000.0       4076.00
       79400.0       3995.00
       79800.0       3917.00
       80200.0       3841.00
       80600.0       3766.00
       81000.0       3693.00
       81400.0       3572.00
       81800.0       3539.00
       82200.0       3486.00
       82600.0       3420.00
       83000.0       3356.00
       83400.0       3293.00
       83800.0       3230.00
       84200.0       3171.00
       84600.0       3113.00
       85000.0       3054.00
       85400.0       2999.00
       85800.0       2942.00
       86200.0       2889.00
       86600.0       2784.00
       87000.0       2780.00
       87400.0       2705.00
       87800.0       2659.00
       88200.0       2641.00
       88600.0       2590.00
       89000.0       2549.00
       89400.0       2504.00
       89800.0       2461.00
       90200.0       2417.00
       90600.0       2371.00
       91000.0       2335.00
       91400.0       2295.00
       91800.0       2256.00
       92200.0       2216.00
       92600.0       2170.00
       93000.0       2142.00
       93400.0       2105.00
       93800.0       2031.00
       94200.0       2029.00
       94600.0       2004.00
       95000.0       1965.00
       95400.0       1930.00
       95800.0       1906.00
       96200.0       1875.00
       96600.0       1845.00
       97000.0       1815.00
       97400.0       1786.00
       97800.0       1757.00
       98200.0       1725.00
       98600.0       1690.00
       99000.0       1674.00
       99400.0       1648.00
       99800.0       1622.00
       100200.       1596.00
       200000.       102.400
       400000.       6.37100
       600000.       1.24700
       800000.      0.391400
   1.00000e+06      0.159200
   1.20000e+06     0.0762800
   1.40000e+06     0.0409500
   1.60000e+06     0.0238900
