       90.9000       0.00000
       93.5000       0.00000
       96.1000       0.00000
       97.7000       0.00000
       99.6000       0.00000
       102.000       0.00000
       103.800       0.00000
       105.600       0.00000
       107.700       0.00000
       110.400       0.00000
       114.000       0.00000
       117.800       0.00000
       121.300       0.00000
       124.800       0.00000
       127.100       0.00000
       128.400       0.00000
       130.500       0.00000
       132.400       0.00000
       133.900       0.00000
       136.600       0.00000
       139.800       0.00000
       143.300       0.00000
       147.200       0.00000
       151.000       0.00000
       155.200       0.00000
       158.800       0.00000
       162.000       0.00000
       166.000       0.00000
       170.300       0.00000
       173.400       0.00000
       176.800       0.00000
       180.200       0.00000
       181.700       0.00000
       186.100       0.00000
       191.000       0.00000
       193.900       0.00000
       198.400       0.00000
       201.800       0.00000
       205.000       0.00000
       210.500       0.00000
       216.200       0.00000
       219.800       0.00000
       223.000       0.00000
       226.800       0.00000
       230.000       0.00000
       234.000       0.00000
       240.000       0.00000
       246.500       0.00000
       252.400       0.00000
       256.800       0.00000
       260.000       0.00000
       264.000       0.00000
       268.500       0.00000
       273.500       0.00000
       278.500       0.00000
       284.000       0.00000
       290.000       0.00000
       296.000       0.00000
       301.000       0.00000
       308.000       0.00000
       318.000       0.00000
       328.000   4.69400e-23
       338.000   5.65500e-22
       348.000   5.37100e-21
       357.000   3.63500e-20
       366.000   2.23200e-19
       375.000   1.25200e-18
       385.000   7.71600e-18
       395.000   4.32200e-17
       405.000   2.21700e-16
       414.000   7.17900e-17
       422.000   2.20800e-16
       430.000   6.49600e-16
       441.000   2.67500e-15
       451.000   9.07800e-15
       460.000   2.59700e-14
       470.000   7.93600e-14
       480.000   2.30600e-13
       490.000   6.39500e-13
       500.000   1.69500e-12
       506.000   3.95200e-12
       512.000   7.72900e-12
       520.000   1.57200e-11
       530.000   3.72000e-11
       540.000   8.34900e-11
       550.000   1.84300e-10
       560.000   3.91700e-10
       570.000   8.08200e-10
       580.000   1.60300e-09
       590.000   3.17100e-09
       600.000   6.04500e-09
       610.000   1.12700e-08
       620.000   2.05300e-08
       630.000   3.66000e-08
       640.000   6.39700e-08
       650.000   1.09800e-07
       658.000   1.66800e-07
       665.000   2.38000e-07
       675.000   3.90500e-07
       685.000   6.30600e-07
       695.000   1.00200e-06
       705.000   1.56400e-06
       716.000   2.52700e-06
       726.000   3.84200e-06
       735.000   5.54100e-06
       745.000   8.22000e-06
       755.000   1.20600e-05
       765.000   1.74800e-05
       775.000   2.50700e-05
       785.000   3.56100e-05
       795.000   4.95500e-05
       805.000   6.92900e-05
       815.000   9.57800e-05
       825.000   0.000130800
       835.000   0.000177100
       845.000   0.000237900
       855.000   0.000316800
       865.000   0.000418700
       875.000   0.000547600
       885.000   0.000715100
       895.000   0.000924800
       905.000    0.00118200
       915.000      0.505000
       925.000       1.72100
       935.000       2.25700
       945.000       2.92800
       955.000       3.98200
       965.000       5.08400
       975.000       6.11600
       985.000       7.78400
       995.000       9.33700
       1005.00       12.1900
       1015.00       14.9700
       1025.00       17.1000
       1035.00       22.1300
       1045.00       27.0600
       1055.00       32.7700
       1065.00       38.7400
       1075.00       47.2700
       1085.00       56.9000
       1095.00       66.5900
       1105.00       176.500
       1115.00       517.100
       1125.00       726.800
       1135.00       995.700
       1145.00       1219.00
       1155.00       1322.00
       1165.00       1743.00
       1175.00       2011.00
       1185.00       2101.00
       1195.00       1200.00
       1205.00       1115.00
       1215.00       274.800
       1225.00       1252.00
       1235.00       2847.00
       1245.00       5784.00
       1255.00       12360.0
       1265.00       12290.0
       1275.00       18560.0
       1285.00       25890.0
       1295.00       31080.0
       1305.00       26700.0
       1315.00       38560.0
       1325.00       45180.0
       1335.00       49120.0
       1345.00       59970.0
       1355.00       60960.0
       1365.00       66260.0
       1375.00       71930.0
       1385.00       76360.0
       1395.00       86470.0
       1405.00       95860.0
       1415.00       99030.0
       1425.00       110200.
       1435.00       110000.
       1442.00       127000.
       1447.00       135000.
       1455.00       150800.
       1465.00       152100.
       1475.00       165100.
       1485.00       181000.
       1495.00       201900.
       1505.00       219800.
       1512.00       219700.
       1517.00       238000.
       1525.00       252300.
       1535.00       551000.
       1545.00   1.49100e+06
       1555.00   1.32000e+06
       1565.00   1.17900e+06
       1575.00   2.11600e+06
       1585.00   2.90700e+06
       1595.00   3.35000e+06
       1605.00   3.40100e+06
       1615.00   3.82300e+06
       1625.00   3.67200e+06
       1635.00   5.12500e+06
       1645.00   9.40900e+06
       1655.00   5.08400e+06
       1665.00   1.00700e+07
       1672.00   4.92000e+06
       1677.00   1.23700e+07
       1685.00   1.63800e+07
       1695.00   1.22100e+07
       1705.00   1.41100e+07
       1715.00   1.87700e+07
       1725.00   1.92300e+07
       1735.00   2.36400e+07
       1745.00   2.22800e+07
       1755.00   2.73100e+07
       1765.00   1.84900e+07
       1775.00   2.51000e+07
       1785.00   2.46400e+07
       1795.00   3.10800e+07
       1805.00   2.60200e+07
       1815.00   2.77000e+07
       1825.00   2.43800e+07
       1835.00   2.30300e+07
       1845.00   1.98400e+07
       1855.00   2.29200e+07
       1865.00   2.58300e+07
       1875.00   2.50400e+07
       1885.00   2.57100e+07
       1895.00   2.74700e+07
       1905.00   2.48400e+07
       1915.00   2.72600e+07
       1925.00   2.67700e+07
       1935.00   2.00300e+07
       1945.00   2.86900e+07
       1955.00   2.89400e+07
       1967.00   3.16800e+07
       1976.00   3.08400e+07
       1984.00   2.92300e+07
       1995.00   2.85200e+07
       2005.00   2.65000e+07
       2015.00   2.57700e+07
       2025.00   2.39400e+07
       2035.00   2.73800e+07
       2045.00   2.99900e+07
       2055.00   2.81400e+07
       2065.00   2.69700e+07
       2074.00   3.15400e+07
       2078.00   3.32900e+07
       2085.00   3.18100e+07
       2095.00   2.97400e+07
       2105.00   2.73800e+07
       2115.00   2.81100e+07
       2125.00   2.92100e+07
       2135.00   2.28500e+07
       2145.00   2.76400e+07
       2155.00   2.76700e+07
       2165.00   2.53500e+07
       2175.00   2.50700e+07
       2185.00   2.65800e+07
       2195.00   2.88900e+07
       2205.00   2.74200e+07
       2215.00   2.39200e+07
       2225.00   2.35600e+07
       2235.00   2.82000e+07
       2245.00   2.49900e+07
       2255.00   2.30400e+07
       2265.00   2.30800e+07
       2275.00   2.52200e+07
       2285.00   2.67000e+07
       2295.00   2.40400e+07
       2305.00   2.49400e+07
       2315.00   2.39000e+07
       2325.00   2.32200e+07
       2335.00   2.00400e+07
       2345.00   1.64900e+07
       2355.00   2.30900e+07
       2365.00   1.72200e+07
       2375.00   2.04000e+07
       2385.00   1.48500e+07
       2395.00   1.76100e+07
       2405.00   1.69900e+07
       2415.00   1.77800e+07
       2425.00   2.20400e+07
       2435.00   2.11800e+07
       2445.00   2.31100e+07
       2455.00   2.27300e+07
       2465.00   2.27000e+07
       2475.00   2.08600e+07
       2485.00   2.14300e+07
       2495.00   2.01700e+07
       2505.00   2.51400e+07
       2513.00   2.04200e+07
       2518.00   2.08600e+07
       2525.00   1.85700e+07
       2535.00   1.73900e+07
       2545.00   1.67700e+07
       2555.00   1.94500e+07
       2565.00   1.90400e+07
       2575.00   2.20200e+07
       2585.00   2.21900e+07
       2595.00   2.13200e+07
       2605.00   1.98400e+07
       2615.00   1.87100e+07
       2625.00   2.27200e+07
       2635.00   2.35100e+07
       2645.00   2.86700e+07
       2655.00   2.92300e+07
       2665.00   2.43900e+07
       2675.00   2.67000e+07
       2685.00   2.64900e+07
       2695.00   2.43500e+07
       2705.00   2.57400e+07
       2715.00   2.32900e+07
       2725.00   2.38100e+07
       2735.00   2.62700e+07
       2745.00   1.92300e+07
       2755.00   2.08500e+07
       2765.00   2.22600e+07
       2775.00   2.55400e+07
       2785.00   2.31800e+07
       2795.00   1.17500e+07
       2805.00   1.48300e+07
       2815.00   2.64600e+07
       2825.00   2.84800e+07
       2835.00   2.69500e+07
       2845.00   2.55200e+07
       2855.00   2.34000e+07
       2865.00   2.70000e+07
       2875.00   2.62500e+07
       2885.00   2.66600e+07
       2895.00   2.51000e+07
       2910.00   2.94500e+07
       2930.00   2.78400e+07
       2950.00   2.76000e+07
       2970.00   2.88200e+07
       2990.00   2.89800e+07
       3010.00   2.95400e+07
       3030.00   2.91900e+07
       3050.00   2.91000e+07
       3070.00   2.93600e+07
       3090.00   2.98600e+07
       3110.00   2.88800e+07
       3130.00   2.87300e+07
       3150.00   2.97000e+07
       3170.00   2.95300e+07
       3190.00   2.76600e+07
       3210.00   2.86000e+07
       3230.00   2.73200e+07
       3250.00   2.84300e+07
       3270.00   2.90400e+07
       3290.00   2.92500e+07
       3310.00   2.97100e+07
       3330.00   2.89700e+07
       3350.00   2.85900e+07
       3370.00   2.82400e+07
       3390.00   2.83600e+07
       3410.00   2.86200e+07
       3430.00   2.88100e+07
       3450.00   2.85700e+07
       3470.00   2.81900e+07
       3490.00   2.81200e+07
       3510.00   2.87000e+07
       3530.00   2.85400e+07
       3550.00   2.91700e+07
       3570.00   2.79200e+07
       3590.00   2.77200e+07
       3610.00   2.78000e+07
       3630.00   2.80200e+07
       3640.00   2.76400e+07
       3650.00   2.87600e+07
       3670.00   2.85400e+07
       3690.00   2.73100e+07
       3710.00   2.82000e+07
       3730.00   2.87100e+07
       3750.00   3.56200e+07
       3770.00   3.81000e+07
       3790.00   4.66700e+07
       3810.00   5.45500e+07
       3830.00   4.30800e+07
       3850.00   6.06300e+07
       3870.00   6.86900e+07
       3890.00   3.93500e+07
       3910.00   6.86200e+07
       3930.00   6.26700e+07
       3950.00   6.83100e+07
       3970.00   3.66000e+07
       3990.00   6.73200e+07
       4010.00   7.79400e+07
       4030.00   7.83600e+07
       4050.00   7.72700e+07
       4070.00   7.24100e+07
       4090.00   5.57600e+07
       4110.00   4.25200e+07
       4130.00   6.84900e+07
       4150.00   7.39600e+07
       4170.00   7.41000e+07
       4190.00   7.33000e+07
       4210.00   7.31800e+07
       4230.00   7.10400e+07
       4250.00   7.10900e+07
       4270.00   6.82200e+07
       4290.00   6.81900e+07
       4310.00   6.16100e+07
       4330.00   4.68400e+07
       4350.00   3.99100e+07
       4370.00   6.17700e+07
       4390.00   6.45400e+07
       4410.00   6.40200e+07
       4430.00   6.33800e+07
       4450.00   6.43000e+07
       4470.00   6.38000e+07
       4490.00   6.29000e+07
       4510.00   6.40600e+07
       4530.00   6.18400e+07
       4550.00   6.06900e+07
       4570.00   6.20800e+07
       4590.00   6.00500e+07
       4610.00   6.08500e+07
       4630.00   5.91100e+07
       4650.00   5.93600e+07
       4670.00   5.89700e+07
       4690.00   5.67300e+07
       4710.00   5.46300e+07
       4730.00   5.68000e+07
       4750.00   5.64600e+07
       4770.00   5.54400e+07
       4790.00   5.46000e+07
       4810.00   5.30500e+07
       4830.00   4.98700e+07
       4850.00   3.82200e+07
       4870.00   3.06500e+07
       4890.00   4.65000e+07
       4910.00   4.97600e+07
       4930.00   4.95000e+07
       4950.00   5.02200e+07
       4970.00   5.04200e+07
       4990.00   4.88800e+07
       5010.00   4.74000e+07
       5030.00   4.82500e+07
       5050.00   4.73300e+07
       5070.00   4.78300e+07
       5090.00   4.71600e+07
       5110.00   4.69400e+07
       5130.00   4.60300e+07
       5150.00   4.50900e+07
       5170.00   4.40400e+07
       5190.00   4.36200e+07
       5210.00   4.37100e+07
       5230.00   4.31100e+07
       5250.00   4.36800e+07
       5270.00   4.13300e+07
       5290.00   4.26000e+07
       5310.00   4.19300e+07
       5330.00   4.06200e+07
       5350.00   4.14600e+07
       5370.00   4.08600e+07
       5390.00   4.04500e+07
       5410.00   3.95900e+07
       5430.00   3.96400e+07
       5450.00   3.96000e+07
       5470.00   3.91400e+07
       5490.00   3.89000e+07
       5510.00   3.85800e+07
       5530.00   3.80500e+07
       5550.00   3.79700e+07
       5570.00   3.73700e+07
       5590.00   3.69400e+07
       5610.00   3.67700e+07
       5630.00   3.66500e+07
       5650.00   3.62200e+07
       5670.00   3.57000e+07
       5690.00   3.55700e+07
       5710.00   3.52200e+07
       5730.00   3.52000e+07
       5750.00   3.46700e+07
       5770.00   3.44300e+07
       5790.00   3.40600e+07
       5810.00   3.38100e+07
       5830.00   3.35500e+07
       5850.00   3.31600e+07
       5870.00   3.28800e+07
       5890.00   3.21600e+07
       5910.00   3.22900e+07
       5930.00   3.20000e+07
       5950.00   3.16900e+07
       5970.00   3.14500e+07
       5990.00   3.10700e+07
       6010.00   3.06700e+07
       6030.00   3.05000e+07
       6050.00   3.02800e+07
       6070.00   3.01000e+07
       6090.00   2.97700e+07
       6110.00   2.94400e+07
       6130.00   2.89600e+07
       6150.00   2.84600e+07
       6170.00   2.83700e+07
       6190.00   2.85000e+07
       6210.00   2.82600e+07
       6230.00   2.78900e+07
       6250.00   2.72600e+07
       6270.00   2.75400e+07
       6290.00   2.73100e+07
       6310.00   2.68900e+07
       6330.00   2.67400e+07
       6350.00   2.63000e+07
       6370.00   2.61400e+07
       6390.00   2.60600e+07
       6410.00   2.56500e+07
       6430.00   2.55200e+07
       6450.00   2.50200e+07
       6470.00   2.49800e+07
       6490.00   2.45100e+07
       6510.00   2.42100e+07
       6530.00   2.33100e+07
       6550.00   2.00100e+07
       6570.00   1.59800e+07
       6590.00   2.18700e+07
       6610.00   2.30800e+07
       6630.00   2.32800e+07
       6650.00   2.32100e+07
       6670.00   2.30400e+07
       6690.00   2.29400e+07
       6710.00   2.27700e+07
       6730.00   2.25900e+07
       6750.00   2.23300e+07
       6770.00   2.22800e+07
       6790.00   2.20800e+07
       6810.00   2.19000e+07
       6830.00   2.16800e+07
       6850.00   2.15100e+07
       6870.00   2.13700e+07
       6890.00   2.12100e+07
       6910.00   2.10300e+07
       6930.00   2.08400e+07
       6950.00   2.06800e+07
       6970.00   2.05100e+07
       6990.00   2.03600e+07
       7010.00   2.00700e+07
       7030.00   1.99800e+07
       7050.00   1.98500e+07
       7070.00   1.97100e+07
       7090.00   1.95600e+07
       7110.00   1.90600e+07
       7130.00   1.91400e+07
       7150.00   1.90200e+07
       7170.00   1.88700e+07
       7190.00   1.87000e+07
       7210.00   1.85900e+07
       7230.00   1.84400e+07
       7250.00   1.82600e+07
       7270.00   1.81900e+07
       7290.00   1.79700e+07
       7310.00   1.78700e+07
       7330.00   1.77300e+07
       7350.00   1.76400e+07
       7370.00   1.75100e+07
       7390.00   1.73200e+07
       7410.00   1.71200e+07
       7430.00   1.69600e+07
       7450.00   1.68800e+07
       7470.00   1.66700e+07
       7490.00   1.66000e+07
       7510.00   1.65300e+07
       7530.00   1.64300e+07
       7550.00   1.63500e+07
       7570.00   1.62000e+07
       7590.00   1.60900e+07
       7610.00   1.59600e+07
       7630.00   1.58500e+07
       7650.00   1.57000e+07
       7670.00   1.55200e+07
       7690.00   1.54400e+07
       7710.00   1.53200e+07
       7730.00   1.52600e+07
       7750.00   1.51200e+07
       7770.00   1.47200e+07
       7790.00   1.49400e+07
       7810.00   1.48100e+07
       7830.00   1.46500e+07
       7850.00   1.45000e+07
       7870.00   1.44000e+07
       7890.00   1.42700e+07
       7910.00   1.41800e+07
       7930.00   1.40600e+07
       7950.00   1.39400e+07
       7970.00   1.39700e+07
       7990.00   1.37400e+07
       8010.00   1.37300e+07
       8030.00   1.36100e+07
       8050.00   1.35400e+07
       8070.00   1.34300e+07
       8090.00   1.33300e+07
       8110.00   1.32700e+07
       8130.00   1.31800e+07
       8150.00   1.30900e+07
       8170.00   1.29900e+07
       8190.00   1.27300e+07
       8210.00   1.26900e+07
       8230.00   1.25900e+07
       8250.00   1.25300e+07
       8270.00   1.25700e+07
       8290.00   1.24800e+07
       8310.00   1.23700e+07
       8330.00   1.21900e+07
       8350.00   1.22200e+07
       8370.00   1.21500e+07
       8390.00   1.20200e+07
       8410.00   1.19500e+07
       8430.00   1.18400e+07
       8450.00   1.16000e+07
       8470.00   1.15200e+07
       8490.00   1.16200e+07
       8510.00   1.10300e+07
       8530.00   1.15400e+07
       8550.00   1.02600e+07
       8570.00   1.15800e+07
       8590.00   1.08400e+07
       8610.00   1.05800e+07
       8630.00   1.15400e+07
       8650.00   1.10900e+07
       8670.00   9.20200e+06
       8690.00   1.10900e+07
       8710.00   1.15600e+07
       8730.00   1.10900e+07
       8750.00   8.89400e+06
       8770.00   1.06000e+07
       8790.00   1.14300e+07
       8810.00   1.14700e+07
       8830.00   1.10800e+07
       8850.00   9.94900e+06
       8870.00   8.48700e+06
       8890.00   1.06200e+07
       8910.00   1.11100e+07
       8930.00   1.11800e+07
       8950.00   1.12300e+07
       8970.00   1.09700e+07
       8990.00   1.03900e+07
       9010.00   8.28700e+06
       9030.00   9.09200e+06
       9050.00   1.03900e+07
       9070.00   1.04800e+07
       9090.00   1.04200e+07
       9110.00   1.06500e+07
       9130.00   1.06700e+07
       9150.00   1.06200e+07
       9170.00   1.04300e+07
       9190.00   1.00900e+07
       9210.00   9.27800e+06
       9230.00   7.27500e+06
       9250.00   8.90800e+06
       9270.00   9.58500e+06
       9290.00   1.00200e+07
       9310.00   1.00700e+07
       9330.00   1.00400e+07
       9350.00   1.00100e+07
       9370.00   9.96000e+06
       9390.00   9.83600e+06
       9410.00   9.50700e+06
       9430.00   9.66300e+06
       9450.00   9.60800e+06
       9470.00   9.53700e+06
       9490.00   9.37800e+06
       9510.00   9.04600e+06
       9530.00   8.23300e+06
       9550.00   6.62800e+06
       9570.00   8.29300e+06
       9590.00   8.87100e+06
       9610.00   8.96400e+06
       9630.00   8.90100e+06
       9650.00   9.00400e+06
       9670.00   8.87700e+06
       9690.00   8.86300e+06
       9710.00   8.92100e+06
       9730.00   8.85600e+06
       9750.00   8.76100e+06
       9770.00   8.76400e+06
       9790.00   8.70400e+06
       9810.00   8.64900e+06
       9830.00   8.57500e+06
       9850.00   8.48100e+06
       9870.00   8.42100e+06
       9890.00   8.32000e+06
       9910.00   8.29100e+06
       9930.00   8.25200e+06
       9950.00   8.18700e+06
       9970.00   8.11800e+06
       9990.00   7.98700e+06
       10025.0   7.18100e+06
       10075.0   6.80800e+06
       10125.0   7.62500e+06
       10175.0   7.64100e+06
       10225.0   7.57300e+06
       10275.0   7.47300e+06
       10325.0   7.33700e+06
       10375.0   7.23300e+06
       10425.0   7.12300e+06
       10475.0   6.93900e+06
       10525.0   6.87100e+06
       10575.0   6.77800e+06
       10625.0   6.68100e+06
       10675.0   6.45700e+06
       10725.0   6.43500e+06
       10775.0   6.34300e+06
       10825.0   6.22300e+06
       10875.0   6.02800e+06
       10925.0   5.05500e+06
       10975.0   5.52100e+06
       11025.0   5.86000e+06
       11075.0   5.84500e+06
       11125.0   5.76100e+06
       11175.0   5.68900e+06
       11225.0   5.61900e+06
       11275.0   5.44200e+06
       11325.0   5.37400e+06
       11375.0   5.35200e+06
       11425.0   5.24900e+06
       11475.0   5.22900e+06
       11525.0   5.16100e+06
       11575.0   5.08100e+06
       11625.0   4.95300e+06
       11675.0   4.85500e+06
       11725.0   4.87600e+06
       11775.0   4.71600e+06
       11825.0   4.69500e+06
       11875.0   4.60300e+06
       11925.0   4.61800e+06
       11975.0   4.50600e+06
       12025.0   4.47100e+06
       12075.0   4.39800e+06
       12125.0   4.34300e+06
       12175.0   4.30200e+06
       12225.0   4.23700e+06
       12275.0   4.17200e+06
       12325.0   4.12100e+06
       12375.0   4.07200e+06
       12425.0   4.02800e+06
       12475.0   3.96300e+06
       12525.0   3.90900e+06
       12575.0   3.83200e+06
       12625.0   3.79100e+06
       12675.0   3.74800e+06
       12725.0   3.67500e+06
       12775.0   3.48700e+06
       12825.0   2.95400e+06
       12875.0   3.43200e+06
       12925.0   3.48900e+06
       12975.0   3.46800e+06
       13025.0   3.43300e+06
       13075.0   3.39700e+06
       13125.0   3.34800e+06
       13175.0   3.29500e+06
       13225.0   3.26900e+06
       13275.0   3.22600e+06
       13325.0   3.18800e+06
       13375.0   3.14700e+06
       13425.0   3.10700e+06
       13475.0   3.06800e+06
       13525.0   3.02200e+06
       13575.0   2.98200e+06
       13625.0   2.95400e+06
       13675.0   2.91400e+06
       13725.0   2.85500e+06
       13775.0   2.83800e+06
       13825.0   2.80500e+06
       13875.0   2.78000e+06
       13925.0   2.73400e+06
       13975.0   2.70700e+06
       14025.0   2.67600e+06
       14075.0   2.64600e+06
       14125.0   2.60900e+06
       14175.0   2.58100e+06
       14225.0   2.54700e+06
       14275.0   2.51400e+06
       14325.0   2.48900e+06
       14375.0   2.46300e+06
       14425.0   2.38600e+06
       14475.0   2.40100e+06
       14525.0   2.35000e+06
       14570.0   2.34500e+06
       14620.0   2.31200e+06
       14675.0   2.29100e+06
       14725.0   2.25900e+06
       14775.0   2.22500e+06
       14825.0   2.20600e+06
       14875.0   2.17100e+06
       14925.0   2.16800e+06
       14975.0   2.13700e+06
       15025.0   2.10500e+06
       15075.0   2.08000e+06
       15125.0   2.06800e+06
       15175.0   2.04500e+06
       15225.0   2.02000e+06
       15275.0   1.99500e+06
       15325.0   1.97100e+06
       15375.0   1.95200e+06
       15425.0   1.91000e+06
       15475.0   1.90400e+06
       15525.0   1.88400e+06
       15575.0   1.83500e+06
       15625.0   1.86000e+06
       15675.0   1.80300e+06
       15725.0   1.75600e+06
       15775.0   1.79300e+06
       15825.0   1.77700e+06
       15875.0   1.63600e+06
       15925.0   1.71500e+06
       15975.0   1.73800e+06
       16050.0   1.67800e+06
       16150.0   1.57900e+06
       16250.0   1.65700e+06
       16350.0   1.56400e+06
       16450.0   1.46000e+06
       16550.0   1.55900e+06
       16650.0   1.52900e+06
       16750.0   1.42700e+06
       16850.0   1.32800e+06
       16950.0   1.43100e+06
       17050.0   1.40400e+06
       17150.0   1.37800e+06
       17250.0   1.32700e+06
       17350.0   1.16000e+06
       17450.0   1.25000e+06
       17550.0   1.25800e+06
       17650.0   1.23600e+06
       17750.0   1.21500e+06
       17850.0   1.18800e+06
       17950.0   1.16600e+06
       18050.0   1.12800e+06
       18150.0       996400.
       18250.0   1.05200e+06
       18350.0   1.06900e+06
       18450.0   1.05200e+06
       18550.0   1.02700e+06
       18650.0       996400.
       18750.0       874100.
       18850.0       951200.
       18950.0       944900.
       19050.0       936300.
       19150.0       918000.
       19250.0       897900.
       19350.0       866800.
       19450.0       763400.
       19550.0       834600.
       19650.0       832400.
       19750.0       817500.
       19850.0       804700.
       19950.0       789800.
       20050.0       775600.
       20150.0       761800.
       20250.0       747100.
       20350.0       732700.
       20450.0       720900.
       20550.0       707700.
       20650.0       693600.
       20750.0       681800.
       20850.0       670000.
       20950.0       657700.
       21050.0       646100.
       21150.0       633200.
       21250.0       622200.
       21350.0       611200.
       21450.0       600300.
       21550.0       582600.
       21650.0       516400.
       21750.0       556900.
       21850.0       559000.
       21950.0       552600.
       22050.0       542300.
       22150.0       532900.
       22250.0       525500.
       22350.0       516700.
       22450.0       508200.
       22550.0       498100.
       22650.0       491100.
       22750.0       483200.
       22850.0       475200.
       22950.0       467200.
       23050.0       460400.
       23150.0       452800.
       23250.0       445900.
       23350.0       438700.
       23450.0       431900.
       23550.0       425100.
       23650.0       418500.
       23750.0       411600.
       23850.0       405200.
       23950.0       399000.
       24050.0       392600.
       24150.0       386400.
       24250.0       380700.
       24350.0       374500.
       24450.0       368700.
       24550.0       363000.
       24650.0       357300.
       24750.0       351800.
       24850.0       346600.
       24950.0       339100.
       25050.0       337200.
       25150.0       332100.
       25250.0       322800.
       25350.0       321900.
       25450.0       318400.
       25550.0       311800.
       25650.0       300500.
       25750.0       303300.
       25850.0       299800.
       25950.0       295900.
       26050.0       287200.
       26150.0       273000.
       26250.0       254000.
       26350.0       273100.
       26450.0       275000.
       26550.0       271600.
       26650.0       264800.
       26750.0       247500.
       26850.0       257800.
       26950.0       257700.
       27050.0       254600.
       27150.0       251300.
       27250.0       247800.
       27350.0       244000.
       27450.0       238700.
       27550.0       220600.
       27650.0       225600.
       27750.0       230100.
       27850.0       228100.
       27950.0       225600.
       28050.0       222500.
       28150.0       219500.
       28250.0       216600.
       28350.0       213700.
       28450.0       210100.
       28550.0       206600.
       28650.0       198700.
       28750.0       184700.
       28850.0       196700.
       28950.0       196300.
       29050.0       194500.
       29150.0       191800.
       29250.0       189500.
       29350.0       187200.
       29450.0       184700.
       29550.0       182400.
       29650.0       180100.
       29750.0       177700.
       29850.0       175500.
       29950.0       173200.
       30050.0       170900.
       30150.0       168200.
       30250.0       164800.
       30350.0       152400.
       30450.0       154200.
       30550.0       159100.
       30650.0       158100.
       30750.0       156500.
       30850.0       154400.
       30950.0       152600.
       31050.0       150700.
       31150.0       148600.
       31250.0       147000.
       31350.0       145200.
       31450.0       143400.
       31550.0       141800.
       31650.0       140200.
       31750.0       138400.
       31850.0       136900.
       31950.0       135200.
       32100.0       132800.
       32300.0       129700.
       32500.0       126600.
       32700.0       123300.
       32900.0       113600.
       33100.0       115400.
       33300.0       114700.
       33500.0       112400.
       33700.0       109700.
       33900.0       107300.
       34100.0       104900.
       34300.0       102700.
       34500.0       100500.
       34700.0       98310.0
       34900.0       96190.0
       35100.0       94110.0
       35300.0       92070.0
       35500.0       90090.0
       35700.0       88120.0
       35900.0       86290.0
       36100.0       84410.0
       36300.0       82710.0
       36500.0       80860.0
       36700.0       79270.0
       36900.0       77280.0
       37100.0       75800.0
       37300.0       72170.0
       37500.0       69810.0
       37700.0       71300.0
       37900.0       70070.0
       38100.0       68280.0
       38300.0       67020.0
       38500.0       66060.0
       38700.0       64690.0
       38900.0       63250.0
       39100.0       61280.0
       39300.0       60980.0
       39500.0       59890.0
       39700.0       58770.0
       39900.0       57470.0
       40100.0       55700.0
       40300.0       54340.0
       40500.0       51620.0
       40700.0       53060.0
       40900.0       52320.0
       41100.0       51520.0
       41300.0       50510.0
       41500.0       49300.0
       41700.0       46830.0
       41900.0       47440.0
       42100.0       46840.0
       42300.0       46100.0
       42500.0       45260.0
       42700.0       44450.0
       42900.0       43650.0
       43100.0       42870.0
       43300.0       42090.0
       43500.0       41190.0
       43700.0       38980.0
       43900.0       39230.0
       44100.0       39120.0
       44300.0       38520.0
       44500.0       37850.0
       44700.0       37250.0
       44900.0       36550.0
       45100.0       35940.0
       45300.0       35320.0
       45500.0       34720.0
       45700.0       34120.0
       45900.0       33530.0
       46100.0       32950.0
       46300.0       32250.0
       46500.0       30110.0
       46700.0       29700.0
       46900.0       30510.0
       47100.0       30290.0
       47300.0       29850.0
       47500.0       29360.0
       47700.0       28890.0
       47900.0       28440.0
       48100.0       27980.0
       48300.0       27530.0
       48500.0       27100.0
       48700.0       26670.0
       48900.0       26240.0
       49100.0       25820.0
       49300.0       25420.0
       49500.0       25030.0
       49700.0       24630.0
       49900.0       24250.0
       50100.0       23870.0
       50300.0       23500.0
       50500.0       23150.0
       50700.0       22780.0
       50900.0       22390.0
       51100.0       21890.0
       51300.0       20630.0
       51500.0       21290.0
       51700.0       21070.0
       51900.0       20800.0
       52100.0       20500.0
       52300.0       20200.0
       52500.0       19880.0
       52700.0       19560.0
       52900.0       19320.0
       53100.0       19080.0
       53300.0       18800.0
       53500.0       18490.0
       53700.0       18160.0
       53900.0       17910.0
       54100.0       17710.0
       54300.0       17470.0
       54500.0       17230.0
       54700.0       16980.0
       54900.0       16730.0
       55100.0       16430.0
       55300.0       16130.0
       55500.0       16010.0
       55700.0       15820.0
       55900.0       15590.0
       56100.0       15390.0
       56300.0       15170.0
       56500.0       14970.0
       56700.0       14760.0
       56900.0       14500.0
       57100.0       14150.0
       57300.0       14100.0
       57500.0       13970.0
       57700.0       13790.0
       57900.0       13600.0
       58100.0       13420.0
       58300.0       13230.0
       58500.0       13050.0
       58700.0       12850.0
       58900.0       12570.0
       59100.0       11870.0
       59300.0       12260.0
       59500.0       11960.0
       59700.0       11930.0
       59900.0       11880.0
       60100.0       11740.0
       60300.0       11590.0
       60500.0       11450.0
       60700.0       11310.0
       60900.0       11170.0
       61100.0       11020.0
       61300.0       10890.0
       61500.0       10750.0
       61700.0       10620.0
       61900.0       10480.0
       62100.0       10350.0
       62300.0       10200.0
       62500.0       10060.0
       62700.0       9889.00
       62900.0       9510.00
       63100.0       9619.00
       63300.0       9570.00
       63500.0       9467.00
       63700.0       9369.00
       63900.0       9254.00
       64200.0       9087.00
       64600.0       8867.00
       65000.0       8654.00
       65400.0       8450.00
       65800.0       8249.00
       66200.0       8053.00
       66600.0       7867.00
       67000.0       7679.00
       67400.0       7461.00
       67800.0       7141.00
       68200.0       7145.00
       68600.0       7001.00
       69000.0       6842.00
       69400.0       6687.00
       69800.0       6540.00
       70200.0       6395.00
       70600.0       6254.00
       71000.0       6111.00
       71400.0       5983.00
       71800.0       5853.00
       72200.0       5723.00
       72600.0       5592.00
       73000.0       5480.00
       73400.0       5367.00
       73800.0       5249.00
       74200.0       5120.00
       74600.0       4858.00
       75000.0       4701.00
       75400.0       4787.00
       75800.0       4718.00
       76200.0       4632.00
       76600.0       4538.00
       77000.0       4446.00
       77400.0       4350.00
       77800.0       4242.00
       78200.0       4178.00
       78600.0       4101.00
       79000.0       4020.00
       79400.0       3941.00
       79800.0       3863.00
       80200.0       3788.00
       80600.0       3714.00
       81000.0       3641.00
       81400.0       3544.00
       81800.0       3488.00
       82200.0       3438.00
       82600.0       3373.00
       83000.0       3309.00
       83400.0       3246.00
       83800.0       3185.00
       84200.0       3126.00
       84600.0       3069.00
       85000.0       3013.00
       85400.0       2957.00
       85800.0       2903.00
       86200.0       2845.00
       86600.0       2757.00
       87000.0       2736.00
       87400.0       2647.00
       87800.0       2600.00
       88200.0       2601.00
       88600.0       2557.00
       89000.0       2513.00
       89400.0       2469.00
       89800.0       2425.00
       90200.0       2383.00
       90600.0       2342.00
       91000.0       2301.00
       91400.0       2262.00
       91800.0       2224.00
       92200.0       2186.00
       92600.0       2148.00
       93000.0       2112.00
       93400.0       2072.00
       93800.0       2001.00
       94200.0       1993.00
       94600.0       1973.00
       95000.0       1940.00
       95400.0       1908.00
       95800.0       1879.00
       96200.0       1848.00
       96600.0       1818.00
       97000.0       1789.00
       97400.0       1759.00
       97800.0       1731.00
       98200.0       1702.00
       98600.0       1674.00
       99000.0       1650.00
       99400.0       1624.00
       99800.0       1598.00
       100200.       1573.00
       200000.       100.800
       400000.       6.27400
       600000.       1.22900
       800000.      0.385700
   1.00000e+06      0.156900
   1.20000e+06     0.0752000
   1.40000e+06     0.0403800
   1.60000e+06     0.0235600
