       90.9000       0.00000
       93.5000       0.00000
       96.1000       0.00000
       97.7000       0.00000
       99.6000       0.00000
       102.000       0.00000
       103.800       0.00000
       105.600       0.00000
       107.700       0.00000
       110.400       0.00000
       114.000       0.00000
       117.800       0.00000
       121.300       0.00000
       124.800       0.00000
       127.100       0.00000
       128.400       0.00000
       130.500       0.00000
       132.400       0.00000
       133.900       0.00000
       136.600       0.00000
       139.800       0.00000
       143.300       0.00000
       147.200       0.00000
       151.000       0.00000
       155.200       0.00000
       158.800       0.00000
       162.000       0.00000
       166.000       0.00000
       170.300       0.00000
       173.400       0.00000
       176.800       0.00000
       180.200       0.00000
       181.700       0.00000
       186.100       0.00000
       191.000       0.00000
       193.900       0.00000
       198.400       0.00000
       201.800       0.00000
       205.000       0.00000
       210.500       0.00000
       216.200       0.00000
       219.800       0.00000
       223.000       0.00000
       226.800       0.00000
       230.000       0.00000
       234.000       0.00000
       240.000       0.00000
       246.500       0.00000
       252.400       0.00000
       256.800       0.00000
       260.000       0.00000
       264.000       0.00000
       268.500       0.00000
       273.500       0.00000
       278.500       0.00000
       284.000       0.00000
       290.000       0.00000
       296.000       0.00000
       301.000       0.00000
       308.000       0.00000
       318.000       0.00000
       328.000       0.00000
       338.000       0.00000
       348.000       0.00000
       357.000       0.00000
       366.000       0.00000
       375.000       0.00000
       385.000       0.00000
       395.000       0.00000
       405.000       0.00000
       414.000       0.00000
       422.000       0.00000
       430.000       0.00000
       441.000       0.00000
       451.000       0.00000
       460.000       0.00000
       470.000       0.00000
       480.000       0.00000
       490.000       0.00000
       500.000       0.00000
       506.000       0.00000
       512.000       0.00000
       520.000       0.00000
       530.000       0.00000
       540.000       0.00000
       550.000       0.00000
       560.000       0.00000
       570.000       0.00000
       580.000       0.00000
       590.000       0.00000
       600.000       0.00000
       610.000       0.00000
       620.000       0.00000
       630.000       0.00000
       640.000       0.00000
       650.000       0.00000
       658.000       0.00000
       665.000       0.00000
       675.000       0.00000
       685.000       0.00000
       695.000       0.00000
       705.000       0.00000
       716.000   3.10700e-25
       726.000   8.58300e-25
       735.000   2.08900e-24
       745.000   5.46700e-24
       755.000   1.39300e-23
       765.000   3.45800e-23
       775.000   8.36900e-23
       785.000   1.97900e-22
       795.000   4.54800e-22
       805.000   1.03100e-21
       815.000   2.28300e-21
       825.000   4.94800e-21
       835.000   1.05100e-20
       845.000   2.18900e-20
       855.000   4.45800e-20
       865.000   8.91300e-20
       875.000   1.75000e-19
       885.000   3.38200e-19
       895.000   6.45100e-19
       905.000   1.20300e-18
       915.000   2.49300e-16
       925.000   1.06200e-15
       935.000   1.93300e-15
       945.000   3.88600e-15
       955.000   7.24900e-15
       965.000   1.33000e-14
       975.000   2.51900e-14
       985.000   4.44300e-14
       995.000   7.99900e-14
       1005.00   1.36700e-13
       1015.00   2.27200e-13
       1025.00   3.35300e-13
       1035.00   4.99900e-13
       1045.00   8.97400e-13
       1055.00   1.20600e-12
       1065.00   2.30200e-12
       1075.00   3.73700e-12
       1085.00   5.96600e-12
       1095.00   1.00600e-11
       1105.00   1.64600e-11
       1115.00   2.81700e-11
       1125.00   5.24600e-11
       1135.00   9.15500e-11
       1145.00   9.48400e-11
       1155.00   1.46500e-10
       1165.00   2.25600e-10
       1175.00   3.65200e-10
       1185.00   5.22300e-10
       1195.00   7.74300e-10
       1205.00   1.09400e-09
       1215.00   1.41300e-09
       1225.00   2.27100e-09
       1235.00   2.95600e-09
       1245.00   4.07200e-09
       1255.00   6.10400e-09
       1265.00   8.24900e-09
       1275.00   1.23500e-08
       1285.00   1.66800e-08
       1295.00   2.38400e-08
       1305.00   3.15200e-08
       1315.00   4.37700e-08
       1325.00   6.04400e-08
       1335.00   8.09300e-08
       1345.00   1.07900e-07
       1355.00   1.41300e-07
       1365.00   1.84600e-07
       1375.00   2.23800e-07
       1385.00   2.94000e-07
       1395.00   3.75400e-07
       1405.00   4.95900e-07
       1415.00   6.13600e-07
       1425.00   9.51700e-07
       1435.00   1.17500e-06
       1442.00   1.35500e-06
       1447.00   1.42000e-06
       1455.00   1.66500e-06
       1465.00   2.09100e-06
       1475.00   2.46900e-06
       1485.00   3.09400e-06
       1495.00   3.70900e-06
       1505.00   4.48300e-06
       1512.00   5.05200e-06
       1517.00   5.78500e-06
       1525.00   6.55000e-06
       1535.00   7.97000e-06
       1545.00   9.70100e-06
       1555.00   1.18400e-05
       1565.00   1.44600e-05
       1575.00   2.30600e-05
       1585.00   2.76400e-05
       1595.00   3.32600e-05
       1605.00   4.01200e-05
       1615.00   4.83900e-05
       1625.00   7.45300e-05
       1635.00   9.28400e-05
       1645.00   0.000115400
       1655.00   0.000141800
       1665.00   0.000134900
       1672.00   0.000157200
       1677.00   0.000161000
       1685.00   0.000186300
       1695.00   0.000213500
       1705.00   0.000264800
       1715.00   0.000315300
       1725.00   0.000358800
       1735.00   0.000427500
       1745.00   0.000473800
       1755.00   0.000581300
       1765.00   0.000675600
       1775.00   0.000820700
       1785.00   0.000906400
       1795.00    0.00109300
       1805.00    0.00124400
       1815.00    0.00152400
       1825.00    0.00167600
       1835.00    0.00199900
       1845.00    0.00224100
       1855.00    0.00259300
       1865.00    0.00293800
       1875.00    0.00337000
       1885.00    0.00540000
       1895.00    0.00606300
       1905.00    0.00676900
       1915.00    0.00755400
       1925.00    0.00841200
       1935.00    0.00936600
       1945.00     0.0104200
       1955.00     0.0115700
       1967.00     0.0131400
       1976.00     0.0144200
       1984.00     0.0157200
       1995.00     0.0175600
       2005.00     0.0196200
       2015.00     0.0215600
       2025.00     0.0239500
       2035.00     0.0263100
       2045.00     0.0288500
       2055.00     0.0319800
       2065.00     0.0351400
       2074.00     0.0382700
       2078.00     0.0366900
       2085.00     0.0452700
       2095.00     0.0736600
       2105.00      0.101200
       2115.00     0.0986900
       2125.00      0.126100
       2135.00      0.164000
       2145.00      0.127300
       2155.00      0.172300
       2165.00      0.173500
       2175.00      0.193900
       2185.00      0.191600
       2195.00      0.322600
       2205.00      0.268900
       2215.00      0.371700
       2225.00      0.318500
       2235.00      0.557300
       2245.00      0.583600
       2255.00      0.885100
       2265.00      0.424700
       2275.00      0.877600
       2285.00      0.719000
       2295.00       1.46600
       2305.00      0.549700
       2315.00       2.27200
       2325.00       1.32400
       2335.00       2.56700
       2345.00       1.60700
       2355.00       1.14400
       2365.00       1.76900
       2375.00       1.52700
       2385.00       3.49700
       2395.00       2.90600
       2405.00       7.50400
       2415.00       3.43400
       2425.00       4.69600
       2435.00       8.04400
       2445.00       12.8000
       2455.00       16.1300
       2465.00       7.59800
       2475.00       18.2500
       2485.00       4.06900
       2495.00       5.46600
       2505.00       13.2000
       2513.00       8.30400
       2518.00       10.1700
       2525.00       13.5600
       2535.00       43.2100
       2545.00       55.9500
       2555.00       60.2600
       2565.00       22.5500
       2575.00       47.2500
       2585.00       26.3400
       2595.00       38.0700
       2605.00       59.6700
       2615.00       46.1300
       2625.00       96.3000
       2635.00       173.600
       2645.00       121.100
       2655.00       179.500
       2665.00       145.100
       2675.00       121.000
       2685.00       180.200
       2695.00       104.700
       2705.00       231.400
       2715.00       216.800
       2725.00       166.600
       2735.00       168.100
       2745.00       290.500
       2755.00       263.200
       2765.00       409.700
       2775.00       557.900
       2785.00       304.800
       2795.00       492.500
       2805.00       488.600
       2815.00       417.500
       2825.00       422.300
       2835.00       302.100
       2845.00       163.600
       2855.00       61.6100
       2865.00       329.600
       2875.00       430.700
       2885.00       835.700
       2895.00       1033.00
       2910.00       1292.00
       2930.00       1557.00
       2950.00       1487.00
       2970.00       1395.00
       2990.00       1701.00
       3010.00       1807.00
       3030.00       2243.00
       3050.00       2803.00
       3070.00       2845.00
       3090.00       2447.00
       3110.00       4115.00
       3130.00       4300.00
       3150.00       6032.00
       3170.00       9259.00
       3190.00       7905.00
       3210.00       10150.0
       3230.00       11210.0
       3250.00       16610.0
       3270.00       22170.0
       3290.00       28310.0
       3310.00       23640.0
       3330.00       28090.0
       3350.00       25220.0
       3370.00       17540.0
       3390.00       24420.0
       3410.00       27710.0
       3430.00       29360.0
       3450.00       22520.0
       3470.00       22280.0
       3490.00       30580.0
       3510.00       40710.0
       3530.00       42190.0
       3550.00       63680.0
       3570.00       28670.0
       3590.00       23670.0
       3610.00       36530.0
       3630.00       49470.0
       3640.00       52990.0
       3650.00       58780.0
       3670.00       82280.0
       3690.00       66270.0
       3710.00       47990.0
       3730.00       21030.0
       3750.00       28690.0
       3770.00       71840.0
       3790.00       83120.0
       3810.00       77860.0
       3830.00       33490.0
       3850.00       57800.0
       3870.00       52720.0
       3890.00       54290.0
       3910.00       77790.0
       3930.00       33750.0
       3950.00       55230.0
       3970.00       47460.0
       3990.00       121100.
       4010.00       161700.
       4030.00       118000.
       4050.00       149300.
       4070.00       142000.
       4090.00       177700.
       4110.00       128900.
       4130.00       148300.
       4150.00       143800.
       4170.00       149900.
       4190.00       145800.
       4210.00       93910.0
       4230.00       34640.0
       4250.00       98870.0
       4270.00       125100.
       4290.00       124000.
       4310.00       142300.
       4330.00       198100.
       4350.00       205300.
       4370.00       222800.
       4390.00       193800.
       4410.00       194500.
       4430.00       180300.
       4450.00       192800.
       4470.00       214500.
       4490.00       227800.
       4510.00       243700.
       4530.00       206700.
       4550.00       231100.
       4570.00       257100.
       4590.00       208100.
       4610.00       227400.
       4630.00       212600.
       4650.00       202500.
       4670.00       219100.
       4690.00       214700.
       4710.00       224600.
       4730.00       214500.
       4750.00       227600.
       4770.00       129900.
       4790.00       158800.
       4810.00       159300.
       4830.00       179200.
       4850.00       205100.
       4870.00       224900.
       4890.00       255800.
       4910.00       275700.
       4930.00       285500.
       4950.00       254600.
       4970.00       135900.
       4990.00       163900.
       5010.00       124700.
       5030.00       157300.
       5050.00       160700.
       5070.00       172000.
       5090.00       175600.
       5110.00       183800.
       5130.00       182400.
       5150.00       170600.
       5170.00       141000.
       5190.00       129000.
       5210.00       172900.
       5230.00       296200.
       5250.00       286900.
       5270.00       268400.
       5290.00       348700.
       5310.00       385300.
       5330.00       346300.
       5350.00       380800.
       5370.00       360500.
       5390.00       381100.
       5410.00       380900.
       5430.00       381900.
       5450.00       301200.
       5470.00       268400.
       5490.00       311200.
       5510.00       275400.
       5530.00       334700.
       5550.00       366400.
       5570.00       375500.
       5590.00       331600.
       5610.00       248300.
       5630.00       273500.
       5650.00       310200.
       5670.00       306800.
       5690.00       349700.
       5710.00       359600.
       5730.00       410200.
       5750.00       443800.
       5770.00       390600.
       5790.00       427700.
       5810.00       426300.
       5830.00       429300.
       5850.00       376300.
       5870.00       287500.
       5890.00       120000.
       5910.00       208800.
       5930.00       268500.
       5950.00       291400.
       5970.00       306500.
       5990.00       346800.
       6010.00       363200.
       6030.00       410400.
       6050.00       437300.
       6070.00       466400.
       6090.00       493400.
       6110.00       482300.
       6130.00       474100.
       6150.00       500400.
       6170.00       276000.
       6190.00       294000.
       6210.00       286400.
       6230.00       232700.
       6250.00       266600.
       6270.00       320800.
       6290.00       350500.
       6310.00       396000.
       6330.00       419700.
       6350.00       445900.
       6370.00       436300.
       6390.00       452700.
       6410.00       468200.
       6430.00       423800.
       6450.00       427100.
       6470.00       461200.
       6490.00       431600.
       6510.00       476400.
       6530.00       519400.
       6550.00       501500.
       6570.00       494500.
       6590.00       504900.
       6610.00       503600.
       6630.00       481900.
       6650.00       431500.
       6670.00       396800.
       6690.00       320300.
       6710.00       333100.
       6730.00       266600.
       6750.00       286600.
       6770.00       334000.
       6790.00       293300.
       6810.00       328800.
       6830.00       361700.
       6850.00       388400.
       6870.00       397500.
       6890.00       446400.
       6910.00       504400.
       6930.00       496100.
       6950.00       547900.
       6970.00       599600.
       6990.00       620200.
       7010.00       645900.
       7030.00       670500.
       7050.00       613200.
       7070.00       388400.
       7090.00       347100.
       7110.00       329600.
       7130.00       261900.
       7150.00       258500.
       7170.00       293400.
       7190.00       362500.
       7210.00       342300.
       7230.00       416900.
       7250.00       476500.
       7270.00       536600.
       7290.00       577800.
       7310.00       627100.
       7330.00       655700.
       7350.00       689500.
       7370.00       730800.
       7390.00       754200.
       7410.00       766400.
       7430.00       781600.
       7450.00       786100.
       7470.00       798100.
       7490.00       802700.
       7510.00       809500.
       7530.00       816100.
       7550.00       816500.
       7570.00       817100.
       7590.00       753700.
       7610.00       718000.
       7630.00       682200.
       7650.00       664700.
       7670.00       544000.
       7690.00       569100.
       7710.00       539900.
       7730.00       604600.
       7750.00       582500.
       7770.00       584000.
       7790.00       594000.
       7810.00       633700.
       7830.00       624400.
       7850.00       637300.
       7870.00       659600.
       7890.00       694900.
       7910.00       687200.
       7930.00       702400.
       7950.00       711200.
       7970.00       748200.
       7990.00       746600.
       8010.00       758400.
       8030.00       771400.
       8050.00       781800.
       8070.00       783600.
       8090.00       796200.
       8110.00       804000.
       8130.00       814100.
       8150.00       817700.
       8170.00       816700.
       8190.00       705500.
       8210.00       747600.
       8230.00       769500.
       8250.00       775200.
       8270.00       767200.
       8290.00       742500.
       8310.00       740700.
       8330.00       740400.
       8350.00       735700.
       8370.00       734200.
       8390.00       699700.
       8410.00       744500.
       8430.00       695100.
       8450.00       695200.
       8470.00       676400.
       8490.00       695900.
       8510.00       672800.
       8530.00       698600.
       8550.00       663800.
       8570.00       731700.
       8590.00       738200.
       8610.00       748200.
       8630.00       763600.
       8650.00       766300.
       8670.00       703500.
       8690.00       743500.
       8710.00       789300.
       8730.00       789000.
       8750.00       791400.
       8770.00       789700.
       8790.00       800800.
       8810.00       786600.
       8830.00       784900.
       8850.00       792400.
       8870.00       643900.
       8890.00       656000.
       8910.00       682800.
       8930.00       692300.
       8950.00       672300.
       8970.00       686900.
       8990.00       711700.
       9010.00       707000.
       9030.00       722900.
       9050.00       739300.
       9070.00       752300.
       9090.00       747000.
       9110.00       753000.
       9130.00       767200.
       9150.00       773500.
       9170.00       777800.
       9190.00       781900.
       9210.00       776000.
       9230.00       769400.
       9250.00       764800.
       9270.00       763800.
       9290.00       751200.
       9310.00       756200.
       9330.00       757100.
       9350.00       760000.
       9370.00       751500.
       9390.00       757600.
       9410.00       758000.
       9430.00       760700.
       9450.00       751400.
       9470.00       759500.
       9490.00       763200.
       9510.00       762100.
       9530.00       759600.
       9550.00       747000.
       9570.00       757000.
       9590.00       762600.
       9610.00       748100.
       9630.00       758600.
       9650.00       724300.
       9670.00       730700.
       9690.00       746900.
       9710.00       739900.
       9730.00       719900.
       9750.00       715500.
       9770.00       725000.
       9790.00       708100.
       9810.00       729100.
       9830.00       714600.
       9850.00       723700.
       9870.00       727900.
       9890.00       729300.
       9910.00       720600.
       9930.00       720300.
       9950.00       724600.
       9970.00       727100.
       9990.00       726100.
       10025.0       720600.
       10075.0       721200.
       10125.0       723100.
       10175.0       720200.
       10225.0       720000.
       10275.0       720100.
       10325.0       710000.
       10375.0       712500.
       10425.0       715300.
       10475.0       708500.
       10525.0       710600.
       10575.0       704200.
       10625.0       704900.
       10675.0       696900.
       10725.0       693900.
       10775.0       694200.
       10825.0       683800.
       10875.0       685500.
       10925.0       679000.
       10975.0       671200.
       11025.0       663500.
       11075.0       657000.
       11125.0       650800.
       11175.0       646900.
       11225.0       648000.
       11275.0       639000.
       11325.0       634700.
       11375.0       620400.
       11425.0       611400.
       11475.0       629700.
       11525.0       626500.
       11575.0       622400.
       11625.0       611400.
       11675.0       609900.
       11725.0       615400.
       11775.0       596600.
       11825.0       602400.
       11875.0       593100.
       11925.0       601500.
       11975.0       585200.
       12025.0       596500.
       12075.0       592700.
       12125.0       593500.
       12175.0       591900.
       12225.0       589300.
       12275.0       586000.
       12325.0       582500.
       12375.0       581200.
       12425.0       575400.
       12475.0       575600.
       12525.0       570000.
       12575.0       569600.
       12625.0       566800.
       12675.0       561300.
       12725.0       562400.
       12775.0       560900.
       12825.0       547400.
       12875.0       553100.
       12925.0       547400.
       12975.0       550300.
       13025.0       546700.
       13075.0       541900.
       13125.0       527000.
       13175.0       527900.
       13225.0       531200.
       13275.0       518500.
       13325.0       481000.
       13375.0       440700.
       13425.0       429800.
       13475.0       445600.
       13525.0       426000.
       13575.0       430300.
       13625.0       424200.
       13675.0       435200.
       13725.0       434500.
       13775.0       437500.
       13825.0       432500.
       13875.0       419100.
       13925.0       392700.
       13975.0       391100.
       14025.0       397500.
       14075.0       393100.
       14125.0       377000.
       14175.0       375400.
       14225.0       375600.
       14275.0       365200.
       14325.0       373300.
       14375.0       370200.
       14425.0       371300.
       14475.0       368100.
       14525.0       364700.
       14570.0       365000.
       14620.0       353800.
       14675.0       349600.
       14725.0       356000.
       14775.0       349600.
       14825.0       349200.
       14875.0       349600.
       14925.0       353300.
       14975.0       355900.
       15025.0       344600.
       15075.0       353000.
       15125.0       354000.
       15175.0       350700.
       15225.0       359800.
       15275.0       350800.
       15325.0       355300.
       15375.0       351800.
       15425.0       343700.
       15475.0       356300.
       15525.0       350100.
       15575.0       349700.
       15625.0       355600.
       15675.0       353500.
       15725.0       351600.
       15775.0       352200.
       15825.0       358500.
       15875.0       356200.
       15925.0       357900.
       15975.0       363300.
       16050.0       359100.
       16150.0       356600.
       16250.0       356400.
       16350.0       362100.
       16450.0       363400.
       16550.0       365500.
       16650.0       362500.
       16750.0       353000.
       16850.0       354100.
       16950.0       345200.
       17050.0       334200.
       17150.0       312000.
       17250.0       305900.
       17350.0       291700.
       17450.0       279900.
       17550.0       261000.
       17650.0       251800.
       17750.0       236100.
       17850.0       226400.
       17950.0       219600.
       18050.0       209500.
       18150.0       205200.
       18250.0       204100.
       18350.0       198500.
       18450.0       186700.
       18550.0       178500.
       18650.0       177600.
       18750.0       174700.
       18850.0       182700.
       18950.0       177800.
       19050.0       181000.
       19150.0       179000.
       19250.0       176800.
       19350.0       172300.
       19450.0       170000.
       19550.0       171200.
       19650.0       168300.
       19750.0       162000.
       19850.0       156100.
       19950.0       153300.
       20050.0       153300.
       20150.0       149400.
       20250.0       148100.
       20350.0       147700.
       20450.0       145400.
       20550.0       146500.
       20650.0       142000.
       20750.0       143100.
       20850.0       140400.
       20950.0       141900.
       21050.0       141700.
       21150.0       141500.
       21250.0       141000.
       21350.0       142000.
       21450.0       142200.
       21550.0       142900.
       21650.0       144700.
       21750.0       142900.
       21850.0       144200.
       21950.0       144500.
       22050.0       140600.
       22150.0       145200.
       22250.0       143500.
       22350.0       144500.
       22450.0       144500.
       22550.0       143300.
       22650.0       141000.
       22750.0       141400.
       22850.0       140100.
       22950.0       129500.
       23050.0       130700.
       23150.0       128200.
       23250.0       119600.
       23350.0       118000.
       23450.0       118500.
       23550.0       109500.
       23650.0       111700.
       23750.0       111900.
       23850.0       101200.
       23950.0       101400.
       24050.0       93780.0
       24150.0       89980.0
       24250.0       86980.0
       24350.0       82660.0
       24450.0       79020.0
       24550.0       76410.0
       24650.0       73300.0
       24750.0       70980.0
       24850.0       68360.0
       24950.0       67200.0
       25050.0       65440.0
       25150.0       63090.0
       25250.0       61210.0
       25350.0       61020.0
       25450.0       60290.0
       25550.0       60280.0
       25650.0       57240.0
       25750.0       58700.0
       25850.0       58670.0
       25950.0       57850.0
       26050.0       58000.0
       26150.0       59250.0
       26250.0       58650.0
       26350.0       58730.0
       26450.0       56930.0
       26550.0       59940.0
       26650.0       58010.0
       26750.0       55800.0
       26850.0       55250.0
       26950.0       52580.0
       27050.0       52930.0
       27150.0       50620.0
       27250.0       48790.0
       27350.0       48860.0
       27450.0       48870.0
       27550.0       47120.0
       27650.0       46590.0
       27750.0       46440.0
       27850.0       44840.0
       27950.0       46280.0
       28050.0       42860.0
       28150.0       43560.0
       28250.0       42840.0
       28350.0       42270.0
       28450.0       42610.0
       28550.0       41140.0
       28650.0       41650.0
       28750.0       41050.0
       28850.0       40170.0
       28950.0       40800.0
       29050.0       38640.0
       29150.0       40170.0
       29250.0       36810.0
       29350.0       39810.0
       29450.0       36080.0
       29550.0       37930.0
       29650.0       36170.0
       29750.0       37220.0
       29850.0       35110.0
       29950.0       36790.0
       30050.0       34380.0
       30150.0       36440.0
       30250.0       33870.0
       30350.0       35030.0
       30450.0       33790.0
       30550.0       34360.0
       30650.0       34020.0
       30750.0       33540.0
       30850.0       33090.0
       30950.0       32420.0
       31050.0       33240.0
       31150.0       32180.0
       31250.0       32740.0
       31350.0       31860.0
       31450.0       32030.0
       31550.0       31560.0
       31650.0       31870.0
       31750.0       31080.0
       31850.0       31590.0
       31950.0       30870.0
       32100.0       31050.0
       32300.0       30660.0
       32500.0       30390.0
       32700.0       30070.0
       32900.0       29940.0
       33100.0       29800.0
       33300.0       29520.0
       33500.0       29130.0
       33700.0       29050.0
       33900.0       28830.0
       34100.0       28450.0
       34300.0       28670.0
       34500.0       27840.0
       34700.0       28270.0
       34900.0       27510.0
       35100.0       27590.0
       35300.0       27060.0
       35500.0       27100.0
       35700.0       26670.0
       35900.0       26530.0
       36100.0       26360.0
       36300.0       25990.0
       36500.0       25720.0
       36700.0       25480.0
       36900.0       25280.0
       37100.0       25010.0
       37300.0       24770.0
       37500.0       24760.0
       37700.0       24190.0
       37900.0       24310.0
       38100.0       23830.0
       38300.0       23330.0
       38500.0       23270.0
       38700.0       22990.0
       38900.0       22450.0
       39100.0       22180.0
       39300.0       21870.0
       39500.0       21440.0
       39700.0       20920.0
       39900.0       20100.0
       40100.0       19960.0
       40300.0       19550.0
       40500.0       18760.0
       40700.0       18230.0
       40900.0       17660.0
       41100.0       17540.0
       41300.0       17140.0
       41500.0       16950.0
       41700.0       16320.0
       41900.0       16240.0
       42100.0       15820.0
       42300.0       15830.0
       42500.0       15060.0
       42700.0       14980.0
       42900.0       14650.0
       43100.0       14000.0
       43300.0       13930.0
       43500.0       13410.0
       43700.0       12980.0
       43900.0       12820.0
       44100.0       12460.0
       44300.0       11960.0
       44500.0       11950.0
       44700.0       11600.0
       44900.0       11460.0
       45100.0       11220.0
       45300.0       10970.0
       45500.0       10830.0
       45700.0       10630.0
       45900.0       10450.0
       46100.0       10290.0
       46300.0       10050.0
       46500.0       10000.0
       46700.0       9766.00
       46900.0       9679.00
       47100.0       9563.00
       47300.0       9402.00
       47500.0       9267.00
       47700.0       8952.00
       47900.0       8939.00
       48100.0       8650.00
       48300.0       8716.00
       48500.0       8433.00
       48700.0       8241.00
       48900.0       8103.00
       49100.0       8209.00
       49300.0       7822.00
       49500.0       7811.00
       49700.0       7606.00
       49900.0       7554.00
       50100.0       7349.00
       50300.0       7179.00
       50500.0       7121.00
       50700.0       7016.00
       50900.0       6867.00
       51100.0       6824.00
       51300.0       6651.00
       51500.0       6631.00
       51700.0       6397.00
       51900.0       6373.00
       52100.0       6344.00
       52300.0       6187.00
       52500.0       6050.00
       52700.0       6036.00
       52900.0       5868.00
       53100.0       5935.00
       53300.0       5775.00
       53500.0       5657.00
       53700.0       5569.00
       53900.0       5602.00
       54100.0       5392.00
       54300.0       5218.00
       54500.0       5321.00
       54700.0       5240.00
       54900.0       5206.00
       55100.0       5110.00
       55300.0       4989.00
       55500.0       4885.00
       55700.0       4871.00
       55900.0       4902.00
       56100.0       4788.00
       56300.0       4736.00
       56500.0       4671.00
       56700.0       4584.00
       56900.0       4491.00
       57100.0       4523.00
       57300.0       4340.00
       57500.0       4534.00
       57700.0       4352.00
       57900.0       4238.00
       58100.0       4314.00
       58300.0       4162.00
       58500.0       4143.00
       58700.0       4124.00
       58900.0       4115.00
       59100.0       4028.00
       59300.0       4032.00
       59500.0       3972.00
       59700.0       3906.00
       59900.0       3898.00
       60100.0       3952.00
       60300.0       3770.00
       60500.0       3688.00
       60700.0       3809.00
       60900.0       3779.00
       61100.0       3618.00
       61300.0       3793.00
       61500.0       3607.00
       61700.0       3601.00
       61900.0       3566.00
       62100.0       3545.00
       62300.0       3553.00
       62500.0       3435.00
       62700.0       3380.00
       62900.0       3402.00
       63100.0       3331.00
       63300.0       3320.00
       63500.0       3189.00
       63700.0       3239.00
       63900.0       3150.00
       64200.0       3034.00
       64600.0       2832.00
       65000.0       2720.00
       65400.0       2625.00
       65800.0       2488.00
       66200.0       2420.00
       66600.0       2387.00
       67000.0       2316.00
       67400.0       2296.00
       67800.0       2203.00
       68200.0       2157.00
       68600.0       2157.00
       69000.0       2092.00
       69400.0       2042.00
       69800.0       2053.00
       70200.0       1971.00
       70600.0       1936.00
       71000.0       1891.00
       71400.0       1866.00
       71800.0       1858.00
       72200.0       1782.00
       72600.0       1759.00
       73000.0       1740.00
       73400.0       1696.00
       73800.0       1680.00
       74200.0       1625.00
       74600.0       1620.00
       75000.0       1579.00
       75400.0       1555.00
       75800.0       1507.00
       76200.0       1468.00
       76600.0       1448.00
       77000.0       1437.00
       77400.0       1383.00
       77800.0       1378.00
       78200.0       1344.00
       78600.0       1319.00
       79000.0       1272.00
       79400.0       1275.00
       79800.0       1227.00
       80200.0       1229.00
       80600.0       1189.00
       81000.0       1162.00
       81400.0       1153.00
       81800.0       1136.00
       82200.0       1103.00
       82600.0       1100.00
       83000.0       1071.00
       83400.0       1043.00
       83800.0       1018.00
       84200.0       1030.00
       84600.0       1003.00
       85000.0       978.800
       85400.0       974.100
       85800.0       953.400
       86200.0       943.200
       86600.0       927.200
       87000.0       925.300
       87400.0       887.700
       87800.0       883.200
       88200.0       868.600
       88600.0       857.900
       89000.0       849.700
       89400.0       835.100
       89800.0       818.200
       90200.0       816.400
       90600.0       800.900
       91000.0       791.300
       91400.0       779.000
       91800.0       768.000
       92200.0       756.400
       92600.0       736.700
       93000.0       735.600
       93400.0       724.500
       93800.0       711.900
       94200.0       696.700
       94600.0       688.200
       95000.0       678.300
       95400.0       681.900
       95800.0       657.600
       96200.0       645.100
       96600.0       636.900
       97000.0       628.600
       97400.0       624.300
       97800.0       615.300
       98200.0       605.900
       98600.0       597.800
       99000.0       569.100
       99400.0       576.800
       99800.0       565.500
       100200.       557.200
       200000.       40.1500
       400000.       2.67400
       600000.      0.538100
       800000.      0.171500
   1.00000e+06     0.0704800
   1.20000e+06     0.0340200
   1.40000e+06     0.0183600
   1.60000e+06     0.0107500
