       90.9000       0.00000
       93.5000       0.00000
       96.1000       0.00000
       97.7000       0.00000
       99.6000       0.00000
       102.000       0.00000
       103.800       0.00000
       105.600       0.00000
       107.700       0.00000
       110.400       0.00000
       114.000       0.00000
       117.800       0.00000
       121.300       0.00000
       124.800       0.00000
       127.100       0.00000
       128.400       0.00000
       130.500       0.00000
       132.400       0.00000
       133.900       0.00000
       136.600       0.00000
       139.800       0.00000
       143.300       0.00000
       147.200       0.00000
       151.000       0.00000
       155.200       0.00000
       158.800       0.00000
       162.000       0.00000
       166.000       0.00000
       170.300       0.00000
       173.400       0.00000
       176.800       0.00000
       180.200   4.85100e-23
       181.700   1.24200e-22
       186.100   8.79900e-22
       191.000   6.31700e-21
       193.900   1.92600e-20
       198.400   1.02600e-19
       201.800   3.48700e-19
       205.000   1.06800e-18
       210.500   6.72900e-18
       216.200   4.13400e-17
       219.800   1.24300e-16
       223.000   3.20300e-16
       226.800   9.55200e-16
       230.000   2.32100e-15
       234.000   6.91400e-15
       240.000   3.27900e-14
       246.500   1.62700e-13
       252.400   6.48500e-13
       256.800   1.74500e-12
       260.000   3.51100e-12
       264.000   8.21100e-12
       268.500   2.06800e-11
       273.500   5.56800e-11
       278.500   1.44800e-10
       284.000   3.97900e-10
       290.000   1.14600e-09
       296.000   3.15500e-09
       301.000   7.11500e-09
       308.000   2.12100e-08
       318.000   9.27300e-08
       328.000   3.68900e-07
       338.000   1.34900e-06
       348.000   4.56400e-06
       357.000   1.28800e-05
       366.000   3.44100e-05
       375.000   8.74100e-05
       385.000   0.000233600
       395.000   0.000591800
       405.000    0.00142900
       414.000    0.00303900
       422.000    0.00577400
       430.000     0.0106900
       441.000     0.0240200
       451.000     0.0483000
       460.000     0.0881100
       470.000      0.166900
       480.000      0.307300
       490.000      0.550900
       500.000      0.962600
       506.000       10.6100
       512.000       29.8100
       520.000       41.4900
       530.000       63.0700
       540.000       85.8700
       550.000       134.600
       560.000       189.700
       570.000       268.200
       580.000       344.900
       590.000       514.400
       600.000       700.000
       610.000       951.800
       620.000       1234.00
       630.000       1621.00
       640.000       2049.00
       650.000       2651.00
       658.000       3262.00
       665.000       3783.00
       675.000       4731.00
       685.000       5948.00
       695.000       7466.00
       705.000       9170.00
       716.000       11400.0
       726.000       13930.0
       735.000       16390.0
       745.000       19950.0
       755.000       24040.0
       765.000       28610.0
       775.000       34210.0
       785.000       40580.0
       795.000       47340.0
       805.000       55600.0
       815.000       64400.0
       825.000       75190.0
       835.000       86000.0
       845.000       99650.0
       855.000       114700.
       865.000       131900.
       875.000       150700.
       885.000       173100.
       895.000       196100.
       905.000       217100.
       915.000       948700.
       925.000   4.71200e+06
       935.000   8.84700e+06
       945.000   3.76200e+07
       955.000   1.73900e+08
       965.000   2.71000e+08
       975.000   5.84000e+07
       985.000   5.55800e+08
       995.000   6.04600e+08
       1005.00   7.22200e+08
       1015.00   5.21700e+08
       1025.00   3.97300e+07
       1035.00   2.66900e+08
       1045.00   9.35300e+08
       1055.00   1.08600e+09
       1065.00   9.05200e+08
       1075.00   1.13700e+09
       1085.00   1.03400e+09
       1095.00   1.19200e+09
       1105.00   1.10000e+09
       1115.00   1.24200e+09
       1125.00   1.29700e+09
       1135.00   1.55400e+09
       1145.00   1.38300e+09
       1155.00   1.52800e+09
       1165.00   1.68100e+09
       1175.00   1.48500e+09
       1185.00   1.57200e+09
       1195.00   5.42300e+08
       1205.00   4.06500e+08
       1215.00   5.16700e+07
       1225.00   3.65400e+08
       1235.00   1.40600e+09
       1245.00   1.81400e+09
       1255.00   1.86100e+09
       1265.00   1.44600e+09
       1275.00   1.81200e+09
       1285.00   2.04600e+09
       1295.00   1.41200e+09
       1305.00   1.01000e+09
       1315.00   1.81400e+09
       1325.00   1.83500e+09
       1335.00   1.54600e+09
       1345.00   1.94000e+09
       1355.00   1.83500e+09
       1365.00   1.60100e+09
       1375.00   1.73300e+09
       1385.00   1.76800e+09
       1395.00   1.70500e+09
       1405.00   1.74000e+09
       1415.00   1.61300e+09
       1425.00   1.68500e+09
       1435.00   1.62200e+09
       1442.00   1.75200e+09
       1447.00   1.78200e+09
       1455.00   1.74200e+09
       1465.00   1.63600e+09
       1475.00   1.56900e+09
       1485.00   1.57900e+09
       1495.00   1.62400e+09
       1505.00   1.55300e+09
       1512.00   1.42300e+09
       1517.00   1.53000e+09
       1525.00   1.47300e+09
       1535.00   1.35500e+09
       1545.00   1.46100e+09
       1555.00   1.34700e+09
       1565.00   1.31200e+09
       1575.00   1.35800e+09
       1585.00   1.42200e+09
       1595.00   1.45200e+09
       1605.00   1.36900e+09
       1615.00   1.38400e+09
       1625.00   1.28900e+09
       1635.00   1.34100e+09
       1645.00   1.34800e+09
       1655.00   1.21200e+09
       1665.00   1.33000e+09
       1672.00   1.20000e+09
       1677.00   1.28500e+09
       1685.00   1.35100e+09
       1695.00   1.27700e+09
       1705.00   1.20400e+09
       1715.00   1.12300e+09
       1725.00   1.11000e+09
       1735.00   1.16700e+09
       1745.00   1.13900e+09
       1755.00   1.21100e+09
       1765.00   1.08200e+09
       1775.00   1.13300e+09
       1785.00   1.15100e+09
       1795.00   1.20100e+09
       1805.00   1.18100e+09
       1815.00   1.10900e+09
       1825.00   1.11200e+09
       1835.00   1.06300e+09
       1845.00   9.96100e+08
       1855.00   9.60900e+08
       1865.00   9.82700e+08
       1875.00   1.07400e+09
       1885.00   9.96000e+08
       1895.00   9.49500e+08
       1905.00   1.00200e+09
       1915.00   9.60700e+08
       1925.00   9.46000e+08
       1935.00   9.71900e+08
       1945.00   9.82600e+08
       1955.00   9.23200e+08
       1967.00   9.93200e+08
       1976.00   1.01800e+09
       1984.00   9.59400e+08
       1995.00   9.19800e+08
       2005.00   9.43400e+08
       2015.00   8.92000e+08
       2025.00   9.51900e+08
       2035.00   8.96000e+08
       2045.00   9.13700e+08
       2055.00   8.65400e+08
       2065.00   8.80500e+08
       2074.00   9.07200e+08
       2078.00   8.76500e+08
       2085.00   8.96400e+08
       2095.00   8.45500e+08
       2105.00   8.52200e+08
       2115.00   8.50400e+08
       2125.00   8.59300e+08
       2135.00   7.98100e+08
       2145.00   8.20900e+08
       2155.00   8.39800e+08
       2165.00   8.05300e+08
       2175.00   7.94400e+08
       2185.00   7.71800e+08
       2195.00   7.99000e+08
       2205.00   7.73800e+08
       2215.00   7.40100e+08
       2225.00   7.05000e+08
       2235.00   7.55800e+08
       2245.00   7.10500e+08
       2255.00   6.88000e+08
       2265.00   7.01100e+08
       2275.00   7.20600e+08
       2285.00   7.28200e+08
       2295.00   6.98700e+08
       2305.00   6.72100e+08
       2315.00   6.46300e+08
       2325.00   6.43100e+08
       2335.00   6.12900e+08
       2345.00   5.94100e+08
       2355.00   6.18900e+08
       2365.00   5.82200e+08
       2375.00   5.93200e+08
       2385.00   5.55300e+08
       2395.00   5.96300e+08
       2405.00   5.64500e+08
       2415.00   5.72400e+08
       2425.00   5.87900e+08
       2435.00   5.58500e+08
       2445.00   5.87400e+08
       2455.00   5.69500e+08
       2465.00   5.69500e+08
       2475.00   5.47700e+08
       2485.00   5.77800e+08
       2495.00   5.58800e+08
       2505.00   5.81700e+08
       2513.00   5.46000e+08
       2518.00   5.63200e+08
       2525.00   5.30700e+08
       2535.00   5.32900e+08
       2545.00   5.18100e+08
       2555.00   5.38100e+08
       2565.00   5.29300e+08
       2575.00   5.54800e+08
       2585.00   5.49300e+08
       2595.00   5.51000e+08
       2605.00   5.29400e+08
       2615.00   5.25200e+08
       2625.00   5.28500e+08
       2635.00   5.30000e+08
       2645.00   5.50100e+08
       2655.00   5.42100e+08
       2665.00   5.17000e+08
       2675.00   5.30100e+08
       2685.00   5.22600e+08
       2695.00   5.11500e+08
       2705.00   5.14500e+08
       2715.00   4.98200e+08
       2725.00   4.96500e+08
       2735.00   5.11200e+08
       2745.00   4.71800e+08
       2755.00   4.67700e+08
       2765.00   4.76900e+08
       2775.00   4.88000e+08
       2785.00   4.87200e+08
       2795.00   4.54500e+08
       2805.00   4.71700e+08
       2815.00   4.82500e+08
       2825.00   4.76600e+08
       2835.00   4.57800e+08
       2845.00   4.46500e+08
       2855.00   4.49100e+08
       2865.00   4.57800e+08
       2875.00   4.48600e+08
       2885.00   4.51000e+08
       2895.00   4.46400e+08
       2910.00   4.55000e+08
       2930.00   4.41500e+08
       2950.00   4.34800e+08
       2970.00   4.30500e+08
       2990.00   4.24200e+08
       3010.00   4.24700e+08
       3030.00   4.19500e+08
       3050.00   4.11000e+08
       3070.00   4.04400e+08
       3090.00   4.01200e+08
       3110.00   3.92000e+08
       3130.00   3.86700e+08
       3150.00   3.82300e+08
       3170.00   3.76000e+08
       3190.00   3.64700e+08
       3210.00   3.64300e+08
       3230.00   3.59300e+08
       3250.00   3.54600e+08
       3270.00   3.50800e+08
       3290.00   3.46300e+08
       3310.00   3.42600e+08
       3330.00   3.36800e+08
       3350.00   3.30700e+08
       3370.00   3.26300e+08
       3390.00   3.21600e+08
       3410.00   3.18200e+08
       3430.00   3.13700e+08
       3450.00   3.09600e+08
       3470.00   3.04700e+08
       3490.00   3.00900e+08
       3510.00   2.97600e+08
       3530.00   2.93900e+08
       3550.00   2.90000e+08
       3570.00   2.86000e+08
       3590.00   2.81500e+08
       3610.00   2.78200e+08
       3630.00   2.74200e+08
       3640.00   2.73000e+08
       3650.00   2.71300e+08
       3670.00   2.68300e+08
       3690.00   2.60700e+08
       3710.00   2.56900e+08
       3730.00   2.52700e+08
       3750.00   2.91300e+08
       3770.00   3.00200e+08
       3790.00   3.35100e+08
       3810.00   3.64000e+08
       3830.00   3.06000e+08
       3850.00   3.79100e+08
       3870.00   3.98600e+08
       3890.00   2.80900e+08
       3910.00   3.93400e+08
       3930.00   3.91700e+08
       3950.00   3.83400e+08
       3970.00   2.64100e+08
       3990.00   3.66400e+08
       4010.00   3.74100e+08
       4030.00   3.57300e+08
       4050.00   3.66800e+08
       4070.00   3.56600e+08
       4090.00   3.13500e+08
       4110.00   2.59700e+08
       4130.00   3.33300e+08
       4150.00   3.36000e+08
       4170.00   3.33200e+08
       4190.00   3.29700e+08
       4210.00   3.25300e+08
       4230.00   3.20000e+08
       4250.00   3.14900e+08
       4270.00   3.07500e+08
       4290.00   3.04900e+08
       4310.00   2.97200e+08
       4330.00   2.53600e+08
       4350.00   2.24700e+08
       4370.00   2.82700e+08
       4390.00   2.77100e+08
       4410.00   2.79500e+08
       4430.00   2.74100e+08
       4450.00   2.72100e+08
       4470.00   2.60200e+08
       4490.00   2.61100e+08
       4510.00   2.60300e+08
       4530.00   2.55900e+08
       4550.00   2.51800e+08
       4570.00   2.49700e+08
       4590.00   2.45400e+08
       4610.00   2.42700e+08
       4630.00   2.38000e+08
       4650.00   2.35700e+08
       4670.00   2.32300e+08
       4690.00   2.29200e+08
       4710.00   2.22900e+08
       4730.00   2.22200e+08
       4750.00   2.18800e+08
       4770.00   2.17300e+08
       4790.00   2.13800e+08
       4810.00   2.09700e+08
       4830.00   2.04700e+08
       4850.00   1.79800e+08
       4870.00   1.54800e+08
       4890.00   1.95500e+08
       4910.00   1.95800e+08
       4930.00   1.90800e+08
       4950.00   1.91900e+08
       4970.00   1.89600e+08
       4990.00   1.86800e+08
       5010.00   1.81300e+08
       5030.00   1.81100e+08
       5050.00   1.76600e+08
       5070.00   1.77000e+08
       5090.00   1.74600e+08
       5110.00   1.71900e+08
       5130.00   1.70100e+08
       5150.00   1.67300e+08
       5170.00   1.65400e+08
       5190.00   1.63500e+08
       5210.00   1.60300e+08
       5230.00   1.59100e+08
       5250.00   1.57500e+08
       5270.00   1.55000e+08
       5290.00   1.54000e+08
       5310.00   1.51600e+08
       5330.00   1.50000e+08
       5350.00   1.47900e+08
       5370.00   1.46500e+08
       5390.00   1.44600e+08
       5410.00   1.42600e+08
       5430.00   1.40700e+08
       5450.00   1.39200e+08
       5470.00   1.37300e+08
       5490.00   1.36000e+08
       5510.00   1.34200e+08
       5530.00   1.32800e+08
       5550.00   1.31200e+08
       5570.00   1.29600e+08
       5590.00   1.28100e+08
       5610.00   1.26700e+08
       5630.00   1.25300e+08
       5650.00   1.23100e+08
       5670.00   1.21800e+08
       5690.00   1.20800e+08
       5710.00   1.19500e+08
       5730.00   1.18100e+08
       5750.00   1.16700e+08
       5770.00   1.15400e+08
       5790.00   1.14000e+08
       5810.00   1.12700e+08
       5830.00   1.11400e+08
       5850.00   1.10100e+08
       5870.00   1.07000e+08
       5890.00   1.07300e+08
       5910.00   1.06400e+08
       5930.00   1.05300e+08
       5950.00   1.03600e+08
       5970.00   1.02800e+08
       5990.00   1.01400e+08
       6010.00   1.00600e+08
       6030.00   9.94500e+07
       6050.00   9.83500e+07
       6070.00   9.72300e+07
       6090.00   9.61300e+07
       6110.00   9.51600e+07
       6130.00   9.41000e+07
       6150.00   9.26600e+07
       6170.00   9.20000e+07
       6190.00   9.10500e+07
       6210.00   9.00500e+07
       6230.00   8.89700e+07
       6250.00   8.77300e+07
       6270.00   8.71500e+07
       6290.00   8.61700e+07
       6310.00   8.51600e+07
       6330.00   8.43300e+07
       6350.00   8.27300e+07
       6370.00   8.20800e+07
       6390.00   8.16300e+07
       6410.00   8.07000e+07
       6430.00   7.99900e+07
       6450.00   7.90100e+07
       6470.00   7.83000e+07
       6490.00   7.73300e+07
       6510.00   7.62700e+07
       6530.00   7.49700e+07
       6550.00   6.95600e+07
       6570.00   5.96300e+07
       6590.00   7.17500e+07
       6610.00   7.23800e+07
       6630.00   7.18900e+07
       6650.00   7.13100e+07
       6670.00   7.02300e+07
       6690.00   6.95600e+07
       6710.00   6.91500e+07
       6730.00   6.84600e+07
       6750.00   6.77800e+07
       6770.00   6.71100e+07
       6790.00   6.63800e+07
       6810.00   6.57400e+07
       6830.00   6.50200e+07
       6850.00   6.44300e+07
       6870.00   6.37900e+07
       6890.00   6.31700e+07
       6910.00   6.25400e+07
       6930.00   6.18200e+07
       6950.00   6.13200e+07
       6970.00   6.07300e+07
       6990.00   6.01400e+07
       7010.00   5.95200e+07
       7030.00   5.89500e+07
       7050.00   5.82400e+07
       7070.00   5.74100e+07
       7090.00   5.72800e+07
       7110.00   5.66700e+07
       7130.00   5.61400e+07
       7150.00   5.56100e+07
       7170.00   5.50900e+07
       7190.00   5.45800e+07
       7210.00   5.40600e+07
       7230.00   5.33600e+07
       7250.00   5.30000e+07
       7270.00   5.25400e+07
       7290.00   5.19200e+07
       7310.00   5.15500e+07
       7330.00   5.10700e+07
       7350.00   5.06000e+07
       7370.00   5.01300e+07
       7390.00   4.96600e+07
       7410.00   4.92000e+07
       7430.00   4.86700e+07
       7450.00   4.82600e+07
       7470.00   4.77600e+07
       7490.00   4.73500e+07
       7510.00   4.69200e+07
       7530.00   4.65200e+07
       7550.00   4.61000e+07
       7570.00   4.56800e+07
       7590.00   4.52500e+07
       7610.00   4.48700e+07
       7630.00   4.44500e+07
       7650.00   4.40400e+07
       7670.00   4.36500e+07
       7690.00   4.32500e+07
       7710.00   4.28700e+07
       7730.00   4.24800e+07
       7750.00   4.21000e+07
       7770.00   4.13000e+07
       7790.00   4.13600e+07
       7810.00   4.10000e+07
       7830.00   4.06400e+07
       7850.00   4.01500e+07
       7870.00   3.98000e+07
       7890.00   3.93800e+07
       7910.00   3.92100e+07
       7930.00   3.88800e+07
       7950.00   3.84300e+07
       7970.00   3.82000e+07
       7990.00   3.76800e+07
       8010.00   3.75500e+07
       8030.00   3.72100e+07
       8050.00   3.68900e+07
       8070.00   3.65800e+07
       8090.00   3.62600e+07
       8110.00   3.59400e+07
       8130.00   3.56300e+07
       8150.00   3.53400e+07
       8170.00   3.50400e+07
       8190.00   3.47100e+07
       8210.00   3.43400e+07
       8230.00   3.40100e+07
       8250.00   3.38700e+07
       8270.00   3.36000e+07
       8290.00   3.32900e+07
       8310.00   3.30600e+07
       8330.00   3.27800e+07
       8350.00   3.25000e+07
       8370.00   3.22300e+07
       8390.00   3.19800e+07
       8410.00   3.16600e+07
       8430.00   3.13500e+07
       8450.00   3.08900e+07
       8470.00   3.05700e+07
       8490.00   3.06300e+07
       8510.00   2.97900e+07
       8530.00   3.03600e+07
       8550.00   2.86200e+07
       8570.00   3.02900e+07
       8590.00   2.86800e+07
       8610.00   2.81700e+07
       8630.00   3.00800e+07
       8650.00   2.90300e+07
       8670.00   2.58000e+07
       8690.00   2.93400e+07
       8710.00   2.99000e+07
       8730.00   2.89000e+07
       8750.00   2.45000e+07
       8770.00   2.76800e+07
       8790.00   2.92300e+07
       8810.00   2.92600e+07
       8830.00   2.86500e+07
       8850.00   2.63200e+07
       8870.00   2.33700e+07
       8890.00   2.74300e+07
       8910.00   2.80800e+07
       8930.00   2.79700e+07
       8950.00   2.78500e+07
       8970.00   2.74800e+07
       8990.00   2.65300e+07
       9010.00   2.25100e+07
       9030.00   2.39200e+07
       9050.00   2.62400e+07
       9070.00   2.63100e+07
       9090.00   2.62200e+07
       9110.00   2.61600e+07
       9130.00   2.59600e+07
       9150.00   2.57800e+07
       9170.00   2.54700e+07
       9190.00   2.50100e+07
       9210.00   2.37200e+07
       9230.00   1.98500e+07
       9250.00   2.29700e+07
       9270.00   2.39300e+07
       9290.00   2.42800e+07
       9310.00   2.41900e+07
       9330.00   2.40400e+07
       9350.00   2.39100e+07
       9370.00   2.37300e+07
       9390.00   2.35300e+07
       9410.00   2.31700e+07
       9430.00   2.31800e+07
       9450.00   2.29900e+07
       9470.00   2.27300e+07
       9490.00   2.25100e+07
       9510.00   2.20400e+07
       9530.00   2.06900e+07
       9550.00   1.77000e+07
       9570.00   2.07300e+07
       9590.00   2.14900e+07
       9610.00   2.15100e+07
       9630.00   2.12600e+07
       9650.00   2.13200e+07
       9670.00   2.11400e+07
       9690.00   2.10000e+07
       9710.00   2.08500e+07
       9730.00   2.07000e+07
       9750.00   2.05400e+07
       9770.00   2.04000e+07
       9790.00   2.02400e+07
       9810.00   2.00900e+07
       9830.00   1.99300e+07
       9850.00   1.97900e+07
       9870.00   1.96400e+07
       9890.00   1.94800e+07
       9910.00   1.93400e+07
       9930.00   1.92100e+07
       9950.00   1.90500e+07
       9970.00   1.88800e+07
       9990.00   1.86900e+07
       10025.0   1.74400e+07
       10075.0   1.66700e+07
       10125.0   1.77500e+07
       10175.0   1.75600e+07
       10225.0   1.72700e+07
       10275.0   1.69600e+07
       10325.0   1.66500e+07
       10375.0   1.63700e+07
       10425.0   1.60900e+07
       10475.0   1.58000e+07
       10525.0   1.55300e+07
       10575.0   1.52700e+07
       10625.0   1.50100e+07
       10675.0   1.47000e+07
       10725.0   1.44900e+07
       10775.0   1.42500e+07
       10825.0   1.39200e+07
       10875.0   1.36800e+07
       10925.0   1.21200e+07
       10975.0   1.28100e+07
       11025.0   1.30400e+07
       11075.0   1.28800e+07
       11125.0   1.26700e+07
       11175.0   1.24600e+07
       11225.0   1.22600e+07
       11275.0   1.20200e+07
       11325.0   1.18400e+07
       11375.0   1.16800e+07
       11425.0   1.14900e+07
       11475.0   1.13100e+07
       11525.0   1.11300e+07
       11575.0   1.09500e+07
       11625.0   1.07700e+07
       11675.0   1.06000e+07
       11725.0   1.04400e+07
       11775.0   1.02500e+07
       11825.0   1.01200e+07
       11875.0   9.95800e+06
       11925.0   9.81200e+06
       11975.0   9.64300e+06
       12025.0   9.51400e+06
       12075.0   9.36900e+06
       12125.0   9.22600e+06
       12175.0   9.08700e+06
       12225.0   8.95000e+06
       12275.0   8.81400e+06
       12325.0   8.68300e+06
       12375.0   8.55400e+06
       12425.0   8.42900e+06
       12475.0   8.29500e+06
       12525.0   8.17900e+06
       12575.0   8.05500e+06
       12625.0   7.94100e+06
       12675.0   7.82700e+06
       12725.0   7.69300e+06
       12775.0   7.45300e+06
       12825.0   6.71000e+06
       12875.0   7.29100e+06
       12925.0   7.26600e+06
       12975.0   7.16900e+06
       13025.0   7.07500e+06
       13075.0   6.97500e+06
       13125.0   6.87700e+06
       13175.0   6.77500e+06
       13225.0   6.68600e+06
       13275.0   6.59300e+06
       13325.0   6.50100e+06
       13375.0   6.41100e+06
       13425.0   6.32100e+06
       13475.0   6.23500e+06
       13525.0   6.14900e+06
       13575.0   6.06500e+06
       13625.0   5.98300e+06
       13675.0   5.90000e+06
       13725.0   5.82000e+06
       13775.0   5.74400e+06
       13825.0   5.66700e+06
       13875.0   5.59200e+06
       13925.0   5.51700e+06
       13975.0   5.44300e+06
       14025.0   5.37200e+06
       14075.0   5.30100e+06
       14125.0   5.23100e+06
       14175.0   5.16300e+06
       14225.0   5.09500e+06
       14275.0   5.02900e+06
       14325.0   4.96300e+06
       14375.0   4.89900e+06
       14425.0   4.83100e+06
       14475.0   4.77300e+06
       14525.0   4.71100e+06
       14570.0   4.65900e+06
       14620.0   4.60000e+06
       14675.0   4.53700e+06
       14725.0   4.48000e+06
       14775.0   4.42300e+06
       14825.0   4.37000e+06
       14875.0   4.31500e+06
       14925.0   4.26200e+06
       14975.0   4.20900e+06
       15025.0   4.15800e+06
       15075.0   4.10500e+06
       15125.0   4.05500e+06
       15175.0   4.00500e+06
       15225.0   3.95600e+06
       15275.0   3.90300e+06
       15325.0   3.85300e+06
       15375.0   3.81200e+06
       15425.0   3.74900e+06
       15475.0   3.71900e+06
       15525.0   3.67200e+06
       15575.0   3.59400e+06
       15625.0   3.60900e+06
       15675.0   3.52200e+06
       15725.0   3.44900e+06
       15775.0   3.49200e+06
       15825.0   3.44500e+06
       15875.0   3.26200e+06
       15925.0   3.33500e+06
       15975.0   3.34800e+06
       16050.0   3.25700e+06
       16150.0   3.10700e+06
       16250.0   3.15800e+06
       16350.0   3.03300e+06
       16450.0   2.88700e+06
       16550.0   2.95500e+06
       16650.0   2.89100e+06
       16750.0   2.76400e+06
       16850.0   2.62900e+06
       16950.0   2.69900e+06
       17050.0   2.64100e+06
       17150.0   2.58600e+06
       17250.0   2.52100e+06
       17350.0   2.32000e+06
       17450.0   2.39700e+06
       17550.0   2.36800e+06
       17650.0   2.31900e+06
       17750.0   2.26900e+06
       17850.0   2.22200e+06
       17950.0   2.17500e+06
       18050.0   2.12200e+06
       18150.0   1.96500e+06
       18250.0   2.00900e+06
       18350.0   1.99900e+06
       18450.0   1.95900e+06
       18550.0   1.91800e+06
       18650.0   1.87000e+06
       18750.0   1.73600e+06
       18850.0   1.79700e+06
       18950.0   1.76900e+06
       19050.0   1.73300e+06
       19150.0   1.70000e+06
       19250.0   1.66600e+06
       19350.0   1.62400e+06
       19450.0   1.50100e+06
       19550.0   1.56100e+06
       19650.0   1.54100e+06
       19750.0   1.51100e+06
       19850.0   1.48200e+06
       19950.0   1.45400e+06
       20050.0   1.42700e+06
       20150.0   1.40000e+06
       20250.0   1.37400e+06
       20350.0   1.34800e+06
       20450.0   1.32300e+06
       20550.0   1.29800e+06
       20650.0   1.27500e+06
       20750.0   1.25100e+06
       20850.0   1.22800e+06
       20950.0   1.20600e+06
       21050.0   1.18400e+06
       21150.0   1.16200e+06
       21250.0   1.14200e+06
       21350.0   1.12200e+06
       21450.0   1.10200e+06
       21550.0   1.07700e+06
       21650.0       999400.
       21750.0   1.03500e+06
       21850.0   1.02600e+06
       21950.0   1.00900e+06
       22050.0       991400.
       22150.0       974200.
       22250.0       957600.
       22350.0       941300.
       22450.0       925300.
       22550.0       909600.
       22650.0       894300.
       22750.0       879300.
       22850.0       864700.
       22950.0       850400.
       23050.0       836400.
       23150.0       822700.
       23250.0       809200.
       23350.0       796000.
       23450.0       783100.
       23550.0       770400.
       23650.0       758000.
       23750.0       745900.
       23850.0       733900.
       23950.0       722200.
       24050.0       710600.
       24150.0       699200.
       24250.0       688400.
       24350.0       677400.
       24450.0       666500.
       24550.0       656600.
       24650.0       645700.
       24750.0       635700.
       24850.0       627000.
       24950.0       614300.
       25050.0       608100.
       25150.0       599000.
       25250.0       584500.
       25350.0       580500.
       25450.0       573200.
       25550.0       562900.
       25650.0       546700.
       25750.0       546900.
       25850.0       540300.
       25950.0       532100.
       26050.0       520000.
       26150.0       501800.
       26250.0       479200.
       26350.0       497600.
       26450.0       494600.
       26550.0       487700.
       26650.0       478200.
       26750.0       455600.
       26850.0       464400.
       26950.0       461200.
       27050.0       455200.
       27150.0       448800.
       27250.0       442400.
       27350.0       436200.
       27450.0       428000.
       27550.0       406100.
       27650.0       409800.
       27750.0       411400.
       27850.0       406600.
       27950.0       401000.
       28050.0       395500.
       28150.0       390100.
       28250.0       384800.
       28350.0       379500.
       28450.0       374400.
       28550.0       368700.
       28650.0       358800.
       28750.0       341300.
       28850.0       352400.
       28950.0       349600.
       29050.0       345300.
       29150.0       340700.
       29250.0       336200.
       29350.0       331800.
       29450.0       327400.
       29550.0       323200.
       29650.0       318900.
       29750.0       314800.
       29850.0       310700.
       29950.0       306700.
       30050.0       302800.
       30150.0       298900.
       30250.0       293800.
       30350.0       278900.
       30450.0       279800.
       30550.0       283000.
       30650.0       280400.
       30750.0       276900.
       30850.0       273300.
       30950.0       270000.
       31050.0       266600.
       31150.0       263300.
       31250.0       260000.
       31350.0       256800.
       31450.0       253700.
       31550.0       250600.
       31650.0       247500.
       31750.0       244500.
       31850.0       241500.
       31950.0       238600.
       32100.0       234300.
       32300.0       228700.
       32500.0       223200.
       32700.0       217800.
       32900.0       205400.
       33100.0       205800.
       33300.0       202700.
       33500.0       198100.
       33700.0       193600.
       33900.0       189200.
       34100.0       185000.
       34300.0       180800.
       34500.0       176800.
       34700.0       172800.
       34900.0       169000.
       35100.0       165300.
       35300.0       161700.
       35500.0       158200.
       35700.0       154700.
       35900.0       151400.
       36100.0       148100.
       36300.0       145000.
       36500.0       141800.
       36700.0       139000.
       36900.0       135800.
       37100.0       133100.
       37300.0       128300.
       37500.0       124500.
       37700.0       125100.
       37900.0       122700.
       38100.0       119700.
       38300.0       117400.
       38500.0       115400.
       38700.0       113100.
       38900.0       110700.
       39100.0       107600.
       39300.0       106500.
       39500.0       104600.
       39700.0       102600.
       39900.0       100500.
       40100.0       97700.0
       40300.0       95440.0
       40500.0       91890.0
       40700.0       92830.0
       40900.0       91310.0
       41100.0       89590.0
       41300.0       87890.0
       41500.0       86020.0
       41700.0       82550.0
       41900.0       82780.0
       42100.0       81530.0
       42300.0       80030.0
       42500.0       78560.0
       42700.0       77130.0
       42900.0       75720.0
       43100.0       74360.0
       43300.0       73020.0
       43500.0       71610.0
       43700.0       68610.0
       43900.0       68530.0
       44100.0       67950.0
       44300.0       66760.0
       44500.0       65590.0
       44700.0       64490.0
       44900.0       63320.0
       45100.0       62220.0
       45300.0       61150.0
       45500.0       60100.0
       45700.0       59070.0
       45900.0       58060.0
       46100.0       57050.0
       46300.0       55970.0
       46500.0       53120.0
       46700.0       52360.0
       46900.0       53030.0
       47100.0       52420.0
       47300.0       51590.0
       47500.0       50750.0
       47700.0       50010.0
       47900.0       49210.0
       48100.0       48410.0
       48300.0       47630.0
       48500.0       46860.0
       48700.0       46100.0
       48900.0       45370.0
       49100.0       44640.0
       49300.0       43930.0
       49500.0       43240.0
       49700.0       42540.0
       49900.0       41890.0
       50100.0       41230.0
       50300.0       40540.0
       50500.0       39970.0
       50700.0       39310.0
       50900.0       38620.0
       51100.0       37880.0
       51300.0       36150.0
       51500.0       36790.0
       51700.0       36310.0
       51900.0       35850.0
       52100.0       35340.0
       52300.0       34810.0
       52500.0       34230.0
       52700.0       33680.0
       52900.0       33280.0
       53100.0       32790.0
       53300.0       32310.0
       53500.0       31830.0
       53700.0       31260.0
       53900.0       30810.0
       54100.0       30470.0
       54300.0       30030.0
       54500.0       29590.0
       54700.0       29170.0
       54900.0       28750.0
       55100.0       28260.0
       55300.0       27760.0
       55500.0       27520.0
       55700.0       27160.0
       55900.0       26770.0
       56100.0       26400.0
       56300.0       26030.0
       56500.0       25670.0
       56700.0       25310.0
       56900.0       24910.0
       57100.0       24360.0
       57300.0       24210.0
       57500.0       23950.0
       57700.0       23630.0
       57900.0       23310.0
       58100.0       22990.0
       58300.0       22680.0
       58500.0       22380.0
       58700.0       22040.0
       58900.0       21630.0
       59100.0       20630.0
       59300.0       21080.0
       59500.0       20610.0
       59700.0       20490.0
       59900.0       20350.0
       60100.0       20130.0
       60300.0       19870.0
       60500.0       19620.0
       60700.0       19360.0
       60900.0       19110.0
       61100.0       18860.0
       61300.0       18620.0
       61500.0       18380.0
       61700.0       18150.0
       61900.0       17920.0
       62100.0       17690.0
       62300.0       17470.0
       62500.0       17220.0
       62700.0       16940.0
       62900.0       16380.0
       63100.0       16490.0
       63300.0       16370.0
       63500.0       16200.0
       63700.0       16000.0
       63900.0       15800.0
       64200.0       15510.0
       64600.0       15130.0
       65000.0       14770.0
       65400.0       14410.0
       65800.0       14070.0
       66200.0       13740.0
       66600.0       13410.0
       67000.0       13100.0
       67400.0       12740.0
       67800.0       12250.0
       68200.0       12190.0
       68600.0       11930.0
       69000.0       11660.0
       69400.0       11390.0
       69800.0       11140.0
       70200.0       10890.0
       70600.0       10650.0
       71000.0       10410.0
       71400.0       10180.0
       71800.0       9957.00
       72200.0       9740.00
       72600.0       9515.00
       73000.0       9322.00
       73400.0       9124.00
       73800.0       8930.00
       74200.0       8717.00
       74600.0       8319.00
       75000.0       8051.00
       75400.0       8152.00
       75800.0       8025.00
       76200.0       7865.00
       76600.0       7704.00
       77000.0       7547.00
       77400.0       7388.00
       77800.0       7205.00
       78200.0       7092.00
       78600.0       6955.00
       79000.0       6817.00
       79400.0       6681.00
       79800.0       6549.00
       80200.0       6420.00
       80600.0       6295.00
       81000.0       6173.00
       81400.0       6012.00
       81800.0       5916.00
       82200.0       5822.00
       82600.0       5712.00
       83000.0       5603.00
       83400.0       5497.00
       83800.0       5394.00
       84200.0       5292.00
       84600.0       5194.00
       85000.0       5097.00
       85400.0       5003.00
       85800.0       4911.00
       86200.0       4815.00
       86600.0       4671.00
       87000.0       4631.00
       87400.0       4490.00
       87800.0       4409.00
       88200.0       4400.00
       88600.0       4322.00
       89000.0       4246.00
       89400.0       4171.00
       89800.0       4097.00
       90200.0       4026.00
       90600.0       3955.00
       91000.0       3887.00
       91400.0       3819.00
       91800.0       3754.00
       92200.0       3689.00
       92600.0       3626.00
       93000.0       3565.00
       93400.0       3499.00
       93800.0       3384.00
       94200.0       3366.00
       94600.0       3330.00
       95000.0       3273.00
       95400.0       3219.00
       95800.0       3168.00
       96200.0       3116.00
       96600.0       3065.00
       97000.0       3015.00
       97400.0       2966.00
       97800.0       2918.00
       98200.0       2869.00
       98600.0       2820.00
       99000.0       2779.00
       99400.0       2735.00
       99800.0       2692.00
       100200.       2649.00
       200000.       166.900
       400000.       10.2600
       600000.       1.99600
       800000.      0.624200
   1.00000e+06      0.253300
   1.20000e+06      0.121200
   1.40000e+06     0.0649700
   1.60000e+06     0.0378700
