       90.9000       0.00000
       93.5000       0.00000
       96.1000       0.00000
       97.7000       0.00000
       99.6000       0.00000
       102.000       0.00000
       103.800       0.00000
       105.600       0.00000
       107.700       0.00000
       110.400       0.00000
       114.000       0.00000
       117.800       0.00000
       121.300       0.00000
       124.800       0.00000
       127.100       0.00000
       128.400       0.00000
       130.500       0.00000
       132.400       0.00000
       133.900       0.00000
       136.600       0.00000
       139.800       0.00000
       143.300       0.00000
       147.200       0.00000
       151.000       0.00000
       155.200       0.00000
       158.800       0.00000
       162.000       0.00000
       166.000       0.00000
       170.300       0.00000
       173.400       0.00000
       176.800       0.00000
       180.200       0.00000
       181.700       0.00000
       186.100       0.00000
       191.000       0.00000
       193.900       0.00000
       198.400       0.00000
       201.800       0.00000
       205.000       0.00000
       210.500       0.00000
       216.200       0.00000
       219.800       0.00000
       223.000       0.00000
       226.800       0.00000
       230.000       0.00000
       234.000       0.00000
       240.000       0.00000
       246.500       0.00000
       252.400       0.00000
       256.800       0.00000
       260.000       0.00000
       264.000       0.00000
       268.500       0.00000
       273.500       0.00000
       278.500       0.00000
       284.000       0.00000
       290.000       0.00000
       296.000       0.00000
       301.000       0.00000
       308.000       0.00000
       318.000       0.00000
       328.000       0.00000
       338.000       0.00000
       348.000       0.00000
       357.000       0.00000
       366.000       0.00000
       375.000       0.00000
       385.000       0.00000
       395.000       0.00000
       405.000       0.00000
       414.000       0.00000
       422.000       0.00000
       430.000       0.00000
       441.000       0.00000
       451.000       0.00000
       460.000       0.00000
       470.000       0.00000
       480.000       0.00000
       490.000       0.00000
       500.000       0.00000
       506.000       0.00000
       512.000       0.00000
       520.000       0.00000
       530.000       0.00000
       540.000       0.00000
       550.000       0.00000
       560.000       0.00000
       570.000       0.00000
       580.000       0.00000
       590.000       0.00000
       600.000       0.00000
       610.000       0.00000
       620.000       0.00000
       630.000   3.65300e-25
       640.000   1.14200e-24
       650.000   3.44100e-24
       658.000   8.10600e-24
       665.000   1.68400e-23
       675.000   4.65800e-23
       685.000   1.24900e-22
       695.000   3.24600e-22
       705.000   8.18400e-22
       716.000   2.20100e-21
       726.000   5.25300e-21
       735.000   1.12500e-20
       745.000   2.56100e-20
       755.000   5.70000e-20
       765.000   1.24100e-19
       775.000   2.64100e-19
       785.000   5.51100e-19
       795.000   1.12100e-18
       805.000   2.25700e-18
       815.000   4.45200e-18
       825.000   8.61700e-18
       835.000   1.64000e-17
       845.000   3.06900e-17
       855.000   5.65000e-17
       865.000   1.02400e-16
       875.000   1.82700e-16
       885.000   3.21900e-16
       895.000   5.59200e-16
       905.000   9.56900e-16
       915.000   1.91900e-11
       925.000   8.35800e-11
       935.000   1.24600e-10
       945.000   1.55700e-10
       955.000   2.33500e-10
       965.000   4.16000e-10
       975.000   4.21700e-10
       985.000   8.00000e-10
       995.000   1.20700e-09
       1005.00   1.50000e-09
       1015.00   2.03000e-09
       1025.00   2.59700e-09
       1035.00   5.34900e-09
       1045.00   7.23200e-09
       1055.00   8.37900e-09
       1065.00   1.69600e-08
       1075.00   2.15600e-08
       1085.00   3.52800e-08
       1095.00   4.27200e-08
       1105.00   5.68000e-08
       1115.00   7.19900e-08
       1125.00   1.32500e-07
       1135.00   2.05900e-07
       1145.00   2.99700e-07
       1155.00   4.00800e-07
       1165.00   4.98300e-07
       1175.00   7.13300e-07
       1185.00   8.93200e-07
       1195.00   1.01300e-06
       1205.00   9.10600e-07
       1215.00   3.84300e-07
       1225.00   1.40000e-06
       1235.00   3.15300e-06
       1245.00   4.52000e-06
       1255.00   5.77500e-06
       1265.00   7.44700e-06
       1275.00   9.40300e-06
       1285.00   1.04800e-05
       1295.00   1.30700e-05
       1305.00   1.61900e-05
       1315.00   2.06200e-05
       1325.00   2.37700e-05
       1335.00   2.75400e-05
       1345.00   3.55700e-05
       1355.00   4.59000e-05
       1365.00   5.34200e-05
       1375.00   6.32000e-05
       1385.00   7.59100e-05
       1395.00   9.16200e-05
       1405.00   0.000119600
       1415.00   0.000150500
       1425.00   0.000176400
       1435.00   0.000228700
       1442.00   0.000294500
       1447.00   0.000281500
       1455.00   0.000332700
       1465.00   0.000445200
       1475.00   0.000472100
       1485.00   0.000586900
       1495.00   0.000800300
       1505.00    0.00103500
       1512.00   0.000861700
       1517.00    0.00117000
       1525.00    0.00170800
       1535.00    0.00675800
       1545.00    0.00652100
       1555.00     0.0113600
       1565.00     0.0102800
       1575.00     0.0244800
       1585.00     0.0243500
       1595.00     0.0238500
       1605.00     0.0235200
       1615.00     0.0232500
       1625.00     0.0224000
       1635.00     0.0312900
       1645.00     0.0434500
       1655.00     0.0320500
       1665.00     0.0563400
       1672.00     0.0416800
       1677.00     0.0734200
       1685.00      0.109100
       1695.00      0.156200
       1705.00      0.173900
       1715.00      0.182600
       1725.00      0.261100
       1735.00      0.298300
       1745.00      0.433100
       1755.00      0.427600
       1765.00      0.544600
       1775.00      0.463900
       1785.00      0.984100
       1795.00      0.751100
       1805.00       1.41300
       1815.00      0.921100
       1825.00       1.56200
       1835.00       1.36100
       1845.00       1.83800
       1855.00       1.38900
       1865.00       2.55500
       1875.00       2.31500
       1885.00       2.95700
       1895.00       3.71900
       1905.00       3.72100
       1915.00       5.38900
       1925.00       4.31500
       1935.00       2.79800
       1945.00       6.09100
       1955.00       8.72300
       1967.00       9.31400
       1976.00       10.6000
       1984.00       13.4600
       1995.00       11.7500
       2005.00       13.5600
       2015.00       15.2000
       2025.00       13.2300
       2035.00       17.1600
       2045.00       17.7800
       2055.00       21.1500
       2065.00       19.5200
       2074.00       17.0500
       2078.00       24.2000
       2085.00       29.6700
       2095.00       45.6500
       2105.00       52.4300
       2115.00       51.2400
       2125.00       56.3300
       2135.00       74.2800
       2145.00       56.2900
       2155.00       68.8500
       2165.00       65.6300
       2175.00       70.8700
       2185.00       64.2900
       2195.00       112.400
       2205.00       90.2100
       2215.00       107.500
       2225.00       96.8500
       2235.00       166.200
       2245.00       185.600
       2255.00       218.500
       2265.00       113.900
       2275.00       216.400
       2285.00       217.300
       2295.00       329.400
       2305.00       132.400
       2315.00       417.000
       2325.00       321.100
       2335.00       504.400
       2345.00       308.300
       2355.00       265.200
       2365.00       354.700
       2375.00       342.500
       2385.00       557.100
       2395.00       528.400
       2405.00       894.600
       2415.00       563.400
       2425.00       719.600
       2435.00       1015.00
       2445.00       1367.00
       2455.00       1531.00
       2465.00       981.900
       2475.00       1545.00
       2485.00       575.800
       2495.00       694.500
       2505.00       1378.00
       2513.00       962.200
       2518.00       906.300
       2525.00       1058.00
       2535.00       2332.00
       2545.00       2787.00
       2555.00       3505.00
       2565.00       2171.00
       2575.00       3233.00
       2585.00       2705.00
       2595.00       3097.00
       2605.00       4089.00
       2615.00       3727.00
       2625.00       5452.00
       2635.00       9051.00
       2645.00       7638.00
       2655.00       13270.0
       2665.00       9092.00
       2675.00       7820.00
       2685.00       11200.0
       2695.00       6728.00
       2705.00       11210.0
       2715.00       9011.00
       2725.00       7461.00
       2735.00       8399.00
       2745.00       10240.0
       2755.00       10440.0
       2765.00       13900.0
       2775.00       16700.0
       2785.00       11760.0
       2795.00       10300.0
       2805.00       11370.0
       2815.00       14720.0
       2825.00       14820.0
       2835.00       12890.0
       2845.00       9281.00
       2855.00       4483.00
       2865.00       12790.0
       2875.00       15760.0
       2885.00       20690.0
       2895.00       25280.0
       2910.00       34760.0
       2930.00       39030.0
       2950.00       35290.0
       2970.00       35410.0
       2990.00       37270.0
       3010.00       35800.0
       3030.00       48600.0
       3050.00       52840.0
       3070.00       78540.0
       3090.00       65180.0
       3110.00       124100.
       3130.00       109500.
       3150.00       155100.
       3170.00       202500.
       3190.00       156200.
       3210.00       165500.
       3230.00       144200.
       3250.00       254600.
       3270.00       357900.
       3290.00       394900.
       3310.00       298700.
       3330.00       307000.
       3350.00       267200.
       3370.00       149300.
       3390.00       188200.
       3410.00       207300.
       3430.00       247500.
       3450.00       227000.
       3470.00       228000.
       3490.00       326000.
       3510.00       412300.
       3530.00       374500.
       3550.00       507300.
       3570.00       221700.
       3590.00       224200.
       3610.00       337700.
       3630.00       408600.
       3640.00       445800.
       3650.00       563100.
       3670.00       678500.
       3690.00       524000.
       3710.00       441100.
       3730.00       187100.
       3750.00       233400.
       3770.00       499200.
       3790.00       537200.
       3810.00       449900.
       3830.00       200900.
       3850.00       306600.
       3870.00       297900.
       3890.00       383000.
       3910.00       555600.
       3930.00       210300.
       3950.00       432400.
       3970.00       297800.
       3990.00       897700.
       4010.00   1.11700e+06
       4030.00       925600.
       4050.00       921200.
       4070.00       825300.
       4090.00   1.21900e+06
       4110.00       935400.
       4130.00       970100.
       4150.00       889000.
       4170.00       917000.
       4190.00       922500.
       4210.00       886000.
       4230.00       657000.
       4250.00       951700.
       4270.00       869900.
       4290.00       823500.
       4310.00       827900.
       4330.00   1.25300e+06
       4350.00   1.31300e+06
       4370.00   1.41100e+06
       4390.00   1.16500e+06
       4410.00   1.25800e+06
       4430.00   1.38000e+06
       4450.00   1.42200e+06
       4470.00   1.60300e+06
       4490.00   1.66700e+06
       4510.00   1.98000e+06
       4530.00   1.61100e+06
       4550.00   1.79300e+06
       4570.00   1.94100e+06
       4590.00   1.85100e+06
       4610.00   1.91800e+06
       4630.00   1.91600e+06
       4650.00   1.86500e+06
       4670.00   2.02300e+06
       4690.00   1.96200e+06
       4710.00   1.83700e+06
       4730.00   1.87000e+06
       4750.00   1.86000e+06
       4770.00   1.73300e+06
       4790.00   1.80900e+06
       4810.00   1.99000e+06
       4830.00   2.00200e+06
       4850.00   2.00900e+06
       4870.00   1.85000e+06
       4890.00   1.94700e+06
       4910.00   1.96100e+06
       4930.00   1.82200e+06
       4950.00   1.86900e+06
       4970.00   1.82400e+06
       4990.00   1.61500e+06
       5010.00   1.42900e+06
       5030.00   1.56000e+06
       5050.00   1.45800e+06
       5070.00   1.44200e+06
       5090.00   1.36000e+06
       5110.00   1.38900e+06
       5130.00   1.32300e+06
       5150.00   1.23600e+06
       5170.00   1.05700e+06
       5190.00   1.16200e+06
       5210.00   1.40800e+06
       5230.00   1.94000e+06
       5250.00   2.10300e+06
       5270.00   1.72200e+06
       5290.00   2.12400e+06
       5310.00   2.31700e+06
       5330.00   1.96400e+06
       5350.00   2.16300e+06
       5370.00   2.15500e+06
       5390.00   2.09000e+06
       5410.00   2.04400e+06
       5430.00   2.06600e+06
       5450.00   2.13000e+06
       5470.00   2.17000e+06
       5490.00   2.18200e+06
       5510.00   2.12000e+06
       5530.00   2.25000e+06
       5550.00   2.30600e+06
       5570.00   2.21000e+06
       5590.00   2.06900e+06
       5610.00   2.23800e+06
       5630.00   2.30300e+06
       5650.00   2.34400e+06
       5670.00   2.27900e+06
       5690.00   2.31600e+06
       5710.00   2.21900e+06
       5730.00   2.41800e+06
       5750.00   2.37900e+06
       5770.00   2.40400e+06
       5790.00   2.27700e+06
       5810.00   2.39300e+06
       5830.00   2.46200e+06
       5850.00   2.36100e+06
       5870.00   2.35100e+06
       5890.00   1.51600e+06
       5910.00   2.26100e+06
       5930.00   2.35800e+06
       5950.00   2.36800e+06
       5970.00   2.40700e+06
       5990.00   2.38100e+06
       6010.00   2.34400e+06
       6030.00   2.39000e+06
       6050.00   2.43300e+06
       6070.00   2.40800e+06
       6090.00   2.33600e+06
       6110.00   2.33100e+06
       6130.00   2.16600e+06
       6150.00   2.29600e+06
       6170.00   2.05600e+06
       6190.00   2.33100e+06
       6210.00   2.31400e+06
       6230.00   2.24900e+06
       6250.00   2.17600e+06
       6270.00   2.26600e+06
       6290.00   2.31500e+06
       6310.00   2.24500e+06
       6330.00   2.27300e+06
       6350.00   2.29300e+06
       6370.00   2.28400e+06
       6390.00   2.32500e+06
       6410.00   2.26700e+06
       6430.00   2.27000e+06
       6450.00   2.20800e+06
       6470.00   2.20700e+06
       6490.00   2.18800e+06
       6510.00   2.28400e+06
       6530.00   2.32300e+06
       6550.00   2.27900e+06
       6570.00   2.23600e+06
       6590.00   2.28500e+06
       6610.00   2.30200e+06
       6630.00   2.29400e+06
       6650.00   2.28800e+06
       6670.00   2.25200e+06
       6690.00   2.28500e+06
       6710.00   2.21900e+06
       6730.00   2.28400e+06
       6750.00   2.24300e+06
       6770.00   2.26300e+06
       6790.00   2.24200e+06
       6810.00   2.24200e+06
       6830.00   2.27100e+06
       6850.00   2.22000e+06
       6870.00   2.23400e+06
       6890.00   2.24200e+06
       6910.00   2.23700e+06
       6930.00   2.22000e+06
       6950.00   2.21400e+06
       6970.00   2.23200e+06
       6990.00   2.19700e+06
       7010.00   2.17600e+06
       7030.00   2.20200e+06
       7050.00   2.20900e+06
       7070.00   2.16600e+06
       7090.00   2.15300e+06
       7110.00   2.16600e+06
       7130.00   2.12200e+06
       7150.00   2.06900e+06
       7170.00   2.13200e+06
       7190.00   2.07300e+06
       7210.00   2.08700e+06
       7230.00   2.14500e+06
       7250.00   2.12800e+06
       7270.00   2.14000e+06
       7290.00   2.10600e+06
       7310.00   2.12300e+06
       7330.00   2.09100e+06
       7350.00   2.09700e+06
       7370.00   2.12300e+06
       7390.00   2.08900e+06
       7410.00   2.06900e+06
       7430.00   2.09500e+06
       7450.00   2.08200e+06
       7470.00   2.09700e+06
       7490.00   2.08300e+06
       7510.00   2.09200e+06
       7530.00   2.10300e+06
       7550.00   2.10500e+06
       7570.00   2.08800e+06
       7590.00   2.07600e+06
       7610.00   2.06800e+06
       7630.00   2.08000e+06
       7650.00   2.07300e+06
       7670.00   1.97900e+06
       7690.00   2.05800e+06
       7710.00   2.01400e+06
       7730.00   2.04000e+06
       7750.00   2.01400e+06
       7770.00   2.05800e+06
       7790.00   2.04600e+06
       7810.00   2.04000e+06
       7830.00   2.00900e+06
       7850.00   2.01400e+06
       7870.00   2.03500e+06
       7890.00   2.01400e+06
       7910.00   1.98400e+06
       7930.00   1.96000e+06
       7950.00   1.93900e+06
       7970.00   1.99300e+06
       7990.00   1.97800e+06
       8010.00   1.96500e+06
       8030.00   1.96600e+06
       8050.00   1.94700e+06
       8070.00   1.94900e+06
       8090.00   1.92400e+06
       8110.00   1.93200e+06
       8130.00   1.94900e+06
       8150.00   1.94200e+06
       8170.00   1.93500e+06
       8190.00   1.82000e+06
       8210.00   1.88200e+06
       8230.00   1.89200e+06
       8250.00   1.90300e+06
       8270.00   1.92200e+06
       8290.00   1.90900e+06
       8310.00   1.86700e+06
       8330.00   1.83400e+06
       8350.00   1.86000e+06
       8370.00   1.86600e+06
       8390.00   1.76900e+06
       8410.00   1.86000e+06
       8430.00   1.79700e+06
       8450.00   1.84800e+06
       8470.00   1.82900e+06
       8490.00   1.81800e+06
       8510.00   1.73500e+06
       8530.00   1.79100e+06
       8550.00   1.54600e+06
       8570.00   1.83700e+06
       8590.00   1.81700e+06
       8610.00   1.81000e+06
       8630.00   1.81800e+06
       8650.00   1.80200e+06
       8670.00   1.54800e+06
       8690.00   1.71500e+06
       8710.00   1.79100e+06
       8730.00   1.78400e+06
       8750.00   1.78400e+06
       8770.00   1.77900e+06
       8790.00   1.78100e+06
       8810.00   1.70700e+06
       8830.00   1.73700e+06
       8850.00   1.76700e+06
       8870.00   1.74300e+06
       8890.00   1.77100e+06
       8910.00   1.77100e+06
       8930.00   1.74000e+06
       8950.00   1.73000e+06
       8970.00   1.73400e+06
       8990.00   1.74000e+06
       9010.00   1.66600e+06
       9030.00   1.71600e+06
       9050.00   1.74300e+06
       9070.00   1.73200e+06
       9090.00   1.67900e+06
       9110.00   1.68300e+06
       9130.00   1.70900e+06
       9150.00   1.68100e+06
       9170.00   1.66600e+06
       9190.00   1.67300e+06
       9210.00   1.64100e+06
       9230.00   1.65200e+06
       9250.00   1.62700e+06
       9270.00   1.64300e+06
       9290.00   1.63000e+06
       9310.00   1.65200e+06
       9330.00   1.64700e+06
       9350.00   1.63600e+06
       9370.00   1.62000e+06
       9390.00   1.62500e+06
       9410.00   1.58100e+06
       9430.00   1.60900e+06
       9450.00   1.57800e+06
       9470.00   1.60900e+06
       9490.00   1.61000e+06
       9510.00   1.60600e+06
       9530.00   1.59300e+06
       9550.00   1.57400e+06
       9570.00   1.57800e+06
       9590.00   1.59600e+06
       9610.00   1.57300e+06
       9630.00   1.57600e+06
       9650.00   1.52900e+06
       9670.00   1.53300e+06
       9690.00   1.56100e+06
       9710.00   1.54500e+06
       9730.00   1.53200e+06
       9750.00   1.53200e+06
       9770.00   1.53900e+06
       9790.00   1.50400e+06
       9810.00   1.54800e+06
       9830.00   1.53100e+06
       9850.00   1.54500e+06
       9870.00   1.53500e+06
       9890.00   1.53300e+06
       9910.00   1.52600e+06
       9930.00   1.52900e+06
       9950.00   1.52400e+06
       9970.00   1.52300e+06
       9990.00   1.51800e+06
       10025.0   1.50800e+06
       10075.0   1.49400e+06
       10125.0   1.49000e+06
       10175.0   1.47200e+06
       10225.0   1.46400e+06
       10275.0   1.46400e+06
       10325.0   1.43800e+06
       10375.0   1.43000e+06
       10425.0   1.43300e+06
       10475.0   1.41500e+06
       10525.0   1.41400e+06
       10575.0   1.39500e+06
       10625.0   1.38800e+06
       10675.0   1.36700e+06
       10725.0   1.36500e+06
       10775.0   1.35000e+06
       10825.0   1.31700e+06
       10875.0   1.32400e+06
       10925.0   1.32200e+06
       10975.0   1.27800e+06
       11025.0   1.27600e+06
       11075.0   1.28000e+06
       11125.0   1.26900e+06
       11175.0   1.26500e+06
       11225.0   1.26300e+06
       11275.0   1.23700e+06
       11325.0   1.24500e+06
       11375.0   1.22300e+06
       11425.0   1.21200e+06
       11475.0   1.23000e+06
       11525.0   1.22800e+06
       11575.0   1.21200e+06
       11625.0   1.18900e+06
       11675.0   1.19400e+06
       11725.0   1.20400e+06
       11775.0   1.17800e+06
       11825.0   1.15900e+06
       11875.0   1.15400e+06
       11925.0   1.17700e+06
       11975.0   1.12100e+06
       12025.0   1.14700e+06
       12075.0   1.13000e+06
       12125.0   1.14200e+06
       12175.0   1.14400e+06
       12225.0   1.13700e+06
       12275.0   1.12600e+06
       12325.0   1.12100e+06
       12375.0   1.11600e+06
       12425.0   1.10300e+06
       12475.0   1.10600e+06
       12525.0   1.09400e+06
       12575.0   1.09300e+06
       12625.0   1.08500e+06
       12675.0   1.07300e+06
       12725.0   1.07500e+06
       12775.0   1.07300e+06
       12825.0   1.03900e+06
       12875.0   1.05300e+06
       12925.0   1.03800e+06
       12975.0   1.04800e+06
       13025.0   1.03700e+06
       13075.0   1.03900e+06
       13125.0   1.00700e+06
       13175.0   1.01000e+06
       13225.0   1.02100e+06
       13275.0   1.00400e+06
       13325.0   1.00400e+06
       13375.0   1.00200e+06
       13425.0   1.00400e+06
       13475.0       998200.
       13525.0       994500.
       13575.0       979300.
       13625.0       973900.
       13675.0       977600.
       13725.0       978900.
       13775.0       970900.
       13825.0       970000.
       13875.0       959000.
       13925.0       951000.
       13975.0       951200.
       14025.0       939500.
       14075.0       942000.
       14125.0       924200.
       14175.0       929900.
       14225.0       913400.
       14275.0       886400.
       14325.0       914800.
       14375.0       916900.
       14425.0       892800.
       14475.0       911700.
       14525.0       893400.
       14570.0       892100.
       14620.0       887700.
       14675.0       884200.
       14725.0       872200.
       14775.0       874300.
       14825.0       876000.
       14875.0       841200.
       14925.0       882600.
       14975.0       873100.
       15025.0       807200.
       15075.0       836700.
       15125.0       863100.
       15175.0       864700.
       15225.0       855700.
       15275.0       857400.
       15325.0       857100.
       15375.0       854300.
       15425.0       852500.
       15475.0       857400.
       15525.0       840500.
       15575.0       839100.
       15625.0       847500.
       15675.0       828600.
       15725.0       825800.
       15775.0       777200.
       15825.0       816700.
       15875.0       790600.
       15925.0       809800.
       15975.0       811100.
       16050.0       808400.
       16150.0       793400.
       16250.0       789900.
       16350.0       781500.
       16450.0       767400.
       16550.0       764600.
       16650.0       746900.
       16750.0       721000.
       16850.0       713600.
       16950.0       711900.
       17050.0       687300.
       17150.0       667400.
       17250.0       658500.
       17350.0       642300.
       17450.0       634400.
       17550.0       625700.
       17650.0       614800.
       17750.0       599900.
       17850.0       592800.
       17950.0       582500.
       18050.0       565800.
       18150.0       556800.
       18250.0       543500.
       18350.0       533500.
       18450.0       514400.
       18550.0       514100.
       18650.0       500300.
       18750.0       485600.
       18850.0       484800.
       18950.0       462800.
       19050.0       468800.
       19150.0       458700.
       19250.0       451900.
       19350.0       436300.
       19450.0       424400.
       19550.0       425900.
       19650.0       418600.
       19750.0       401400.
       19850.0       399200.
       19950.0       394100.
       20050.0       394000.
       20150.0       388600.
       20250.0       376700.
       20350.0       369800.
       20450.0       368400.
       20550.0       359800.
       20650.0       350200.
       20750.0       347800.
       20850.0       341200.
       20950.0       331700.
       21050.0       330700.
       21150.0       323900.
       21250.0       319500.
       21350.0       315400.
       21450.0       310400.
       21550.0       305500.
       21650.0       297900.
       21750.0       292600.
       21850.0       288800.
       21950.0       285900.
       22050.0       275000.
       22150.0       277900.
       22250.0       269800.
       22350.0       266500.
       22450.0       262900.
       22550.0       259600.
       22650.0       252500.
       22750.0       252000.
       22850.0       244600.
       22950.0       226900.
       23050.0       232400.
       23150.0       230000.
       23250.0       211100.
       23350.0       215600.
       23450.0       217700.
       23550.0       199100.
       23650.0       207100.
       23750.0       204600.
       23850.0       189300.
       23950.0       195900.
       24050.0       195700.
       24150.0       182800.
       24250.0       186000.
       24350.0       186000.
       24450.0       177800.
       24550.0       174000.
       24650.0       177800.
       24750.0       171900.
       24850.0       165100.
       24950.0       169100.
       25050.0       167700.
       25150.0       160900.
       25250.0       160200.
       25350.0       159800.
       25450.0       156200.
       25550.0       155000.
       25650.0       153400.
       25750.0       153400.
       25850.0       147500.
       25950.0       148200.
       26050.0       147200.
       26150.0       145800.
       26250.0       141600.
       26350.0       141000.
       26450.0       139000.
       26550.0       135800.
       26650.0       134000.
       26750.0       135000.
       26850.0       133400.
       26950.0       130800.
       27050.0       129700.
       27150.0       127900.
       27250.0       126400.
       27350.0       124700.
       27450.0       123600.
       27550.0       121800.
       27650.0       120000.
       27750.0       118600.
       27850.0       117000.
       27950.0       115200.
       28050.0       112500.
       28150.0       112100.
       28250.0       111100.
       28350.0       110000.
       28450.0       108600.
       28550.0       106700.
       28650.0       105800.
       28750.0       104500.
       28850.0       103100.
       28950.0       102100.
       29050.0       100100.
       29150.0       99840.0
       29250.0       96060.0
       29350.0       96560.0
       29450.0       94430.0
       29550.0       94510.0
       29650.0       92160.0
       29750.0       92220.0
       29850.0       90630.0
       29950.0       89880.0
       30050.0       87720.0
       30150.0       88040.0
       30250.0       86270.0
       30350.0       85670.0
       30450.0       83380.0
       30550.0       83680.0
       30650.0       82380.0
       30750.0       81520.0
       30850.0       79880.0
       30950.0       78990.0
       31050.0       78870.0
       31150.0       76580.0
       31250.0       77000.0
       31350.0       74880.0
       31450.0       74960.0
       31550.0       73810.0
       31650.0       73360.0
       31750.0       72140.0
       31850.0       71330.0
       31950.0       70610.0
       32100.0       69790.0
       32300.0       67470.0
       32500.0       66560.0
       32700.0       64950.0
       32900.0       63020.0
       33100.0       62020.0
       33300.0       60200.0
       33500.0       59310.0
       33700.0       58210.0
       33900.0       56190.0
       34100.0       55390.0
       34300.0       54650.0
       34500.0       52860.0
       34700.0       52190.0
       34900.0       51210.0
       35100.0       49800.0
       35300.0       48710.0
       35500.0       48020.0
       35700.0       46640.0
       35900.0       45710.0
       36100.0       45180.0
       36300.0       43950.0
       36500.0       42970.0
       36700.0       42090.0
       36900.0       41110.0
       37100.0       40150.0
       37300.0       39580.0
       37500.0       38750.0
       37700.0       37920.0
       37900.0       37410.0
       38100.0       36530.0
       38300.0       35950.0
       38500.0       35230.0
       38700.0       34500.0
       38900.0       33760.0
       39100.0       33260.0
       39300.0       32580.0
       39500.0       31910.0
       39700.0       31390.0
       39900.0       30400.0
       40100.0       30130.0
       40300.0       29630.0
       40500.0       28880.0
       40700.0       28330.0
       40900.0       27990.0
       41100.0       27410.0
       41300.0       26970.0
       41500.0       26430.0
       41700.0       25890.0
       41900.0       25440.0
       42100.0       24730.0
       42300.0       24650.0
       42500.0       24090.0
       42700.0       23720.0
       42900.0       22560.0
       43100.0       21410.0
       43300.0       21420.0
       43500.0       20330.0
       43700.0       19700.0
       43900.0       19390.0
       44100.0       18440.0
       44300.0       18190.0
       44500.0       17880.0
       44700.0       17130.0
       44900.0       17110.0
       45100.0       16630.0
       45300.0       16130.0
       45500.0       16090.0
       45700.0       15960.0
       45900.0       15330.0
       46100.0       15380.0
       46300.0       15100.0
       46500.0       14990.0
       46700.0       14880.0
       46900.0       14630.0
       47100.0       14370.0
       47300.0       14390.0
       47500.0       14050.0
       47700.0       13860.0
       47900.0       13720.0
       48100.0       13360.0
       48300.0       13440.0
       48500.0       13170.0
       48700.0       12870.0
       48900.0       12700.0
       49100.0       12580.0
       49300.0       12330.0
       49500.0       12140.0
       49700.0       12020.0
       49900.0       11870.0
       50100.0       11540.0
       50300.0       11550.0
       50500.0       11290.0
       50700.0       11190.0
       50900.0       11050.0
       51100.0       10820.0
       51300.0       10780.0
       51500.0       10580.0
       51700.0       10520.0
       51900.0       10310.0
       52100.0       10200.0
       52300.0       10030.0
       52500.0       9946.00
       52700.0       9887.00
       52900.0       9630.00
       53100.0       9543.00
       53300.0       9423.00
       53500.0       9327.00
       53700.0       9208.00
       53900.0       9118.00
       54100.0       8998.00
       54300.0       8796.00
       54500.0       8776.00
       54700.0       8648.00
       54900.0       8535.00
       55100.0       8436.00
       55300.0       8421.00
       55500.0       8196.00
       55700.0       8182.00
       55900.0       8040.00
       56100.0       7949.00
       56300.0       7822.00
       56500.0       7780.00
       56700.0       7682.00
       56900.0       7537.00
       57100.0       7507.00
       57300.0       7397.00
       57500.0       7324.00
       57700.0       7211.00
       57900.0       7153.00
       58100.0       7043.00
       58300.0       6957.00
       58500.0       6889.00
       58700.0       6784.00
       58900.0       6702.00
       59100.0       6636.00
       59300.0       6558.00
       59500.0       6466.00
       59700.0       6406.00
       59900.0       6332.00
       60100.0       6255.00
       60300.0       6172.00
       60500.0       6083.00
       60700.0       6018.00
       60900.0       5941.00
       61100.0       5856.00
       61300.0       5811.00
       61500.0       5740.00
       61700.0       5676.00
       61900.0       5611.00
       62100.0       5546.00
       62300.0       5468.00
       62500.0       5394.00
       62700.0       5327.00
       62900.0       5283.00
       63100.0       5208.00
       63300.0       5165.00
       63500.0       5091.00
       63700.0       5041.00
       63900.0       4972.00
       64200.0       4887.00
       64600.0       4757.00
       65000.0       4641.00
       65400.0       4538.00
       65800.0       4426.00
       66200.0       4319.00
       66600.0       4227.00
       67000.0       4126.00
       67400.0       4033.00
       67800.0       3940.00
       68200.0       3847.00
       68600.0       3771.00
       69000.0       3684.00
       69400.0       3599.00
       69800.0       3529.00
       70200.0       3442.00
       70600.0       3372.00
       71000.0       3299.00
       71400.0       3230.00
       71800.0       3161.00
       72200.0       3090.00
       72600.0       3025.00
       73000.0       2965.00
       73400.0       2898.00
       73800.0       2841.00
       74200.0       2777.00
       74600.0       2720.00
       75000.0       2667.00
       75400.0       2611.00
       75800.0       2549.00
       76200.0       2493.00
       76600.0       2437.00
       77000.0       2384.00
       77400.0       2328.00
       77800.0       2280.00
       78200.0       2232.00
       78600.0       2183.00
       79000.0       2140.00
       79400.0       2097.00
       79800.0       2055.00
       80200.0       2016.00
       80600.0       1979.00
       81000.0       1942.00
       81400.0       1908.00
       81800.0       1874.00
       82200.0       1840.00
       82600.0       1808.00
       83000.0       1773.00
       83400.0       1740.00
       83800.0       1707.00
       84200.0       1677.00
       84600.0       1646.00
       85000.0       1615.00
       85400.0       1587.00
       85800.0       1558.00
       86200.0       1531.00
       86600.0       1502.00
       87000.0       1477.00
       87400.0       1451.00
       87800.0       1424.00
       88200.0       1398.00
       88600.0       1375.00
       89000.0       1352.00
       89400.0       1328.00
       89800.0       1304.00
       90200.0       1284.00
       90600.0       1263.00
       91000.0       1240.00
       91400.0       1218.00
       91800.0       1199.00
       92200.0       1179.00
       92600.0       1160.00
       93000.0       1142.00
       93400.0       1122.00
       93800.0       1103.00
       94200.0       1087.00
       94600.0       1067.00
       95000.0       1052.00
       95400.0       1036.00
       95800.0       1016.00
       96200.0       1002.00
       96600.0       983.500
       97000.0       970.100
       97400.0       953.800
       97800.0       937.400
       98200.0       924.900
       98600.0       910.300
       99000.0       893.600
       99400.0       880.200
       99800.0       868.300
       100200.       854.800
       200000.       55.8300
       400000.       3.54200
       600000.      0.702100
       800000.      0.222000
   1.00000e+06     0.0907400
   1.20000e+06     0.0436300
   1.40000e+06     0.0234700
   1.60000e+06     0.0137100
