       90.9000       0.00000
       93.5000       0.00000
       96.1000       0.00000
       97.7000       0.00000
       99.6000       0.00000
       102.000       0.00000
       103.800       0.00000
       105.600       0.00000
       107.700       0.00000
       110.400       0.00000
       114.000       0.00000
       117.800       0.00000
       121.300       0.00000
       124.800       0.00000
       127.100       0.00000
       128.400       0.00000
       130.500       0.00000
       132.400       0.00000
       133.900       0.00000
       136.600       0.00000
       139.800       0.00000
       143.300       0.00000
       147.200       0.00000
       151.000       0.00000
       155.200       0.00000
       158.800       0.00000
       162.000       0.00000
       166.000       0.00000
       170.300       0.00000
       173.400       0.00000
       176.800       0.00000
       180.200       0.00000
       181.700       0.00000
       186.100       0.00000
       191.000       0.00000
       193.900       0.00000
       198.400       0.00000
       201.800       0.00000
       205.000       0.00000
       210.500       0.00000
       216.200       0.00000
       219.800       0.00000
       223.000       0.00000
       226.800       0.00000
       230.000       0.00000
       234.000       0.00000
       240.000       0.00000
       246.500       0.00000
       252.400       0.00000
       256.800       0.00000
       260.000       0.00000
       264.000       0.00000
       268.500       0.00000
       273.500       0.00000
       278.500       0.00000
       284.000       0.00000
       290.000       0.00000
       296.000       0.00000
       301.000       0.00000
       308.000       0.00000
       318.000       0.00000
       328.000       0.00000
       338.000       0.00000
       348.000       0.00000
       357.000       0.00000
       366.000       0.00000
       375.000       0.00000
       385.000       0.00000
       395.000       0.00000
       405.000       0.00000
       414.000       0.00000
       422.000       0.00000
       430.000   1.63300e-24
       441.000   1.03800e-23
       451.000   5.13300e-23
       460.000   2.03200e-22
       470.000   8.78100e-22
       480.000   3.55500e-21
       490.000   1.35500e-20
       500.000   4.87800e-20
       506.000   1.36100e-19
       512.000   3.15200e-19
       520.000   8.02600e-19
       530.000   2.49100e-18
       540.000   7.27600e-18
       550.000   2.06400e-17
       560.000   5.59100e-17
       570.000   1.45900e-16
       580.000   3.63000e-16
       590.000   8.93300e-16
       600.000   2.10500e-15
       610.000   4.81300e-15
       620.000   1.06900e-14
       630.000   2.30800e-14
       640.000   4.85900e-14
       650.000   9.97800e-14
       658.000   1.74400e-13
       665.000   2.80500e-13
       675.000   5.44000e-13
       685.000   1.03300e-12
       695.000   1.92100e-12
       705.000   3.49200e-12
       716.000   6.64400e-12
       726.000   1.16700e-11
       735.000   1.90900e-11
       745.000   3.24700e-11
       755.000   5.44000e-11
       765.000   8.98700e-11
       775.000   1.46100e-10
       785.000   2.34700e-10
       795.000   3.68500e-10
       805.000   5.79000e-10
       815.000   8.97100e-10
       825.000   1.37000e-09
       835.000   2.06800e-09
       845.000   3.08700e-09
       855.000   4.56100e-09
       865.000   6.67000e-09
       875.000   9.63800e-09
       885.000   1.38500e-08
       895.000   1.96900e-08
       905.000   2.77300e-08
       915.000   3.10600e-05
       925.000   0.000106600
       935.000   0.000151700
       945.000   0.000214800
       955.000   0.000313800
       965.000   0.000438500
       975.000   0.000603800
       985.000   0.000829300
       995.000    0.00112800
       1005.00    0.00156400
       1015.00    0.00210300
       1025.00    0.00276000
       1035.00    0.00375000
       1045.00    0.00496200
       1055.00    0.00651900
       1065.00    0.00851600
       1075.00     0.0111000
       1085.00     0.0143900
       1095.00     0.0184900
       1105.00     0.0509300
       1115.00      0.164000
       1125.00      0.247000
       1135.00      0.368900
       1145.00      0.481000
       1155.00      0.550100
       1165.00      0.743700
       1175.00      0.931800
       1185.00       1.00900
       1195.00      0.699900
       1205.00      0.697400
       1215.00      0.259300
       1225.00      0.878100
       1235.00       1.95000
       1245.00       3.12300
       1255.00       4.26700
       1265.00       4.43100
       1275.00       5.60500
       1285.00       6.86100
       1295.00       8.24200
       1305.00       8.57200
       1315.00       10.7100
       1325.00       11.8300
       1335.00       13.3200
       1345.00       15.3400
       1355.00       17.3100
       1365.00       19.1500
       1375.00       20.9400
       1385.00       22.9600
       1395.00       25.7500
       1405.00       30.2600
       1415.00       33.4700
       1425.00       37.4200
       1435.00       42.4400
       1442.00       50.7900
       1447.00       48.3800
       1455.00       55.5000
       1465.00       64.0800
       1475.00       64.9700
       1485.00       74.8000
       1495.00       93.4200
       1505.00       109.300
       1512.00       97.1000
       1517.00       118.600
       1525.00       150.400
       1535.00       368.400
       1545.00       414.100
       1555.00       579.900
       1565.00       556.600
       1575.00       864.200
       1585.00       1020.00
       1595.00       1175.00
       1605.00       1269.00
       1615.00       1421.00
       1625.00       1566.00
       1635.00       1854.00
       1645.00       2463.00
       1655.00       1639.00
       1665.00       2791.00
       1672.00       2044.00
       1677.00       3087.00
       1685.00       4853.00
       1695.00       6795.00
       1705.00       8968.00
       1715.00       12690.0
       1725.00       15750.0
       1735.00       23910.0
       1745.00       29650.0
       1755.00       48360.0
       1765.00       29260.0
       1775.00       42070.0
       1785.00       58860.0
       1795.00       88180.0
       1805.00       65400.0
       1815.00       52850.0
       1825.00       60200.0
       1835.00       69260.0
       1845.00       38460.0
       1855.00       78580.0
       1865.00       116300.
       1875.00       114700.
       1885.00       124100.
       1895.00       153400.
       1905.00       135900.
       1915.00       154100.
       1925.00       116600.
       1935.00       57310.0
       1945.00       174700.
       1955.00       186400.
       1967.00       240200.
       1976.00       194000.
       1984.00       188600.
       1995.00       221000.
       2005.00       216600.
       2015.00       243900.
       2025.00       185700.
       2035.00       292500.
       2045.00       340100.
       2055.00       308900.
       2065.00       300800.
       2074.00       310700.
       2078.00       528000.
       2085.00       495200.
       2095.00       638000.
       2105.00       976400.
       2115.00   1.27600e+06
       2125.00   1.09200e+06
       2135.00   1.01700e+06
       2145.00   1.44100e+06
       2155.00   1.45000e+06
       2165.00   1.20000e+06
       2175.00   1.23700e+06
       2185.00   1.69500e+06
       2195.00   1.68700e+06
       2205.00   1.56200e+06
       2215.00   1.08500e+06
       2225.00   1.35300e+06
       2235.00   1.88500e+06
       2245.00   1.75000e+06
       2255.00   1.22600e+06
       2265.00   1.10400e+06
       2275.00   1.31800e+06
       2285.00   1.78000e+06
       2295.00   1.34900e+06
       2305.00   1.78200e+06
       2315.00   1.49100e+06
       2325.00   1.38700e+06
       2335.00       910500.
       2345.00       518200.
       2355.00   1.30600e+06
       2365.00       608000.
       2375.00       886700.
       2385.00       416300.
       2395.00       585700.
       2405.00       581300.
       2415.00       759400.
       2425.00   1.53000e+06
       2435.00   1.49800e+06
       2445.00   1.87800e+06
       2455.00   2.00600e+06
       2465.00   1.70800e+06
       2475.00   1.48300e+06
       2485.00       855100.
       2495.00   1.11800e+06
       2505.00   1.76600e+06
       2513.00       774200.
       2518.00       514700.
       2525.00       534900.
       2535.00       629700.
       2545.00       775100.
       2555.00   1.56800e+06
       2565.00   1.35900e+06
       2575.00   1.92300e+06
       2585.00   1.72500e+06
       2595.00   1.52400e+06
       2605.00   1.21100e+06
       2615.00   1.08800e+06
       2625.00   1.61100e+06
       2635.00   2.94100e+06
       2645.00   4.07700e+06
       2655.00   5.25200e+06
       2665.00   3.28200e+06
       2675.00   3.87300e+06
       2685.00   4.40900e+06
       2695.00   3.26400e+06
       2705.00   4.04400e+06
       2715.00   2.86500e+06
       2725.00   2.48300e+06
       2735.00   2.98000e+06
       2745.00   1.45700e+06
       2755.00   2.09900e+06
       2765.00   2.84800e+06
       2775.00   3.12100e+06
       2785.00   1.59700e+06
       2795.00       593800.
       2805.00       759300.
       2815.00   2.74100e+06
       2825.00   4.42000e+06
       2835.00   4.14700e+06
       2845.00   2.90100e+06
       2855.00   1.39300e+06
       2865.00   3.98800e+06
       2875.00   5.05900e+06
       2885.00   4.42800e+06
       2895.00   5.09300e+06
       2910.00   6.65000e+06
       2930.00   5.87600e+06
       2950.00   5.75300e+06
       2970.00   6.26400e+06
       2990.00   6.16500e+06
       3010.00   6.47300e+06
       3030.00   6.62700e+06
       3050.00   6.88100e+06
       3070.00   6.91000e+06
       3090.00   6.80300e+06
       3110.00   7.09000e+06
       3130.00   6.94300e+06
       3150.00   6.64400e+06
       3170.00   7.05200e+06
       3190.00   6.33100e+06
       3210.00   7.03200e+06
       3230.00   5.93200e+06
       3250.00   7.49900e+06
       3270.00   8.53400e+06
       3290.00   8.25500e+06
       3310.00   8.21300e+06
       3330.00   8.19200e+06
       3350.00   8.01900e+06
       3370.00   6.73500e+06
       3390.00   7.54900e+06
       3410.00   7.62200e+06
       3430.00   7.81000e+06
       3450.00   8.08400e+06
       3470.00   8.20500e+06
       3490.00   8.61600e+06
       3510.00   8.91200e+06
       3530.00   8.39700e+06
       3550.00   9.54400e+06
       3570.00   7.78300e+06
       3590.00   7.71900e+06
       3610.00   8.22400e+06
       3630.00   8.28600e+06
       3640.00   8.31600e+06
       3650.00   9.33800e+06
       3670.00   9.36200e+06
       3690.00   9.09100e+06
       3710.00   9.39600e+06
       3730.00   7.97800e+06
       3750.00   8.78300e+06
       3770.00   9.87700e+06
       3790.00   1.06300e+07
       3810.00   1.11200e+07
       3830.00   7.78400e+06
       3850.00   1.04900e+07
       3870.00   1.06100e+07
       3890.00   9.85800e+06
       3910.00   1.15000e+07
       3930.00   6.55400e+06
       3950.00   1.04100e+07
       3970.00   7.12300e+06
       3990.00   1.28700e+07
       4010.00   1.36400e+07
       4030.00   1.36400e+07
       4050.00   1.32400e+07
       4070.00   1.29900e+07
       4090.00   1.37100e+07
       4110.00   1.26100e+07
       4130.00   1.39100e+07
       4150.00   1.41800e+07
       4170.00   1.41100e+07
       4190.00   1.36400e+07
       4210.00   1.36600e+07
       4230.00   1.30100e+07
       4250.00   1.33600e+07
       4270.00   1.27200e+07
       4290.00   1.18300e+07
       4310.00   1.02100e+07
       4330.00   1.28700e+07
       4350.00   1.19900e+07
       4370.00   1.39200e+07
       4390.00   1.30200e+07
       4410.00   1.35700e+07
       4430.00   1.39500e+07
       4450.00   1.38400e+07
       4470.00   1.42900e+07
       4490.00   1.43300e+07
       4510.00   1.53300e+07
       4530.00   1.41400e+07
       4550.00   1.44200e+07
       4570.00   1.51600e+07
       4590.00   1.44000e+07
       4610.00   1.46900e+07
       4630.00   1.44500e+07
       4650.00   1.45700e+07
       4670.00   1.48400e+07
       4690.00   1.45100e+07
       4710.00   1.39200e+07
       4730.00   1.45800e+07
       4750.00   1.46800e+07
       4770.00   1.46300e+07
       4790.00   1.45400e+07
       4810.00   1.43900e+07
       4830.00   1.44500e+07
       4850.00   1.33000e+07
       4870.00   1.15900e+07
       4890.00   1.37400e+07
       4910.00   1.37700e+07
       4930.00   1.35100e+07
       4950.00   1.39200e+07
       4970.00   1.40500e+07
       4990.00   1.32200e+07
       5010.00   1.27500e+07
       5030.00   1.33800e+07
       5050.00   1.33100e+07
       5070.00   1.37200e+07
       5090.00   1.33100e+07
       5110.00   1.34500e+07
       5130.00   1.31500e+07
       5150.00   1.27800e+07
       5170.00   1.19400e+07
       5190.00   1.19200e+07
       5210.00   1.26600e+07
       5230.00   1.27700e+07
       5250.00   1.30500e+07
       5270.00   1.18000e+07
       5290.00   1.28600e+07
       5310.00   1.30900e+07
       5330.00   1.21000e+07
       5350.00   1.27700e+07
       5370.00   1.27200e+07
       5390.00   1.26000e+07
       5410.00   1.22000e+07
       5430.00   1.24800e+07
       5450.00   1.26700e+07
       5470.00   1.24600e+07
       5490.00   1.23700e+07
       5510.00   1.23800e+07
       5530.00   1.23700e+07
       5550.00   1.24700e+07
       5570.00   1.21500e+07
       5590.00   1.19500e+07
       5610.00   1.21500e+07
       5630.00   1.22000e+07
       5650.00   1.21200e+07
       5670.00   1.18600e+07
       5690.00   1.19700e+07
       5710.00   1.17900e+07
       5730.00   1.22600e+07
       5750.00   1.19300e+07
       5770.00   1.19900e+07
       5790.00   1.17500e+07
       5810.00   1.18700e+07
       5830.00   1.19300e+07
       5850.00   1.17100e+07
       5870.00   1.16900e+07
       5890.00   1.11100e+07
       5910.00   1.15500e+07
       5930.00   1.14900e+07
       5950.00   1.14800e+07
       5970.00   1.14500e+07
       5990.00   1.13400e+07
       6010.00   1.11700e+07
       6030.00   1.11300e+07
       6050.00   1.12600e+07
       6070.00   1.12000e+07
       6090.00   1.10000e+07
       6110.00   1.08800e+07
       6130.00   1.05700e+07
       6150.00   1.06100e+07
       6170.00   1.03700e+07
       6190.00   1.07300e+07
       6210.00   1.07200e+07
       6230.00   1.04900e+07
       6250.00   1.01900e+07
       6270.00   1.05200e+07
       6290.00   1.05100e+07
       6310.00   1.02400e+07
       6330.00   1.02500e+07
       6350.00   1.02300e+07
       6370.00   1.01700e+07
       6390.00   1.01900e+07
       6410.00   9.97600e+06
       6430.00   1.00300e+07
       6450.00   9.89200e+06
       6470.00   9.86500e+06
       6490.00   9.72000e+06
       6510.00   9.84300e+06
       6530.00   9.77900e+06
       6550.00   9.30800e+06
       6570.00   8.09000e+06
       6590.00   9.49500e+06
       6610.00   9.64300e+06
       6630.00   9.58600e+06
       6650.00   9.55000e+06
       6670.00   9.43700e+06
       6690.00   9.50100e+06
       6710.00   9.36000e+06
       6730.00   9.38300e+06
       6750.00   9.27300e+06
       6770.00   9.25800e+06
       6790.00   9.20200e+06
       6810.00   9.13300e+06
       6830.00   9.13100e+06
       6850.00   8.97900e+06
       6870.00   9.01200e+06
       6890.00   8.98200e+06
       6910.00   8.91600e+06
       6930.00   8.87100e+06
       6950.00   8.82500e+06
       6970.00   8.79100e+06
       6990.00   8.75300e+06
       7010.00   8.53500e+06
       7030.00   8.61000e+06
       7050.00   8.60400e+06
       7070.00   8.53300e+06
       7090.00   8.48300e+06
       7110.00   8.42500e+06
       7130.00   8.34900e+06
       7150.00   8.29200e+06
       7170.00   8.24300e+06
       7190.00   8.08700e+06
       7210.00   8.15900e+06
       7230.00   8.12500e+06
       7250.00   8.12500e+06
       7270.00   8.09200e+06
       7290.00   7.91500e+06
       7310.00   7.97800e+06
       7330.00   7.93000e+06
       7350.00   7.93400e+06
       7370.00   7.90200e+06
       7390.00   7.73900e+06
       7410.00   7.63100e+06
       7430.00   7.67000e+06
       7450.00   7.66200e+06
       7470.00   7.67500e+06
       7490.00   7.59800e+06
       7510.00   7.58300e+06
       7530.00   7.56000e+06
       7550.00   7.55100e+06
       7570.00   7.47300e+06
       7590.00   7.44200e+06
       7610.00   7.38600e+06
       7630.00   7.38700e+06
       7650.00   7.33500e+06
       7670.00   7.18000e+06
       7690.00   7.24400e+06
       7710.00   7.17500e+06
       7730.00   7.16500e+06
       7750.00   7.07600e+06
       7770.00   7.07500e+06
       7790.00   7.10100e+06
       7810.00   7.04600e+06
       7830.00   6.96700e+06
       7850.00   6.93900e+06
       7870.00   6.95800e+06
       7890.00   6.91600e+06
       7910.00   6.84300e+06
       7930.00   6.71400e+06
       7950.00   6.71800e+06
       7970.00   6.77400e+06
       7990.00   6.74900e+06
       8010.00   6.66700e+06
       8030.00   6.63400e+06
       8050.00   6.58100e+06
       8070.00   6.59800e+06
       8090.00   6.50100e+06
       8110.00   6.52800e+06
       8130.00   6.52100e+06
       8150.00   6.47400e+06
       8170.00   6.43900e+06
       8190.00   6.26800e+06
       8210.00   6.27000e+06
       8230.00   6.24300e+06
       8250.00   6.25100e+06
       8270.00   6.28400e+06
       8290.00   6.24000e+06
       8310.00   6.14100e+06
       8330.00   6.08300e+06
       8350.00   6.10300e+06
       8370.00   6.11000e+06
       8390.00   6.01900e+06
       8410.00   6.05300e+06
       8430.00   5.95800e+06
       8450.00   5.92900e+06
       8470.00   5.90000e+06
       8490.00   5.82200e+06
       8510.00   5.57400e+06
       8530.00   5.73100e+06
       8550.00   4.97000e+06
       8570.00   5.81200e+06
       8590.00   5.69600e+06
       8610.00   5.66100e+06
       8630.00   5.72100e+06
       8650.00   5.62400e+06
       8670.00   4.89700e+06
       8690.00   5.51000e+06
       8710.00   5.58800e+06
       8730.00   5.53900e+06
       8750.00   5.31500e+06
       8770.00   5.50100e+06
       8790.00   5.49100e+06
       8810.00   5.39700e+06
       8830.00   5.42000e+06
       8850.00   5.33800e+06
       8870.00   5.09900e+06
       8890.00   5.36200e+06
       8910.00   5.36600e+06
       8930.00   5.28600e+06
       8950.00   5.29500e+06
       8970.00   5.27500e+06
       8990.00   5.24700e+06
       9010.00   4.87000e+06
       9030.00   5.07800e+06
       9050.00   5.20300e+06
       9070.00   5.09900e+06
       9090.00   4.97800e+06
       9110.00   5.04300e+06
       9130.00   5.10400e+06
       9150.00   5.07400e+06
       9170.00   5.04100e+06
       9190.00   5.02800e+06
       9210.00   4.87800e+06
       9230.00   4.55000e+06
       9250.00   4.78500e+06
       9270.00   4.86700e+06
       9290.00   4.89600e+06
       9310.00   4.89200e+06
       9330.00   4.85600e+06
       9350.00   4.83400e+06
       9370.00   4.81100e+06
       9390.00   4.78900e+06
       9410.00   4.59200e+06
       9430.00   4.70700e+06
       9450.00   4.66400e+06
       9470.00   4.70200e+06
       9490.00   4.69000e+06
       9510.00   4.63900e+06
       9530.00   4.55700e+06
       9550.00   4.21500e+06
       9570.00   4.51800e+06
       9590.00   4.56300e+06
       9610.00   4.51200e+06
       9630.00   4.47000e+06
       9650.00   4.46600e+06
       9670.00   4.42600e+06
       9690.00   4.44200e+06
       9710.00   4.44100e+06
       9730.00   4.42300e+06
       9750.00   4.36500e+06
       9770.00   4.36800e+06
       9790.00   4.34200e+06
       9810.00   4.34200e+06
       9830.00   4.31300e+06
       9850.00   4.29500e+06
       9870.00   4.25800e+06
       9890.00   4.23000e+06
       9910.00   4.20400e+06
       9930.00   4.22400e+06
       9950.00   4.20400e+06
       9970.00   4.18600e+06
       9990.00   4.16100e+06
       10025.0   4.05600e+06
       10075.0   3.93900e+06
       10125.0   4.02100e+06
       10175.0   3.95600e+06
       10225.0   3.93500e+06
       10275.0   3.90700e+06
       10325.0   3.83500e+06
       10375.0   3.79800e+06
       10425.0   3.76900e+06
       10475.0   3.69000e+06
       10525.0   3.67800e+06
       10575.0   3.62700e+06
       10625.0   3.58200e+06
       10675.0   3.48100e+06
       10725.0   3.48500e+06
       10775.0   3.44300e+06
       10825.0   3.37300e+06
       10875.0   3.34700e+06
       10925.0   3.18200e+06
       10975.0   3.23500e+06
       11025.0   3.27100e+06
       11075.0   3.25800e+06
       11125.0   3.21100e+06
       11175.0   3.17300e+06
       11225.0   3.15400e+06
       11275.0   3.07600e+06
       11325.0   3.05800e+06
       11375.0   3.03600e+06
       11425.0   2.98300e+06
       11475.0   2.99600e+06
       11525.0   2.96500e+06
       11575.0   2.92100e+06
       11625.0   2.86300e+06
       11675.0   2.83500e+06
       11725.0   2.84900e+06
       11775.0   2.76900e+06
       11825.0   2.74900e+06
       11875.0   2.71400e+06
       11925.0   2.74000e+06
       11975.0   2.64300e+06
       12025.0   2.65300e+06
       12075.0   2.61700e+06
       12125.0   2.60500e+06
       12175.0   2.60200e+06
       12225.0   2.57400e+06
       12275.0   2.53800e+06
       12325.0   2.51900e+06
       12375.0   2.49400e+06
       12425.0   2.46800e+06
       12475.0   2.45100e+06
       12525.0   2.41900e+06
       12575.0   2.39200e+06
       12625.0   2.37100e+06
       12675.0   2.34600e+06
       12725.0   2.33000e+06
       12775.0   2.28900e+06
       12825.0   2.09100e+06
       12875.0   2.24400e+06
       12925.0   2.23300e+06
       12975.0   2.22400e+06
       13025.0   2.19500e+06
       13075.0   2.18500e+06
       13125.0   2.14600e+06
       13175.0   2.12300e+06
       13225.0   2.12300e+06
       13275.0   2.08800e+06
       13325.0   2.07800e+06
       13375.0   2.05700e+06
       13425.0   2.04600e+06
       13475.0   2.02600e+06
       13525.0   2.00600e+06
       13575.0   1.97400e+06
       13625.0   1.96500e+06
       13675.0   1.94400e+06
       13725.0   1.92000e+06
       13775.0   1.90800e+06
       13825.0   1.89400e+06
       13875.0   1.88400e+06
       13925.0   1.86200e+06
       13975.0   1.84500e+06
       14025.0   1.82200e+06
       14075.0   1.81500e+06
       14125.0   1.78500e+06
       14175.0   1.78400e+06
       14225.0   1.74900e+06
       14275.0   1.72200e+06
       14325.0   1.73100e+06
       14375.0   1.72400e+06
       14425.0   1.66000e+06
       14475.0   1.68900e+06
       14525.0   1.64800e+06
       14570.0   1.65300e+06
       14620.0   1.63700e+06
       14675.0   1.62600e+06
       14725.0   1.59500e+06
       14775.0   1.58300e+06
       14825.0   1.57600e+06
       14875.0   1.53500e+06
       14925.0   1.56300e+06
       14975.0   1.53800e+06
       15025.0   1.49700e+06
       15075.0   1.49000e+06
       15125.0   1.50200e+06
       15175.0   1.49400e+06
       15225.0   1.46700e+06
       15275.0   1.46500e+06
       15325.0   1.44900e+06
       15375.0   1.43600e+06
       15425.0   1.42100e+06
       15475.0   1.41200e+06
       15525.0   1.39500e+06
       15575.0   1.37900e+06
       15625.0   1.38100e+06
       15675.0   1.35000e+06
       15725.0   1.34200e+06
       15775.0   1.30400e+06
       15825.0   1.31400e+06
       15875.0   1.26500e+06
       15925.0   1.28700e+06
       15975.0   1.28400e+06
       16050.0   1.26300e+06
       16150.0   1.22600e+06
       16250.0   1.22900e+06
       16350.0   1.18800e+06
       16450.0   1.14700e+06
       16550.0   1.16100e+06
       16650.0   1.13800e+06
       16750.0   1.09100e+06
       16850.0   1.04600e+06
       16950.0   1.07300e+06
       17050.0   1.04300e+06
       17150.0   1.02400e+06
       17250.0       993000.
       17350.0       921200.
       17450.0       946800.
       17550.0       942500.
       17650.0       923200.
       17750.0       906000.
       17850.0       890500.
       17950.0       874600.
       18050.0       850900.
       18150.0       790000.
       18250.0       805200.
       18350.0       802800.
       18450.0       783800.
       18550.0       771900.
       18650.0       750300.
       18750.0       685900.
       18850.0       721800.
       18950.0       701100.
       19050.0       703300.
       19150.0       688100.
       19250.0       675300.
       19350.0       655800.
       19450.0       605100.
       19550.0       634400.
       19650.0       625500.
       19750.0       612400.
       19850.0       604400.
       19950.0       593400.
       20050.0       584700.
       20150.0       576100.
       20250.0       562100.
       20350.0       549100.
       20450.0       545500.
       20550.0       534600.
       20650.0       522500.
       20750.0       515100.
       20850.0       506200.
       20950.0       495000.
       21050.0       489500.
       21150.0       479800.
       21250.0       471300.
       21350.0       464000.
       21450.0       456900.
       21550.0       446900.
       21650.0       412300.
       21750.0       427900.
       21850.0       424200.
       21950.0       420300.
       22050.0       409900.
       22150.0       405500.
       22250.0       399100.
       22350.0       392500.
       22450.0       386100.
       22550.0       378000.
       22650.0       372500.
       22750.0       367600.
       22850.0       359900.
       22950.0       354800.
       23050.0       350400.
       23150.0       344000.
       23250.0       338700.
       23350.0       332800.
       23450.0       328800.
       23550.0       322600.
       23650.0       318500.
       23750.0       311700.
       23850.0       306600.
       23950.0       303600.
       24050.0       298500.
       24150.0       292700.
       24250.0       289300.
       24350.0       284300.
       24450.0       280600.
       24550.0       274300.
       24650.0       272300.
       24750.0       267300.
       24850.0       261800.
       24950.0       259700.
       25050.0       256200.
       25150.0       252300.
       25250.0       248900.
       25350.0       245100.
       25450.0       240800.
       25550.0       237200.
       25650.0       233200.
       25750.0       231500.
       25850.0       226100.
       25950.0       224500.
       26050.0       221200.
       26150.0       216300.
       26250.0       202900.
       26350.0       210300.
       26450.0       208000.
       26550.0       205600.
       26650.0       201500.
       26750.0       198700.
       26850.0       197800.
       26950.0       195500.
       27050.0       192800.
       27150.0       190000.
       27250.0       187400.
       27350.0       184900.
       27450.0       182400.
       27550.0       177100.
       27650.0       176000.
       27750.0       174900.
       27850.0       172700.
       27950.0       170700.
       28050.0       168300.
       28150.0       166200.
       28250.0       163900.
       28350.0       161900.
       28450.0       159200.
       28550.0       157300.
       28650.0       154300.
       28750.0       149700.
       28850.0       150800.
       28950.0       149400.
       29050.0       147500.
       29150.0       145500.
       29250.0       143300.
       29350.0       141800.
       29450.0       139900.
       29550.0       138300.
       29650.0       136500.
       29750.0       134800.
       29850.0       133100.
       29950.0       131200.
       30050.0       129600.
       30150.0       128100.
       30250.0       126200.
       30350.0       121900.
       30450.0       121800.
       30550.0       121600.
       30650.0       120100.
       30750.0       118900.
       30850.0       117100.
       30950.0       115800.
       31050.0       114500.
       31150.0       112400.
       31250.0       111700.
       31350.0       110400.
       31450.0       109100.
       31550.0       107500.
       31650.0       106400.
       31750.0       105100.
       31850.0       103900.
       31950.0       102800.
       32100.0       100800.
       32300.0       98550.0
       32500.0       96210.0
       32700.0       93940.0
       32900.0       89930.0
       33100.0       89190.0
       33300.0       87440.0
       33500.0       85670.0
       33700.0       83610.0
       33900.0       81690.0
       34100.0       79790.0
       34300.0       78290.0
       34500.0       76680.0
       34700.0       74940.0
       34900.0       73350.0
       35100.0       71770.0
       35300.0       70140.0
       35500.0       68710.0
       35700.0       67180.0
       35900.0       65750.0
       36100.0       64470.0
       36300.0       63120.0
       36500.0       61600.0
       36700.0       60310.0
       36900.0       58840.0
       37100.0       57650.0
       37300.0       56210.0
       37500.0       54480.0
       37700.0       54370.0
       37900.0       53290.0
       38100.0       52230.0
       38300.0       51290.0
       38500.0       50330.0
       38700.0       49240.0
       38900.0       48240.0
       39100.0       47370.0
       39300.0       46490.0
       39500.0       45480.0
       39700.0       44700.0
       39900.0       43640.0
       40100.0       42840.0
       40300.0       42120.0
       40500.0       40610.0
       40700.0       40530.0
       40900.0       39800.0
       41100.0       39120.0
       41300.0       38420.0
       41500.0       37630.0
       41700.0       36870.0
       41900.0       36290.0
       42100.0       35500.0
       42300.0       35060.0
       42500.0       34370.0
       42700.0       33800.0
       42900.0       33080.0
       43100.0       32370.0
       43300.0       31800.0
       43500.0       31080.0
       43700.0       30320.0
       43900.0       29960.0
       44100.0       29260.0
       44300.0       28840.0
       44500.0       28370.0
       44700.0       27760.0
       44900.0       27370.0
       45100.0       26890.0
       45300.0       26360.0
       45500.0       25980.0
       45700.0       25570.0
       45900.0       25050.0
       46100.0       24720.0
       46300.0       24300.0
       46500.0       23560.0
       46700.0       23370.0
       46900.0       23190.0
       47100.0       22820.0
       47300.0       22500.0
       47500.0       22120.0
       47700.0       21760.0
       47900.0       21430.0
       48100.0       21060.0
       48300.0       20770.0
       48500.0       20420.0
       48700.0       20100.0
       48900.0       19800.0
       49100.0       19490.0
       49300.0       19180.0
       49500.0       18880.0
       49700.0       18590.0
       49900.0       18340.0
       50100.0       18020.0
       50300.0       17770.0
       50500.0       17460.0
       50700.0       17220.0
       50900.0       16970.0
       51100.0       16680.0
       51300.0       16320.0
       51500.0       16210.0
       51700.0       16000.0
       51900.0       15740.0
       52100.0       15500.0
       52300.0       15270.0
       52500.0       15070.0
       52700.0       14860.0
       52900.0       14610.0
       53100.0       14420.0
       53300.0       14200.0
       53500.0       14010.0
       53700.0       13790.0
       53900.0       13610.0
       54100.0       13430.0
       54300.0       13210.0
       54500.0       13050.0
       54700.0       12850.0
       54900.0       12680.0
       55100.0       12520.0
       55300.0       12340.0
       55500.0       12160.0
       55700.0       12010.0
       55900.0       11810.0
       56100.0       11680.0
       56300.0       11510.0
       56500.0       11370.0
       56700.0       11220.0
       56900.0       11050.0
       57100.0       10910.0
       57300.0       10770.0
       57500.0       10620.0
       57700.0       10480.0
       57900.0       10340.0
       58100.0       10210.0
       58300.0       10070.0
       58500.0       9945.00
       58700.0       9807.00
       58900.0       9661.00
       59100.0       9463.00
       59300.0       9430.00
       59500.0       9276.00
       59700.0       9187.00
       59900.0       9071.00
       60100.0       8949.00
       60300.0       8842.00
       60500.0       8730.00
       60700.0       8613.00
       60900.0       8499.00
       61100.0       8381.00
       61300.0       8291.00
       61500.0       8192.00
       61700.0       8088.00
       61900.0       7987.00
       62100.0       7888.00
       62300.0       7771.00
       62500.0       7685.00
       62700.0       7591.00
       62900.0       7488.00
       63100.0       7397.00
       63300.0       7322.00
       63500.0       7231.00
       63700.0       7141.00
       63900.0       7054.00
       64200.0       6929.00
       64600.0       6759.00
       65000.0       6596.00
       65400.0       6446.00
       65800.0       6296.00
       66200.0       6146.00
       66600.0       6005.00
       67000.0       5864.00
       67400.0       5727.00
       67800.0       5591.00
       68200.0       5472.00
       68600.0       5348.00
       69000.0       5228.00
       69400.0       5109.00
       69800.0       4998.00
       70200.0       4883.00
       70600.0       4779.00
       71000.0       4675.00
       71400.0       4573.00
       71800.0       4474.00
       72200.0       4377.00
       72600.0       4283.00
       73000.0       4193.00
       73400.0       4102.00
       73800.0       4018.00
       74200.0       3932.00
       74600.0       3823.00
       75000.0       3745.00
       75400.0       3692.00
       75800.0       3618.00
       76200.0       3544.00
       76600.0       3472.00
       77000.0       3400.00
       77400.0       3333.00
       77800.0       3267.00
       78200.0       3202.00
       78600.0       3138.00
       79000.0       3076.00
       79400.0       3015.00
       79800.0       2957.00
       80200.0       2898.00
       80600.0       2842.00
       81000.0       2788.00
       81400.0       2733.00
       81800.0       2681.00
       82200.0       2632.00
       82600.0       2582.00
       83000.0       2533.00
       83400.0       2485.00
       83800.0       2439.00
       84200.0       2394.00
       84600.0       2350.00
       85000.0       2307.00
       85400.0       2265.00
       85800.0       2224.00
       86200.0       2183.00
       86600.0       2144.00
       87000.0       2106.00
       87400.0       2065.00
       87800.0       2028.00
       88200.0       1994.00
       88600.0       1959.00
       89000.0       1924.00
       89400.0       1891.00
       89800.0       1857.00
       90200.0       1826.00
       90600.0       1795.00
       91000.0       1763.00
       91400.0       1733.00
       91800.0       1704.00
       92200.0       1675.00
       92600.0       1647.00
       93000.0       1619.00
       93400.0       1592.00
       93800.0       1565.00
       94200.0       1540.00
       94600.0       1514.00
       95000.0       1489.00
       95400.0       1464.00
       95800.0       1441.00
       96200.0       1417.00
       96600.0       1394.00
       97000.0       1372.00
       97400.0       1349.00
       97800.0       1327.00
       98200.0       1307.00
       98600.0       1286.00
       99000.0       1266.00
       99400.0       1245.00
       99800.0       1226.00
       100200.       1207.00
       200000.       77.9200
       400000.       4.88400
       600000.      0.959700
       800000.      0.301900
   1.00000e+06      0.123000
   1.20000e+06     0.0590000
   1.40000e+06     0.0317000
   1.60000e+06     0.0185100
