       90.9000       0.00000
       93.5000       0.00000
       96.1000       0.00000
       97.7000       0.00000
       99.6000       0.00000
       102.000   1.43800e-22
       103.800   6.44300e-22
       105.600   2.31700e-21
       107.700   9.52100e-21
       110.400   5.38500e-20
       114.000   4.80700e-19
       117.800   4.24600e-18
       121.300   2.82100e-17
       124.800   1.69700e-16
       127.100   5.25100e-16
       128.400   9.77700e-16
       130.500   2.60300e-15
       132.400   6.16400e-15
       133.900   1.19700e-14
       136.600   3.82900e-14
       139.800   1.43900e-13
       143.300   5.74700e-13
       147.200   2.50400e-12
       151.000   9.81900e-12
       155.200   4.12900e-11
       158.800   1.33800e-10
       162.000   3.65400e-10
       166.000   1.21900e-09
       170.300   4.19400e-09
       173.400   9.88000e-09
       176.800   2.44500e-08
       180.200   5.85800e-08
       181.700   8.53000e-08
       186.100   2.48500e-07
       191.000   7.74000e-07
       193.900   1.47700e-06
       198.400   3.88400e-06
       201.800   7.84100e-06
       205.000   1.48800e-05
       210.500   4.28200e-05
       216.200   0.000121000
       219.800   0.000227200
       223.000   0.000390700
       226.800   0.000733900
       230.000      0.144800
       234.000      0.330600
       240.000      0.673300
       246.500       1.46700
       252.400       2.89200
       256.800       4.38400
       260.000       7.89700
       264.000       12.7200
       268.500       20.6300
       273.500       32.9800
       278.500       50.3500
       284.000       112.500
       290.000       186.200
       296.000       293.000
       301.000       416.500
       308.000       927.400
       318.000       2227.00
       328.000       4018.00
       338.000       7919.00
       348.000       14230.0
       357.000       64040.0
       366.000       150400.
       375.000       205300.
       385.000       338400.
       395.000       765300.
       405.000   1.04700e+06
       414.000   1.55600e+06
       422.000   1.93400e+06
       430.000   2.57400e+06
       441.000   3.54300e+06
       451.000   4.30800e+06
       460.000   5.15600e+06
       470.000   6.87100e+06
       480.000   8.78900e+06
       490.000   1.09600e+07
       500.000   1.37200e+07
       506.000   4.72500e+07
       512.000   4.56600e+08
       520.000   4.51000e+08
       530.000   4.20900e+08
       540.000   4.09800e+08
       550.000   5.67400e+08
       560.000   7.44400e+08
       570.000   8.12400e+08
       580.000   7.20400e+08
       590.000   8.39700e+08
       600.000   6.97300e+08
       610.000   9.32100e+08
       620.000   1.11500e+09
       630.000   1.10900e+09
       640.000   1.02100e+09
       650.000   7.49200e+08
       658.000   8.95800e+08
       665.000   1.14200e+09
       675.000   1.26900e+09
       685.000   1.00700e+09
       695.000   1.49700e+09
       705.000   1.18000e+09
       716.000   1.66200e+09
       726.000   1.60200e+09
       735.000   1.65300e+09
       745.000   1.68800e+09
       755.000   1.72900e+09
       765.000   1.81600e+09
       775.000   1.95800e+09
       785.000   2.07700e+09
       795.000   2.10100e+09
       805.000   2.04000e+09
       815.000   2.02500e+09
       825.000   2.23300e+09
       835.000   1.68200e+09
       845.000   2.15900e+09
       855.000   2.15200e+09
       865.000   2.26300e+09
       875.000   2.35100e+09
       885.000   2.48300e+09
       895.000   2.54800e+09
       905.000   2.48500e+09
       915.000   4.91100e+09
       925.000   1.90400e+10
       935.000   2.64200e+10
       945.000   2.83500e+10
       955.000   2.83800e+10
       965.000   2.85000e+10
       975.000   8.72200e+09
       985.000   2.01200e+10
       995.000   2.21600e+10
       1005.00   2.54400e+10
       1015.00   2.66400e+10
       1025.00   2.44500e+10
       1035.00   2.43100e+10
       1045.00   3.01900e+10
       1055.00   2.83600e+10
       1065.00   2.43200e+10
       1075.00   2.62900e+10
       1085.00   2.46500e+10
       1095.00   2.64600e+10
       1105.00   2.52800e+10
       1115.00   2.47400e+10
       1125.00   1.93600e+10
       1135.00   2.45300e+10
       1145.00   2.34100e+10
       1155.00   2.31700e+10
       1165.00   2.26200e+10
       1175.00   1.31000e+10
       1185.00   2.07700e+10
       1195.00   2.06500e+10
       1205.00   1.82700e+10
       1215.00   1.78100e+10
       1225.00   1.99200e+10
       1235.00   2.11700e+10
       1245.00   2.00100e+10
       1255.00   2.03400e+10
       1265.00   2.07900e+10
       1275.00   2.12900e+10
       1285.00   2.11900e+10
       1295.00   1.85800e+10
       1305.00   1.92400e+10
       1315.00   2.08200e+10
       1325.00   1.99600e+10
       1335.00   1.93300e+10
       1345.00   1.94900e+10
       1355.00   1.92100e+10
       1365.00   1.85400e+10
       1375.00   1.79800e+10
       1385.00   1.72700e+10
       1395.00   1.16200e+10
       1405.00   1.29700e+10
       1415.00   1.63300e+10
       1425.00   1.52900e+10
       1435.00   1.60700e+10
       1442.00   1.61900e+10
       1447.00   1.60300e+10
       1455.00   1.54100e+10
       1465.00   1.47800e+10
       1475.00   1.50700e+10
       1485.00   1.49700e+10
       1495.00   1.45900e+10
       1505.00   1.39800e+10
       1512.00   1.32000e+10
       1517.00   1.35100e+10
       1525.00   1.32600e+10
       1535.00   1.15000e+10
       1545.00   1.03500e+10
       1555.00   1.02100e+10
       1565.00   1.14700e+10
       1575.00   1.22000e+10
       1585.00   1.22400e+10
       1595.00   1.21000e+10
       1605.00   1.16000e+10
       1615.00   1.12000e+10
       1625.00   1.13500e+10
       1635.00   1.17300e+10
       1645.00   1.17500e+10
       1655.00   1.16400e+10
       1665.00   1.15700e+10
       1672.00   1.08500e+10
       1677.00   1.23900e+10
       1685.00   1.17500e+10
       1695.00   1.12300e+10
       1705.00   1.11400e+10
       1715.00   1.05600e+10
       1725.00   1.03600e+10
       1735.00   1.06800e+10
       1745.00   1.05100e+10
       1755.00   1.04700e+10
       1765.00   1.04400e+10
       1775.00   9.97300e+09
       1785.00   1.01200e+10
       1795.00   1.00500e+10
       1805.00   1.01200e+10
       1815.00   9.52400e+09
       1825.00   9.64500e+09
       1835.00   9.55200e+09
       1845.00   8.83500e+09
       1855.00   9.04500e+09
       1865.00   9.12300e+09
       1875.00   9.11400e+09
       1885.00   8.41200e+09
       1895.00   7.99900e+09
       1905.00   8.43800e+09
       1915.00   8.15000e+09
       1925.00   7.70800e+09
       1935.00   8.18000e+09
       1945.00   8.34800e+09
       1955.00   7.53300e+09
       1967.00   8.01900e+09
       1976.00   8.33000e+09
       1984.00   7.85800e+09
       1995.00   7.69000e+09
       2005.00   7.87900e+09
       2015.00   7.88200e+09
       2025.00   7.98700e+09
       2035.00   7.45900e+09
       2045.00   7.46800e+09
       2055.00   6.79200e+09
       2065.00   6.72200e+09
       2074.00   7.18800e+09
       2078.00   6.84400e+09
       2085.00   7.20100e+09
       2095.00   6.88300e+09
       2105.00   7.05100e+09
       2115.00   7.09100e+09
       2125.00   7.10100e+09
       2135.00   7.01100e+09
       2145.00   6.74700e+09
       2155.00   6.88300e+09
       2165.00   6.77600e+09
       2175.00   6.71600e+09
       2185.00   6.61100e+09
       2195.00   6.63400e+09
       2205.00   6.56200e+09
       2215.00   6.47200e+09
       2225.00   6.35200e+09
       2235.00   6.23800e+09
       2245.00   6.22900e+09
       2255.00   6.11800e+09
       2265.00   6.09000e+09
       2275.00   6.03500e+09
       2285.00   5.95300e+09
       2295.00   5.29400e+09
       2305.00   5.76400e+09
       2315.00   5.67100e+09
       2325.00   5.62300e+09
       2335.00   5.52400e+09
       2345.00   5.53200e+09
       2355.00   5.45400e+09
       2365.00   5.39100e+09
       2375.00   5.29400e+09
       2385.00   5.20200e+09
       2395.00   5.15100e+09
       2405.00   5.11500e+09
       2415.00   5.04600e+09
       2425.00   5.01600e+09
       2435.00   4.91700e+09
       2445.00   4.88600e+09
       2455.00   4.84600e+09
       2465.00   4.77400e+09
       2475.00   4.69800e+09
       2485.00   4.55000e+09
       2495.00   3.31200e+09
       2505.00   4.32900e+09
       2513.00   4.33100e+09
       2518.00   4.40300e+09
       2525.00   4.44100e+09
       2535.00   4.41200e+09
       2545.00   4.29900e+09
       2555.00   4.28200e+09
       2565.00   4.24900e+09
       2575.00   4.20700e+09
       2585.00   4.15900e+09
       2595.00   4.11100e+09
       2605.00   4.08100e+09
       2615.00   4.01200e+09
       2625.00   3.98000e+09
       2635.00   3.94300e+09
       2645.00   3.88700e+09
       2655.00   3.85100e+09
       2665.00   3.76200e+09
       2675.00   3.71900e+09
       2685.00   3.72000e+09
       2695.00   3.62600e+09
       2705.00   3.58900e+09
       2715.00   3.56000e+09
       2725.00   3.53700e+09
       2735.00   3.48600e+09
       2745.00   3.46600e+09
       2755.00   3.43400e+09
       2765.00   3.38400e+09
       2775.00   3.37500e+09
       2785.00   3.32200e+09
       2795.00   3.22800e+09
       2805.00   3.24100e+09
       2815.00   3.22800e+09
       2825.00   3.18900e+09
       2835.00   3.11600e+09
       2845.00   3.12300e+09
       2855.00   3.07500e+09
       2865.00   3.04700e+09
       2875.00   3.01600e+09
       2885.00   2.98800e+09
       2895.00   2.95300e+09
       2910.00   2.89200e+09
       2930.00   2.85000e+09
       2950.00   2.77300e+09
       2970.00   2.72400e+09
       2990.00   2.65900e+09
       3010.00   2.58200e+09
       3030.00   2.54200e+09
       3050.00   2.50400e+09
       3070.00   2.46200e+09
       3090.00   2.38000e+09
       3110.00   2.36200e+09
       3130.00   2.30600e+09
       3150.00   2.26500e+09
       3170.00   2.21600e+09
       3190.00   2.17200e+09
       3210.00   2.13000e+09
       3230.00   2.08400e+09
       3250.00   2.05400e+09
       3270.00   2.00400e+09
       3290.00   1.96800e+09
       3310.00   1.93100e+09
       3330.00   1.88800e+09
       3350.00   1.85100e+09
       3370.00   1.81600e+09
       3390.00   1.79100e+09
       3410.00   1.75800e+09
       3430.00   1.72500e+09
       3450.00   1.68700e+09
       3470.00   1.65700e+09
       3490.00   1.62600e+09
       3510.00   1.59800e+09
       3530.00   1.57300e+09
       3550.00   1.54300e+09
       3570.00   1.51600e+09
       3590.00   1.48100e+09
       3610.00   1.45400e+09
       3630.00   1.42900e+09
       3640.00   1.42000e+09
       3650.00   1.37600e+09
       3670.00   1.35700e+09
       3690.00   1.32400e+09
       3710.00   1.29500e+09
       3730.00   1.27700e+09
       3750.00   1.31000e+09
       3770.00   1.28700e+09
       3790.00   1.28300e+09
       3810.00   1.29600e+09
       3830.00   1.21600e+09
       3850.00   1.26700e+09
       3870.00   1.23100e+09
       3890.00   1.16500e+09
       3910.00   1.20700e+09
       3930.00   1.17200e+09
       3950.00   1.15800e+09
       3970.00   1.07900e+09
       3990.00   1.12600e+09
       4010.00   1.10600e+09
       4030.00   1.08000e+09
       4050.00   1.07200e+09
       4070.00   1.03900e+09
       4090.00   1.01200e+09
       4110.00   9.62400e+08
       4130.00   9.92500e+08
       4150.00   9.80800e+08
       4170.00   9.70900e+08
       4190.00   9.55000e+08
       4210.00   9.41900e+08
       4230.00   9.27400e+08
       4250.00   9.07100e+08
       4270.00   8.87400e+08
       4290.00   8.76500e+08
       4310.00   8.58600e+08
       4330.00   8.37500e+08
       4350.00   7.91900e+08
       4370.00   8.20600e+08
       4390.00   8.09800e+08
       4410.00   7.97200e+08
       4430.00   7.90400e+08
       4450.00   7.76700e+08
       4470.00   7.58000e+08
       4490.00   7.54300e+08
       4510.00   7.42200e+08
       4530.00   7.32600e+08
       4550.00   7.20000e+08
       4570.00   7.10200e+08
       4590.00   6.98600e+08
       4610.00   6.87600e+08
       4630.00   6.76400e+08
       4650.00   6.50000e+08
       4670.00   6.55700e+08
       4690.00   6.46600e+08
       4710.00   6.32800e+08
       4730.00   6.32000e+08
       4750.00   6.21600e+08
       4770.00   6.16400e+08
       4790.00   6.07300e+08
       4810.00   5.97400e+08
       4830.00   5.87800e+08
       4850.00   5.77200e+08
       4870.00   5.41200e+08
       4890.00   5.64300e+08
       4910.00   5.56000e+08
       4930.00   5.43500e+08
       4950.00   5.38600e+08
       4970.00   5.34100e+08
       4990.00   5.26500e+08
       5010.00   5.12100e+08
       5030.00   5.11100e+08
       5050.00   5.02900e+08
       5070.00   4.97900e+08
       5090.00   4.90800e+08
       5110.00   4.83900e+08
       5130.00   4.76500e+08
       5150.00   4.70100e+08
       5170.00   4.64100e+08
       5190.00   4.58300e+08
       5210.00   4.52300e+08
       5230.00   4.46100e+08
       5250.00   4.39700e+08
       5270.00   4.33600e+08
       5290.00   4.28500e+08
       5310.00   4.22700e+08
       5330.00   4.17300e+08
       5350.00   4.11800e+08
       5370.00   4.06400e+08
       5390.00   4.00700e+08
       5410.00   3.94900e+08
       5430.00   3.90700e+08
       5450.00   3.85500e+08
       5470.00   3.80500e+08
       5490.00   3.75600e+08
       5510.00   3.70900e+08
       5530.00   3.66000e+08
       5550.00   3.61600e+08
       5570.00   3.56800e+08
       5590.00   3.52000e+08
       5610.00   3.48000e+08
       5630.00   3.43600e+08
       5650.00   3.39100e+08
       5670.00   3.34000e+08
       5690.00   3.27600e+08
       5710.00   3.23500e+08
       5730.00   3.19600e+08
       5750.00   3.15000e+08
       5770.00   3.12100e+08
       5790.00   3.08300e+08
       5810.00   3.04500e+08
       5830.00   3.00700e+08
       5850.00   2.97800e+08
       5870.00   2.89600e+08
       5890.00   2.90200e+08
       5910.00   2.87500e+08
       5930.00   2.84300e+08
       5950.00   2.81000e+08
       5970.00   2.78400e+08
       5990.00   2.74500e+08
       6010.00   2.71500e+08
       6030.00   2.68000e+08
       6050.00   2.65000e+08
       6070.00   2.62100e+08
       6090.00   2.59000e+08
       6110.00   2.55900e+08
       6130.00   2.53000e+08
       6150.00   2.49600e+08
       6170.00   2.46800e+08
       6190.00   2.44200e+08
       6210.00   2.41500e+08
       6230.00   2.38600e+08
       6250.00   2.35800e+08
       6270.00   2.33100e+08
       6290.00   2.30500e+08
       6310.00   2.27700e+08
       6330.00   2.25300e+08
       6350.00   2.22600e+08
       6370.00   2.20200e+08
       6390.00   2.17700e+08
       6410.00   2.15100e+08
       6430.00   2.12800e+08
       6450.00   2.10400e+08
       6470.00   2.07700e+08
       6490.00   2.05400e+08
       6510.00   2.03300e+08
       6530.00   2.00900e+08
       6550.00   1.98000e+08
       6570.00   1.83600e+08
       6590.00   1.93700e+08
       6610.00   1.92300e+08
       6630.00   1.90300e+08
       6650.00   1.88100e+08
       6670.00   1.85000e+08
       6690.00   1.83000e+08
       6710.00   1.82000e+08
       6730.00   1.79700e+08
       6750.00   1.78100e+08
       6770.00   1.76300e+08
       6790.00   1.73900e+08
       6810.00   1.72500e+08
       6830.00   1.70600e+08
       6850.00   1.68900e+08
       6870.00   1.67100e+08
       6890.00   1.65100e+08
       6910.00   1.63300e+08
       6930.00   1.61900e+08
       6950.00   1.60200e+08
       6970.00   1.58500e+08
       6990.00   1.56800e+08
       7010.00   1.55200e+08
       7030.00   1.53400e+08
       7050.00   1.51900e+08
       7070.00   1.48700e+08
       7090.00   1.48900e+08
       7110.00   1.46900e+08
       7130.00   1.45500e+08
       7150.00   1.44300e+08
       7170.00   1.42700e+08
       7190.00   1.41400e+08
       7210.00   1.39900e+08
       7230.00   1.37400e+08
       7250.00   1.36900e+08
       7270.00   1.35700e+08
       7290.00   1.33600e+08
       7310.00   1.33000e+08
       7330.00   1.31600e+08
       7350.00   1.30300e+08
       7370.00   1.29100e+08
       7390.00   1.27800e+08
       7410.00   1.26500e+08
       7430.00   1.25200e+08
       7450.00   1.24000e+08
       7470.00   1.22500e+08
       7490.00   1.21400e+08
       7510.00   1.20300e+08
       7530.00   1.19200e+08
       7550.00   1.18000e+08
       7570.00   1.16900e+08
       7590.00   1.15600e+08
       7610.00   1.14500e+08
       7630.00   1.13500e+08
       7650.00   1.12400e+08
       7670.00   1.11300e+08
       7690.00   1.10200e+08
       7710.00   1.09200e+08
       7730.00   1.08100e+08
       7750.00   1.07100e+08
       7770.00   1.06100e+08
       7790.00   1.05100e+08
       7810.00   1.04100e+08
       7830.00   1.03100e+08
       7850.00   1.02200e+08
       7870.00   1.01100e+08
       7890.00   1.00100e+08
       7910.00   9.93000e+07
       7930.00   9.83300e+07
       7950.00   9.74600e+07
       7970.00   9.65000e+07
       7990.00   9.56500e+07
       8010.00   9.46900e+07
       8030.00   9.38300e+07
       8050.00   9.30100e+07
       8070.00   9.21600e+07
       8090.00   9.12400e+07
       8110.00   9.00800e+07
       8130.00   8.96800e+07
       8150.00   8.87500e+07
       8170.00   8.80500e+07
       8190.00   8.70300e+07
       8210.00   8.59300e+07
       8230.00   8.50900e+07
       8250.00   8.45700e+07
       8270.00   8.33400e+07
       8290.00   8.29800e+07
       8310.00   8.22900e+07
       8330.00   8.15100e+07
       8350.00   8.05600e+07
       8370.00   7.99200e+07
       8390.00   7.93300e+07
       8410.00   7.85600e+07
       8430.00   7.78800e+07
       8450.00   7.69800e+07
       8470.00   7.62000e+07
       8490.00   7.60900e+07
       8510.00   7.44600e+07
       8530.00   7.49700e+07
       8550.00   7.26300e+07
       8570.00   7.42000e+07
       8590.00   7.18900e+07
       8610.00   7.11400e+07
       8630.00   7.26300e+07
       8650.00   7.14500e+07
       8670.00   6.76300e+07
       8690.00   7.09300e+07
       8710.00   7.05700e+07
       8730.00   6.93500e+07
       8750.00   6.50100e+07
       8770.00   6.80100e+07
       8790.00   6.82100e+07
       8810.00   6.76200e+07
       8830.00   6.70200e+07
       8850.00   6.52800e+07
       8870.00   6.18100e+07
       8890.00   6.52900e+07
       8910.00   6.48100e+07
       8930.00   6.42200e+07
       8950.00   6.37400e+07
       8970.00   6.32500e+07
       8990.00   6.23700e+07
       9010.00   5.85000e+07
       9030.00   6.04600e+07
       9050.00   6.11500e+07
       9070.00   6.03600e+07
       9090.00   6.00400e+07
       9110.00   5.96600e+07
       9130.00   5.91900e+07
       9150.00   5.87100e+07
       9170.00   5.81500e+07
       9190.00   5.77400e+07
       9210.00   5.65900e+07
       9230.00   5.27500e+07
       9250.00   5.59000e+07
       9270.00   5.58500e+07
       9290.00   5.54100e+07
       9310.00   5.48500e+07
       9330.00   5.44100e+07
       9350.00   5.40200e+07
       9370.00   5.36400e+07
       9390.00   5.32400e+07
       9410.00   5.27900e+07
       9430.00   5.23700e+07
       9450.00   5.19600e+07
       9470.00   5.14100e+07
       9490.00   5.11300e+07
       9510.00   5.04500e+07
       9530.00   4.96300e+07
       9550.00   4.63900e+07
       9570.00   4.93400e+07
       9590.00   4.91800e+07
       9610.00   4.86800e+07
       9630.00   4.82300e+07
       9650.00   4.80300e+07
       9670.00   4.76600e+07
       9690.00   4.72700e+07
       9710.00   4.64800e+07
       9730.00   4.65000e+07
       9750.00   4.61900e+07
       9770.00   4.58400e+07
       9790.00   4.54800e+07
       9810.00   4.51000e+07
       9830.00   4.47900e+07
       9850.00   4.44400e+07
       9870.00   4.40900e+07
       9890.00   4.37100e+07
       9910.00   4.32700e+07
       9930.00   4.31000e+07
       9950.00   4.27700e+07
       9970.00   4.24400e+07
       9990.00   4.21300e+07
       10025.0   4.09900e+07
       10075.0   3.98000e+07
       10125.0   3.99000e+07
       10175.0   3.93000e+07
       10225.0   3.85700e+07
       10275.0   3.78700e+07
       10325.0   3.70800e+07
       10375.0   3.65000e+07
       10425.0   3.58400e+07
       10475.0   3.52000e+07
       10525.0   3.45600e+07
       10575.0   3.39500e+07
       10625.0   3.33400e+07
       10675.0   3.27200e+07
       10725.0   3.21700e+07
       10775.0   3.16100e+07
       10825.0   3.07900e+07
       10875.0   3.05100e+07
       10925.0   2.88500e+07
       10975.0   2.93400e+07
       11025.0   2.88700e+07
       11075.0   2.84600e+07
       11125.0   2.79800e+07
       11175.0   2.75100e+07
       11225.0   2.70300e+07
       11275.0   2.65800e+07
       11325.0   2.61200e+07
       11375.0   2.57000e+07
       11425.0   2.52700e+07
       11475.0   2.48500e+07
       11525.0   2.44500e+07
       11575.0   2.40400e+07
       11625.0   2.36400e+07
       11675.0   2.32400e+07
       11725.0   2.28900e+07
       11775.0   2.25200e+07
       11825.0   2.21500e+07
       11875.0   2.18000e+07
       11925.0   2.14500e+07
       11975.0   2.10100e+07
       12025.0   2.07800e+07
       12075.0   2.04500e+07
       12125.0   2.01300e+07
       12175.0   1.98100e+07
       12225.0   1.95000e+07
       12275.0   1.92000e+07
       12325.0   1.89000e+07
       12375.0   1.86100e+07
       12425.0   1.83300e+07
       12475.0   1.80400e+07
       12525.0   1.77400e+07
       12575.0   1.74900e+07
       12625.0   1.72300e+07
       12675.0   1.69800e+07
       12725.0   1.67200e+07
       12775.0   1.63300e+07
       12825.0   1.56200e+07
       12875.0   1.59800e+07
       12925.0   1.57500e+07
       12975.0   1.54600e+07
       13025.0   1.52800e+07
       13075.0   1.50600e+07
       13125.0   1.48400e+07
       13175.0   1.46300e+07
       13225.0   1.44200e+07
       13275.0   1.42100e+07
       13325.0   1.40000e+07
       13375.0   1.38000e+07
       13425.0   1.35900e+07
       13475.0   1.34100e+07
       13525.0   1.32100e+07
       13575.0   1.30300e+07
       13625.0   1.28400e+07
       13675.0   1.26700e+07
       13725.0   1.24800e+07
       13775.0   1.23200e+07
       13825.0   1.21500e+07
       13875.0   1.19800e+07
       13925.0   1.18100e+07
       13975.0   1.16500e+07
       14025.0   1.14900e+07
       14075.0   1.13400e+07
       14125.0   1.11800e+07
       14175.0   1.10300e+07
       14225.0   1.08800e+07
       14275.0   1.07300e+07
       14325.0   1.05900e+07
       14375.0   1.04500e+07
       14425.0   1.03100e+07
       14475.0   1.01700e+07
       14525.0   1.00300e+07
       14570.0   9.91600e+06
       14620.0   9.78300e+06
       14675.0   9.64200e+06
       14725.0   9.51600e+06
       14775.0   9.39000e+06
       14825.0   9.27100e+06
       14875.0   9.15100e+06
       14925.0   9.03300e+06
       14975.0   8.91700e+06
       15025.0   8.79900e+06
       15075.0   8.67700e+06
       15125.0   8.57500e+06
       15175.0   8.46500e+06
       15225.0   8.36300e+06
       15275.0   8.24500e+06
       15325.0   8.13900e+06
       15375.0   8.05200e+06
       15425.0   7.92000e+06
       15475.0   7.85400e+06
       15525.0   7.76000e+06
       15575.0   7.60100e+06
       15625.0   7.58800e+06
       15675.0   7.45800e+06
       15725.0   7.30800e+06
       15775.0   7.31800e+06
       15825.0   7.22800e+06
       15875.0   6.97700e+06
       15925.0   7.04400e+06
       15975.0   6.98500e+06
       16050.0   6.84400e+06
       16150.0   6.59100e+06
       16250.0   6.53700e+06
       16350.0   6.36500e+06
       16450.0   6.12900e+06
       16550.0   6.08800e+06
       16650.0   5.94700e+06
       16750.0   5.79100e+06
       16850.0   5.57700e+06
       16950.0   5.54700e+06
       17050.0   5.40200e+06
       17150.0   5.29900e+06
       17250.0   5.18100e+06
       17350.0   4.95900e+06
       17450.0   4.95100e+06
       17550.0   4.84400e+06
       17650.0   4.73800e+06
       17750.0   4.63400e+06
       17850.0   4.53100e+06
       17950.0   4.43600e+06
       18050.0   4.34100e+06
       18150.0   4.16000e+06
       18250.0   4.15100e+06
       18350.0   4.07000e+06
       18450.0   3.98400e+06
       18550.0   3.89800e+06
       18650.0   3.80200e+06
       18750.0   3.65600e+06
       18850.0   3.66400e+06
       18950.0   3.58800e+06
       19050.0   3.50800e+06
       19150.0   3.44500e+06
       19250.0   3.37500e+06
       19350.0   3.30800e+06
       19450.0   3.16400e+06
       19550.0   3.17400e+06
       19650.0   3.11400e+06
       19750.0   3.05300e+06
       19850.0   2.99300e+06
       19950.0   2.93500e+06
       20050.0   2.87800e+06
       20150.0   2.82200e+06
       20250.0   2.76800e+06
       20350.0   2.71500e+06
       20450.0   2.66300e+06
       20550.0   2.60800e+06
       20650.0   2.56400e+06
       20750.0   2.51500e+06
       20850.0   2.46900e+06
       20950.0   2.42200e+06
       21050.0   2.37700e+06
       21150.0   2.32600e+06
       21250.0   2.29100e+06
       21350.0   2.24900e+06
       21450.0   2.20800e+06
       21550.0   2.16800e+06
       21650.0   2.07500e+06
       21750.0   2.09000e+06
       21850.0   2.05300e+06
       21950.0   2.01700e+06
       22050.0   1.98200e+06
       22150.0   1.94700e+06
       22250.0   1.91200e+06
       22350.0   1.87900e+06
       22450.0   1.84600e+06
       22550.0   1.81400e+06
       22650.0   1.78300e+06
       22750.0   1.75200e+06
       22850.0   1.72200e+06
       22950.0   1.69300e+06
       23050.0   1.66400e+06
       23150.0   1.63600e+06
       23250.0   1.60900e+06
       23350.0   1.58200e+06
       23450.0   1.55500e+06
       23550.0   1.53000e+06
       23650.0   1.50400e+06
       23750.0   1.47900e+06
       23850.0   1.45500e+06
       23950.0   1.43100e+06
       24050.0   1.40800e+06
       24150.0   1.38500e+06
       24250.0   1.36300e+06
       24350.0   1.34000e+06
       24450.0   1.31800e+06
       24550.0   1.29900e+06
       24650.0   1.27700e+06
       24750.0   1.25500e+06
       24850.0   1.24000e+06
       24950.0   1.21400e+06
       25050.0   1.20200e+06
       25150.0   1.18400e+06
       25250.0   1.15500e+06
       25350.0   1.14600e+06
       25450.0   1.13000e+06
       25550.0   1.11200e+06
       25650.0   1.08200e+06
       25750.0   1.07800e+06
       25850.0   1.06200e+06
       25950.0   1.04600e+06
       26050.0   1.02900e+06
       26150.0       996600.
       26250.0       972400.
       26350.0       984300.
       26450.0       970300.
       26550.0       955300.
       26650.0       941000.
       26750.0       908800.
       26850.0       913300.
       26950.0       901100.
       27050.0       888100.
       27150.0       875200.
       27250.0       862500.
       27350.0       850100.
       27450.0       838000.
       27550.0       809100.
       27650.0       811000.
       27750.0       802700.
       27850.0       791400.
       27950.0       780200.
       28050.0       769200.
       28150.0       758500.
       28250.0       748000.
       28350.0       737600.
       28450.0       727400.
       28550.0       717100.
       28650.0       706100.
       28750.0       680900.
       28850.0       688300.
       28950.0       678900.
       29050.0       669700.
       29150.0       660700.
       29250.0       651800.
       29350.0       643000.
       29450.0       634400.
       29550.0       626000.
       29650.0       617700.
       29750.0       609500.
       29850.0       601400.
       29950.0       593500.
       30050.0       585700.
       30150.0       577900.
       30250.0       570500.
       30350.0       551700.
       30450.0       551600.
       30550.0       548600.
       30650.0       541500.
       30750.0       534400.
       30850.0       527600.
       30950.0       521100.
       31050.0       514500.
       31150.0       507900.
       31250.0       501400.
       31350.0       495200.
       31450.0       489000.
       31550.0       482900.
       31650.0       476900.
       31750.0       470900.
       31850.0       465100.
       31950.0       459400.
       32100.0       450900.
       32300.0       440000.
       32500.0       429300.
       32700.0       419000.
       32900.0       402400.
       33100.0       398400.
       33300.0       389500.
       33500.0       380500.
       33700.0       371600.
       33900.0       363700.
       34100.0       355300.
       34300.0       347100.
       34500.0       339200.
       34700.0       331500.
       34900.0       323900.
       35100.0       316600.
       35300.0       309500.
       35500.0       302500.
       35700.0       295800.
       35900.0       289600.
       36100.0       282900.
       36300.0       277100.
       36500.0       270600.
       36700.0       265300.
       36900.0       258900.
       37100.0       253800.
       37300.0       247100.
       37500.0       239900.
       37700.0       238400.
       37900.0       233500.
       38100.0       227900.
       38300.0       223400.
       38500.0       219300.
       38700.0       214800.
       38900.0       210500.
       39100.0       204700.
       39300.0       202100.
       39500.0       198000.
       39700.0       194100.
       39900.0       190300.
       40100.0       185800.
       40300.0       181300.
       40500.0       176500.
       40700.0       175800.
       40900.0       172400.
       41100.0       169100.
       41300.0       165700.
       41500.0       162700.
       41700.0       157500.
       41900.0       156600.
       42100.0       153600.
       42300.0       150800.
       42500.0       147900.
       42700.0       145200.
       42900.0       142300.
       43100.0       139900.
       43300.0       137400.
       43500.0       134900.
       43700.0       130600.
       43900.0       129800.
       44100.0       127700.
       44300.0       125400.
       44500.0       123200.
       44700.0       121100.
       44900.0       119000.
       45100.0       116900.
       45300.0       114800.
       45500.0       112800.
       45700.0       110900.
       45900.0       109000.
       46100.0       107100.
       46300.0       105300.
       46500.0       101400.
       46700.0       99880.0
       46900.0       99810.0
       47100.0       98300.0
       47300.0       96650.0
       47500.0       95030.0
       47700.0       93460.0
       47900.0       91910.0
       48100.0       90390.0
       48300.0       88910.0
       48500.0       87450.0
       48700.0       86030.0
       48900.0       84630.0
       49100.0       83260.0
       49300.0       81920.0
       49500.0       80610.0
       49700.0       79320.0
       49900.0       78060.0
       50100.0       76820.0
       50300.0       75600.0
       50500.0       74420.0
       50700.0       73250.0
       50900.0       72060.0
       51100.0       70960.0
       51300.0       68590.0
       51500.0       68810.0
       51700.0       67670.0
       51900.0       66720.0
       52100.0       65700.0
       52300.0       64700.0
       52500.0       63700.0
       52700.0       62640.0
       52900.0       61820.0
       53100.0       60890.0
       53300.0       59990.0
       53500.0       59100.0
       53700.0       58110.0
       53900.0       57260.0
       54100.0       56520.0
       54300.0       55690.0
       54500.0       54880.0
       54700.0       54080.0
       54900.0       53300.0
       55100.0       52490.0
       55300.0       51520.0
       55500.0       51030.0
       55700.0       50300.0
       55900.0       49590.0
       56100.0       48890.0
       56300.0       48190.0
       56500.0       47520.0
       56700.0       46850.0
       56900.0       46190.0
       57100.0       45170.0
       57300.0       44910.0
       57500.0       44300.0
       57700.0       43680.0
       57900.0       43080.0
       58100.0       42500.0
       58300.0       41910.0
       58500.0       41370.0
       58700.0       40810.0
       58900.0       40220.0
       59100.0       38890.0
       59300.0       39170.0
       59500.0       38230.0
       59700.0       38030.0
       59900.0       37630.0
       60100.0       37130.0
       60300.0       36640.0
       60500.0       36160.0
       60700.0       35690.0
       60900.0       35220.0
       61100.0       34760.0
       61300.0       34310.0
       61500.0       33860.0
       61700.0       33430.0
       61900.0       33000.0
       62100.0       32570.0
       62300.0       32160.0
       62500.0       31750.0
       62700.0       31330.0
       62900.0       30450.0
       63100.0       30520.0
       63300.0       30170.0
       63500.0       29790.0
       63700.0       29420.0
       63900.0       29050.0
       64200.0       28510.0
       64600.0       27810.0
       65000.0       27130.0
       65400.0       26470.0
       65800.0       25840.0
       66200.0       25220.0
       66600.0       24620.0
       67000.0       24030.0
       67400.0       23460.0
       67800.0       22690.0
       68200.0       22380.0
       68600.0       21860.0
       69000.0       21360.0
       69400.0       20870.0
       69800.0       20400.0
       70200.0       19940.0
       70600.0       19490.0
       71000.0       19040.0
       71400.0       18630.0
       71800.0       18210.0
       72200.0       17810.0
       72600.0       17400.0
       73000.0       17040.0
       73400.0       16670.0
       73800.0       16310.0
       74200.0       15940.0
       74600.0       15420.0
       75000.0       14950.0
       75400.0       14960.0
       75800.0       14660.0
       76200.0       14350.0
       76600.0       14050.0
       77000.0       13760.0
       77400.0       13480.0
       77800.0       13160.0
       78200.0       12930.0
       78600.0       12670.0
       79000.0       12420.0
       79400.0       12170.0
       79800.0       11920.0
       80200.0       11690.0
       80600.0       11460.0
       81000.0       11230.0
       81400.0       10960.0
       81800.0       10790.0
       82200.0       10590.0
       82600.0       10380.0
       83000.0       10180.0
       83400.0       9990.00
       83800.0       9800.00
       84200.0       9615.00
       84600.0       9434.00
       85000.0       9256.00
       85400.0       9084.00
       85800.0       8915.00
       86200.0       8750.00
       86600.0       8519.00
       87000.0       8431.00
       87400.0       8224.00
       87800.0       8073.00
       88200.0       7981.00
       88600.0       7837.00
       89000.0       7696.00
       89400.0       7559.00
       89800.0       7425.00
       90200.0       7293.00
       90600.0       7165.00
       91000.0       7040.00
       91400.0       6917.00
       91800.0       6796.00
       92200.0       6679.00
       92600.0       6563.00
       93000.0       6451.00
       93400.0       6341.00
       93800.0       6171.00
       94200.0       6120.00
       94600.0       6024.00
       95000.0       5922.00
       95400.0       5821.00
       95800.0       5727.00
       96200.0       5632.00
       96600.0       5538.00
       97000.0       5448.00
       97400.0       5358.00
       97800.0       5271.00
       98200.0       5185.00
       98600.0       5095.00
       99000.0       5019.00
       99400.0       4938.00
       99800.0       4859.00
       100200.       4781.00
       200000.       296.100
       400000.       18.0500
       600000.       3.50700
       800000.       1.09700
   1.00000e+06      0.445100
   1.20000e+06      0.213100
   1.40000e+06      0.114300
   1.60000e+06     0.0666200
