       90.9000   4.53200e-14
       93.5000   2.09000e-13
       96.1000   8.87800e-13
       97.7000   2.10400e-12
       99.6000   5.63300e-12
       102.000   1.86200e-11
       103.800   4.41800e-11
       105.600   1.02000e-10
       107.700   2.61900e-10
       110.400   8.37600e-10
       114.000   3.64300e-09
       117.800   1.57100e-08
       121.300   5.59200e-08
       124.800   1.85900e-07
       127.100   3.95600e-07
       128.400   5.99300e-07
       130.500   1.15200e-06
       132.400   2.04600e-06
       133.900   3.18700e-06
       136.600   6.90400e-06
       139.800   1.66700e-05
       143.300   4.17800e-05
       147.200   0.000110000
       151.000   0.000273200
       155.200   0.000704600
       158.800    0.00152900
       162.000    0.00295500
       166.000    0.00654100
       170.300     0.0146900
       173.400     0.0257700
       176.800     0.0468200
       180.200     0.0829100
       181.700      0.106400
       186.100      0.214300
       191.000      0.451000
       193.900      0.689300
       198.400       1.30100
       201.800       2.05800
       205.000       3.13100
       210.500       6.26700
       216.200       12.3400
       219.800       18.7700
       223.000       26.8100
       226.800       40.5000
       230.000       46590.0
       234.000       113100.
       240.000       160700.
       246.500       241700.
       252.400       383900.
       256.800       506700.
       260.000       808100.
       264.000   1.84300e+06
       268.500   2.82600e+06
       273.500   3.51700e+06
       278.500   3.69200e+06
       284.000   7.22500e+06
       290.000   9.73700e+06
       296.000   1.12700e+07
       301.000   2.29400e+07
       308.000   6.18500e+07
       318.000   1.23900e+08
       328.000   1.89400e+08
       338.000   3.05200e+08
       348.000   4.24900e+08
       357.000   9.21800e+08
       366.000   1.97200e+09
       375.000   2.28100e+09
       385.000   2.50200e+09
       395.000   4.26100e+09
       405.000   5.87400e+09
       414.000   5.80500e+09
       422.000   6.05200e+09
       430.000   5.70900e+09
       441.000   6.73100e+09
       451.000   6.85300e+09
       460.000   6.10900e+09
       470.000   6.59600e+09
       480.000   7.58200e+09
       490.000   6.30600e+09
       500.000   8.07900e+09
       506.000   9.45100e+09
       512.000   3.35600e+10
       520.000   3.14500e+10
       530.000   2.77300e+10
       540.000   2.48800e+10
       550.000   2.47900e+10
       560.000   3.40000e+10
       570.000   3.85900e+10
       580.000   3.62100e+10
       590.000   3.70000e+10
       600.000   2.77500e+10
       610.000   3.17700e+10
       620.000   4.06000e+10
       630.000   3.85800e+10
       640.000   4.11000e+10
       650.000   3.88000e+10
       658.000   3.14700e+10
       665.000   3.83100e+10
       675.000   4.32000e+10
       685.000   3.32800e+10
       695.000   4.22600e+10
       705.000   3.23600e+10
       716.000   4.42700e+10
       726.000   4.36600e+10
       735.000   4.40500e+10
       745.000   3.99800e+10
       755.000   3.98200e+10
       765.000   3.77200e+10
       775.000   4.02900e+10
       785.000   3.84200e+10
       795.000   4.07800e+10
       805.000   3.92200e+10
       815.000   3.90700e+10
       825.000   4.02600e+10
       835.000   3.23700e+10
       845.000   3.82600e+10
       855.000   3.72800e+10
       865.000   3.84200e+10
       875.000   3.82000e+10
       885.000   3.79500e+10
       895.000   3.76800e+10
       905.000   3.64000e+10
       915.000   3.39700e+10
       925.000   6.78400e+10
       935.000   9.46600e+10
       945.000   1.06200e+11
       955.000   1.13400e+11
       965.000   1.21200e+11
       975.000   7.56200e+10
       985.000   1.03000e+11
       995.000   9.33700e+10
       1005.00   9.37900e+10
       1015.00   9.77800e+10
       1025.00   8.74600e+10
       1035.00   9.73300e+10
       1045.00   1.03700e+11
       1055.00   9.98900e+10
       1065.00   9.22700e+10
       1075.00   9.21900e+10
       1085.00   8.63800e+10
       1095.00   8.90000e+10
       1105.00   8.57100e+10
       1115.00   8.39300e+10
       1125.00   7.52600e+10
       1135.00   8.11600e+10
       1145.00   7.98100e+10
       1155.00   7.48000e+10
       1165.00   7.23000e+10
       1175.00   5.50600e+10
       1185.00   6.63400e+10
       1195.00   6.42300e+10
       1205.00   6.27200e+10
       1215.00   5.39000e+10
       1225.00   5.94900e+10
       1235.00   6.18100e+10
       1245.00   6.00300e+10
       1255.00   5.95800e+10
       1265.00   6.05100e+10
       1275.00   6.14200e+10
       1285.00   6.08900e+10
       1295.00   5.88000e+10
       1305.00   5.73900e+10
       1315.00   5.86600e+10
       1325.00   5.71100e+10
       1335.00   5.55200e+10
       1345.00   5.55400e+10
       1355.00   5.32900e+10
       1365.00   5.18200e+10
       1375.00   5.01400e+10
       1385.00   4.91600e+10
       1395.00   4.41800e+10
       1405.00   4.30600e+10
       1415.00   4.72100e+10
       1425.00   4.27000e+10
       1435.00   4.47700e+10
       1442.00   4.36600e+10
       1447.00   4.35500e+10
       1455.00   4.17200e+10
       1465.00   4.12900e+10
       1475.00   4.11000e+10
       1485.00   4.11200e+10
       1495.00   3.98100e+10
       1505.00   3.95800e+10
       1512.00   3.90800e+10
       1517.00   3.89000e+10
       1525.00   3.77100e+10
       1535.00   3.40200e+10
       1545.00   2.80900e+10
       1555.00   2.86900e+10
       1565.00   3.18900e+10
       1575.00   3.30700e+10
       1585.00   3.29300e+10
       1595.00   3.26100e+10
       1605.00   3.06000e+10
       1615.00   2.95100e+10
       1625.00   2.99000e+10
       1635.00   2.98400e+10
       1645.00   2.92600e+10
       1655.00   2.97200e+10
       1665.00   2.91400e+10
       1672.00   2.71200e+10
       1677.00   3.05500e+10
       1685.00   2.94000e+10
       1695.00   2.86300e+10
       1705.00   2.81600e+10
       1715.00   2.69400e+10
       1725.00   2.62800e+10
       1735.00   2.70100e+10
       1745.00   2.66600e+10
       1755.00   2.60300e+10
       1765.00   2.57600e+10
       1775.00   2.50700e+10
       1785.00   2.51700e+10
       1795.00   2.44300e+10
       1805.00   2.42500e+10
       1815.00   2.37900e+10
       1825.00   2.32900e+10
       1835.00   2.32600e+10
       1845.00   2.27200e+10
       1855.00   2.26000e+10
       1865.00   2.23600e+10
       1875.00   2.17600e+10
       1885.00   2.12100e+10
       1895.00   2.11800e+10
       1905.00   2.11500e+10
       1915.00   2.07400e+10
       1925.00   1.96800e+10
       1935.00   2.02700e+10
       1945.00   2.01400e+10
       1955.00   1.89600e+10
       1967.00   1.93100e+10
       1976.00   1.92000e+10
       1984.00   1.89500e+10
       1995.00   1.84400e+10
       2005.00   1.85600e+10
       2015.00   1.83100e+10
       2025.00   1.80500e+10
       2035.00   1.76600e+10
       2045.00   1.73400e+10
       2055.00   1.35600e+10
       2065.00   1.31000e+10
       2074.00   1.36100e+10
       2078.00   1.38100e+10
       2085.00   1.50200e+10
       2095.00   1.58500e+10
       2105.00   1.57800e+10
       2115.00   1.58400e+10
       2125.00   1.54900e+10
       2135.00   1.53900e+10
       2145.00   1.51500e+10
       2155.00   1.51200e+10
       2165.00   1.44200e+10
       2175.00   1.47300e+10
       2185.00   1.42300e+10
       2195.00   1.44100e+10
       2205.00   1.41900e+10
       2215.00   1.36500e+10
       2225.00   1.37500e+10
       2235.00   1.35700e+10
       2245.00   1.33300e+10
       2255.00   1.29100e+10
       2265.00   1.29900e+10
       2275.00   1.28500e+10
       2285.00   1.25500e+10
       2295.00   1.18100e+10
       2305.00   1.19900e+10
       2315.00   1.20000e+10
       2325.00   1.19200e+10
       2335.00   1.17500e+10
       2345.00   1.15500e+10
       2355.00   1.13400e+10
       2365.00   1.11600e+10
       2375.00   1.09500e+10
       2385.00   1.04900e+10
       2395.00   1.05700e+10
       2405.00   1.05200e+10
       2415.00   1.03900e+10
       2425.00   1.03200e+10
       2435.00   1.01500e+10
       2445.00   1.00300e+10
       2455.00   9.86700e+09
       2465.00   9.74800e+09
       2475.00   9.64100e+09
       2485.00   9.39500e+09
       2495.00   7.65600e+09
       2505.00   9.08100e+09
       2513.00   8.69300e+09
       2518.00   8.87800e+09
       2525.00   8.97100e+09
       2535.00   8.90800e+09
       2545.00   8.78800e+09
       2555.00   8.66100e+09
       2565.00   8.56000e+09
       2575.00   8.44300e+09
       2585.00   8.33900e+09
       2595.00   8.16400e+09
       2605.00   8.13900e+09
       2615.00   7.98600e+09
       2625.00   7.92800e+09
       2635.00   7.84600e+09
       2645.00   7.71700e+09
       2655.00   7.63700e+09
       2665.00   7.51700e+09
       2675.00   7.34500e+09
       2685.00   7.33600e+09
       2695.00   7.21900e+09
       2705.00   7.17200e+09
       2715.00   7.05600e+09
       2725.00   6.98000e+09
       2735.00   6.76800e+09
       2745.00   6.83400e+09
       2755.00   6.74000e+09
       2765.00   6.64400e+09
       2775.00   6.58500e+09
       2785.00   6.47800e+09
       2795.00   6.33500e+09
       2805.00   6.32300e+09
       2815.00   6.26400e+09
       2825.00   6.18000e+09
       2835.00   6.10500e+09
       2845.00   6.05400e+09
       2855.00   5.97600e+09
       2865.00   5.88200e+09
       2875.00   5.82100e+09
       2885.00   5.75900e+09
       2895.00   5.69100e+09
       2910.00   5.57700e+09
       2930.00   5.46700e+09
       2950.00   5.32800e+09
       2970.00   5.20100e+09
       2990.00   5.05500e+09
       3010.00   4.93900e+09
       3030.00   4.80500e+09
       3050.00   4.72100e+09
       3070.00   4.62400e+09
       3090.00   4.52200e+09
       3110.00   4.43400e+09
       3130.00   4.33100e+09
       3150.00   4.24600e+09
       3170.00   4.14900e+09
       3190.00   4.06300e+09
       3210.00   3.93200e+09
       3230.00   3.89200e+09
       3250.00   3.81700e+09
       3270.00   3.70500e+09
       3290.00   3.64700e+09
       3310.00   3.56700e+09
       3330.00   3.49000e+09
       3350.00   3.40000e+09
       3370.00   3.34100e+09
       3390.00   3.28500e+09
       3410.00   3.21600e+09
       3430.00   3.15500e+09
       3450.00   3.07500e+09
       3470.00   3.02700e+09
       3490.00   2.96900e+09
       3510.00   2.91200e+09
       3530.00   2.85100e+09
       3550.00   2.79400e+09
       3570.00   2.74300e+09
       3590.00   2.68400e+09
       3610.00   2.62700e+09
       3630.00   2.57700e+09
       3640.00   2.52600e+09
       3650.00   2.34100e+09
       3670.00   2.30000e+09
       3690.00   2.26200e+09
       3710.00   2.22100e+09
       3730.00   2.20600e+09
       3750.00   2.22400e+09
       3770.00   2.21100e+09
       3790.00   2.23400e+09
       3810.00   2.25200e+09
       3830.00   2.10900e+09
       3850.00   2.20900e+09
       3870.00   2.16600e+09
       3890.00   1.99100e+09
       3910.00   2.11800e+09
       3930.00   2.05800e+09
       3950.00   2.02700e+09
       3970.00   1.83800e+09
       3990.00   1.96800e+09
       4010.00   1.92900e+09
       4030.00   1.86800e+09
       4050.00   1.86800e+09
       4070.00   1.81900e+09
       4090.00   1.75000e+09
       4110.00   1.64200e+09
       4130.00   1.72600e+09
       4150.00   1.69900e+09
       4170.00   1.67900e+09
       4190.00   1.64700e+09
       4210.00   1.60700e+09
       4230.00   1.59800e+09
       4250.00   1.56600e+09
       4270.00   1.53700e+09
       4290.00   1.51300e+09
       4310.00   1.48100e+09
       4330.00   1.42300e+09
       4350.00   1.34700e+09
       4370.00   1.41100e+09
       4390.00   1.37800e+09
       4410.00   1.36000e+09
       4430.00   1.34500e+09
       4450.00   1.32200e+09
       4470.00   1.28700e+09
       4490.00   1.28100e+09
       4510.00   1.25200e+09
       4530.00   1.23500e+09
       4550.00   1.20400e+09
       4570.00   1.20000e+09
       4590.00   1.17800e+09
       4610.00   1.16200e+09
       4630.00   1.13700e+09
       4650.00   1.09100e+09
       4670.00   1.10300e+09
       4690.00   1.06500e+09
       4710.00   1.06900e+09
       4730.00   1.06200e+09
       4750.00   1.04600e+09
       4770.00   1.03000e+09
       4790.00   1.01400e+09
       4810.00   9.98400e+08
       4830.00   9.82500e+08
       4850.00   9.51700e+08
       4870.00   8.86900e+08
       4890.00   9.37700e+08
       4910.00   9.23900e+08
       4930.00   9.03700e+08
       4950.00   8.96200e+08
       4970.00   8.85000e+08
       4990.00   8.72100e+08
       5010.00   8.52600e+08
       5030.00   8.45100e+08
       5050.00   8.31900e+08
       5070.00   8.21900e+08
       5090.00   8.10000e+08
       5110.00   7.98300e+08
       5130.00   7.86500e+08
       5150.00   7.75100e+08
       5170.00   7.64100e+08
       5190.00   7.53300e+08
       5210.00   7.42800e+08
       5230.00   7.32400e+08
       5250.00   7.20500e+08
       5270.00   7.10300e+08
       5290.00   7.01900e+08
       5310.00   6.92000e+08
       5330.00   6.82300e+08
       5350.00   6.73000e+08
       5370.00   6.63600e+08
       5390.00   6.54400e+08
       5410.00   6.37600e+08
       5430.00   6.36700e+08
       5450.00   6.28000e+08
       5470.00   6.19300e+08
       5490.00   6.11100e+08
       5510.00   6.02300e+08
       5530.00   5.94700e+08
       5550.00   5.86800e+08
       5570.00   5.78500e+08
       5590.00   5.69500e+08
       5610.00   5.63600e+08
       5630.00   5.56100e+08
       5650.00   5.48800e+08
       5670.00   5.41400e+08
       5690.00   5.27100e+08
       5710.00   5.03800e+08
       5730.00   4.97500e+08
       5750.00   4.91000e+08
       5770.00   4.85200e+08
       5790.00   4.79300e+08
       5810.00   4.72600e+08
       5830.00   4.68500e+08
       5850.00   4.65100e+08
       5870.00   4.54800e+08
       5890.00   4.56800e+08
       5910.00   4.53200e+08
       5930.00   4.49800e+08
       5950.00   4.46800e+08
       5970.00   4.43700e+08
       5990.00   4.39700e+08
       6010.00   4.35200e+08
       6030.00   4.29600e+08
       6050.00   4.24500e+08
       6070.00   4.19100e+08
       6090.00   4.14400e+08
       6110.00   4.08900e+08
       6130.00   4.04000e+08
       6150.00   3.99200e+08
       6170.00   3.93500e+08
       6190.00   3.89900e+08
       6210.00   3.85200e+08
       6230.00   3.79500e+08
       6250.00   3.75700e+08
       6270.00   3.71400e+08
       6290.00   3.67000e+08
       6310.00   3.61100e+08
       6330.00   3.58300e+08
       6350.00   3.54000e+08
       6370.00   3.49900e+08
       6390.00   3.45700e+08
       6410.00   3.40100e+08
       6430.00   3.37700e+08
       6450.00   3.33500e+08
       6470.00   3.29500e+08
       6490.00   3.25800e+08
       6510.00   3.22000e+08
       6530.00   3.16300e+08
       6550.00   3.11500e+08
       6570.00   2.88000e+08
       6590.00   3.07000e+08
       6610.00   3.04100e+08
       6630.00   3.00700e+08
       6650.00   2.97200e+08
       6670.00   2.91800e+08
       6690.00   2.87000e+08
       6710.00   2.86800e+08
       6730.00   2.83600e+08
       6750.00   2.80500e+08
       6770.00   2.77700e+08
       6790.00   2.74600e+08
       6810.00   2.71600e+08
       6830.00   2.68600e+08
       6850.00   2.65600e+08
       6870.00   2.62600e+08
       6890.00   2.57700e+08
       6910.00   2.56800e+08
       6930.00   2.54200e+08
       6950.00   2.51400e+08
       6970.00   2.48700e+08
       6990.00   2.46000e+08
       7010.00   2.43200e+08
       7030.00   2.40200e+08
       7050.00   2.37900e+08
       7070.00   2.33300e+08
       7090.00   2.33000e+08
       7110.00   2.30500e+08
       7130.00   2.28100e+08
       7150.00   2.25700e+08
       7170.00   2.22000e+08
       7190.00   2.20400e+08
       7210.00   2.18600e+08
       7230.00   2.16000e+08
       7250.00   2.14000e+08
       7270.00   2.11800e+08
       7290.00   2.08700e+08
       7310.00   2.07300e+08
       7330.00   2.05300e+08
       7350.00   2.03100e+08
       7370.00   2.01000e+08
       7390.00   1.99000e+08
       7410.00   1.96900e+08
       7430.00   1.94900e+08
       7450.00   1.92800e+08
       7470.00   1.90900e+08
       7490.00   1.88600e+08
       7510.00   1.87000e+08
       7530.00   1.85200e+08
       7550.00   1.83300e+08
       7570.00   1.81400e+08
       7590.00   1.78000e+08
       7610.00   1.77700e+08
       7630.00   1.76000e+08
       7650.00   1.74300e+08
       7670.00   1.72600e+08
       7690.00   1.70600e+08
       7710.00   1.69100e+08
       7730.00   1.67200e+08
       7750.00   1.65800e+08
       7770.00   1.64300e+08
       7790.00   1.62700e+08
       7810.00   1.61000e+08
       7830.00   1.59500e+08
       7850.00   1.57800e+08
       7870.00   1.56300e+08
       7890.00   1.54800e+08
       7910.00   1.53400e+08
       7930.00   1.51900e+08
       7950.00   1.50500e+08
       7970.00   1.49000e+08
       7990.00   1.47600e+08
       8010.00   1.46200e+08
       8030.00   1.44700e+08
       8050.00   1.43500e+08
       8070.00   1.42100e+08
       8090.00   1.40700e+08
       8110.00   1.39300e+08
       8130.00   1.38100e+08
       8150.00   1.36700e+08
       8170.00   1.35500e+08
       8190.00   1.33800e+08
       8210.00   1.29600e+08
       8230.00   1.27800e+08
       8250.00   1.27200e+08
       8270.00   1.26000e+08
       8290.00   1.25000e+08
       8310.00   1.23900e+08
       8330.00   1.22600e+08
       8350.00   1.21300e+08
       8370.00   1.20500e+08
       8390.00   1.19500e+08
       8410.00   1.18500e+08
       8430.00   1.17500e+08
       8450.00   1.16300e+08
       8470.00   1.15500e+08
       8490.00   1.14600e+08
       8510.00   1.13200e+08
       8530.00   1.12800e+08
       8550.00   1.11400e+08
       8570.00   1.11400e+08
       8590.00   1.09400e+08
       8610.00   1.08700e+08
       8630.00   1.09200e+08
       8650.00   1.07600e+08
       8670.00   1.04300e+08
       8690.00   1.06700e+08
       8710.00   1.06300e+08
       8730.00   1.04800e+08
       8750.00   9.96700e+07
       8770.00   1.02700e+08
       8790.00   1.03300e+08
       8810.00   1.02500e+08
       8830.00   1.01600e+08
       8850.00   9.84800e+07
       8870.00   9.39600e+07
       8890.00   9.86600e+07
       8910.00   9.83400e+07
       8930.00   9.74500e+07
       8950.00   9.67100e+07
       8970.00   9.59300e+07
       8990.00   9.43500e+07
       9010.00   8.83600e+07
       9030.00   9.05700e+07
       9050.00   9.24500e+07
       9070.00   9.15800e+07
       9090.00   9.10900e+07
       9110.00   9.03500e+07
       9130.00   8.96900e+07
       9150.00   8.89500e+07
       9170.00   8.81000e+07
       9190.00   8.73200e+07
       9210.00   8.52600e+07
       9230.00   7.90700e+07
       9250.00   8.39200e+07
       9270.00   8.43900e+07
       9290.00   8.38300e+07
       9310.00   8.30300e+07
       9330.00   8.24400e+07
       9350.00   8.07800e+07
       9370.00   8.08700e+07
       9390.00   8.04400e+07
       9410.00   7.97200e+07
       9430.00   7.91000e+07
       9450.00   7.84800e+07
       9470.00   7.76900e+07
       9490.00   7.72000e+07
       9510.00   7.60900e+07
       9530.00   7.43700e+07
       9550.00   6.91000e+07
       9570.00   7.39100e+07
       9590.00   7.40500e+07
       9610.00   7.34700e+07
       9630.00   7.27900e+07
       9650.00   7.23900e+07
       9670.00   7.18200e+07
       9690.00   7.12300e+07
       9710.00   6.96500e+07
       9730.00   6.99700e+07
       9750.00   6.95300e+07
       9770.00   6.87800e+07
       9790.00   6.84600e+07
       9810.00   6.79200e+07
       9830.00   6.73700e+07
       9850.00   6.68500e+07
       9870.00   6.63300e+07
       9890.00   6.57900e+07
       9910.00   6.52300e+07
       9930.00   6.47900e+07
       9950.00   6.42900e+07
       9970.00   6.37800e+07
       9990.00   6.33000e+07
       10025.0   6.11900e+07
       10075.0   5.94100e+07
       10125.0   5.93500e+07
       10175.0   5.89500e+07
       10225.0   5.78200e+07
       10275.0   5.67300e+07
       10325.0   5.55600e+07
       10375.0   5.46600e+07
       10425.0   5.35300e+07
       10475.0   5.26600e+07
       10525.0   5.16900e+07
       10575.0   5.07400e+07
       10625.0   4.98200e+07
       10675.0   4.88900e+07
       10725.0   4.80400e+07
       10775.0   4.71800e+07
       10825.0   4.60300e+07
       10875.0   4.54900e+07
       10925.0   4.27000e+07
       10975.0   4.35300e+07
       11025.0   4.30600e+07
       11075.0   4.23900e+07
       11125.0   4.16500e+07
       11175.0   4.09400e+07
       11225.0   4.02300e+07
       11275.0   3.95400e+07
       11325.0   3.88600e+07
       11375.0   3.82000e+07
       11425.0   3.75600e+07
       11475.0   3.69200e+07
       11525.0   3.63100e+07
       11575.0   3.56900e+07
       11625.0   3.49100e+07
       11675.0   3.43900e+07
       11725.0   3.39500e+07
       11775.0   3.33900e+07
       11825.0   3.28300e+07
       11875.0   3.23000e+07
       11925.0   3.17800e+07
       11975.0   3.10800e+07
       12025.0   3.07600e+07
       12075.0   3.02600e+07
       12125.0   2.97700e+07
       12175.0   2.93000e+07
       12225.0   2.88400e+07
       12275.0   2.83800e+07
       12325.0   2.79300e+07
       12375.0   2.75000e+07
       12425.0   2.70600e+07
       12475.0   2.66400e+07
       12525.0   2.62000e+07
       12575.0   2.58200e+07
       12625.0   2.54200e+07
       12675.0   2.50400e+07
       12725.0   2.46500e+07
       12775.0   2.40700e+07
       12825.0   2.28100e+07
       12875.0   2.35100e+07
       12925.0   2.31900e+07
       12975.0   2.27800e+07
       13025.0   2.25000e+07
       13075.0   2.21700e+07
       13125.0   2.18400e+07
       13175.0   2.15200e+07
       13225.0   2.12000e+07
       13275.0   2.08900e+07
       13325.0   2.05800e+07
       13375.0   2.02800e+07
       13425.0   1.99800e+07
       13475.0   1.97000e+07
       13525.0   1.94100e+07
       13575.0   1.91400e+07
       13625.0   1.88600e+07
       13675.0   1.85900e+07
       13725.0   1.83200e+07
       13775.0   1.80700e+07
       13825.0   1.78200e+07
       13875.0   1.75700e+07
       13925.0   1.73200e+07
       13975.0   1.70800e+07
       14025.0   1.68400e+07
       14075.0   1.66100e+07
       14125.0   1.63800e+07
       14175.0   1.61500e+07
       14225.0   1.59300e+07
       14275.0   1.57100e+07
       14325.0   1.55000e+07
       14375.0   1.52900e+07
       14425.0   1.50800e+07
       14475.0   1.48800e+07
       14525.0   1.46800e+07
       14570.0   1.45000e+07
       14620.0   1.43000e+07
       14675.0   1.41000e+07
       14725.0   1.39100e+07
       14775.0   1.36700e+07
       14825.0   1.35400e+07
       14875.0   1.33700e+07
       14925.0   1.31900e+07
       14975.0   1.30200e+07
       15025.0   1.28500e+07
       15075.0   1.26700e+07
       15125.0   1.25200e+07
       15175.0   1.23600e+07
       15225.0   1.22000e+07
       15275.0   1.20400e+07
       15325.0   1.18800e+07
       15375.0   1.17400e+07
       15425.0   1.15800e+07
       15475.0   1.14400e+07
       15525.0   1.12900e+07
       15575.0   1.11300e+07
       15625.0   1.10300e+07
       15675.0   1.08600e+07
       15725.0   1.07000e+07
       15775.0   1.06300e+07
       15825.0   1.04900e+07
       15875.0   1.02600e+07
       15925.0   1.02100e+07
       15975.0   1.01300e+07
       16050.0   9.91900e+06
       16150.0   9.60700e+06
       16250.0   9.48100e+06
       16350.0   9.21200e+06
       16450.0   8.90300e+06
       16550.0   8.82100e+06
       16650.0   8.61300e+06
       16750.0   8.36600e+06
       16850.0   8.07700e+06
       16950.0   8.02800e+06
       17050.0   7.82000e+06
       17150.0   7.66500e+06
       17250.0   7.49100e+06
       17350.0   7.14900e+06
       17450.0   7.14700e+06
       17550.0   6.99800e+06
       17650.0   6.84300e+06
       17750.0   6.69200e+06
       17850.0   6.54500e+06
       17950.0   6.40200e+06
       18050.0   6.26300e+06
       18150.0   5.98000e+06
       18250.0   5.97600e+06
       18350.0   5.86800e+06
       18450.0   5.74300e+06
       18550.0   5.62000e+06
       18650.0   5.45000e+06
       18750.0   5.24000e+06
       18850.0   5.27600e+06
       18950.0   5.16700e+06
       19050.0   5.05000e+06
       19150.0   4.95700e+06
       19250.0   4.85600e+06
       19350.0   4.75400e+06
       19450.0   4.52700e+06
       19550.0   4.56200e+06
       19650.0   4.47600e+06
       19750.0   4.38700e+06
       19850.0   4.30000e+06
       19950.0   4.21600e+06
       20050.0   4.13300e+06
       20150.0   4.05300e+06
       20250.0   3.97400e+06
       20350.0   3.89700e+06
       20450.0   3.82200e+06
       20550.0   3.74500e+06
       20650.0   3.67800e+06
       20750.0   3.60800e+06
       20850.0   3.54000e+06
       20950.0   3.47300e+06
       21050.0   3.40800e+06
       21150.0   3.33800e+06
       21250.0   3.28300e+06
       21350.0   3.22300e+06
       21450.0   3.16300e+06
       21550.0   3.10400e+06
       21650.0   2.95500e+06
       21750.0   2.99000e+06
       21850.0   2.93900e+06
       21950.0   2.88700e+06
       22050.0   2.83600e+06
       22150.0   2.78500e+06
       22250.0   2.73600e+06
       22350.0   2.68800e+06
       22450.0   2.64000e+06
       22550.0   2.59400e+06
       22650.0   2.54900e+06
       22750.0   2.50500e+06
       22850.0   2.46600e+06
       22950.0   2.42400e+06
       23050.0   2.38200e+06
       23150.0   2.34200e+06
       23250.0   2.30200e+06
       23350.0   2.26300e+06
       23450.0   2.22500e+06
       23550.0   2.18800e+06
       23650.0   2.15100e+06
       23750.0   2.11600e+06
       23850.0   2.08100e+06
       23950.0   2.04600e+06
       24050.0   2.01300e+06
       24150.0   1.98000e+06
       24250.0   1.94700e+06
       24350.0   1.91500e+06
       24450.0   1.88400e+06
       24550.0   1.85400e+06
       24650.0   1.82300e+06
       24750.0   1.79200e+06
       24850.0   1.76700e+06
       24950.0   1.73500e+06
       25050.0   1.71200e+06
       25150.0   1.68500e+06
       25250.0   1.65300e+06
       25350.0   1.63200e+06
       25450.0   1.60800e+06
       25550.0   1.58100e+06
       25650.0   1.55000e+06
       25750.0   1.53400e+06
       25850.0   1.51100e+06
       25950.0   1.48800e+06
       26050.0   1.46200e+06
       26150.0   1.42800e+06
       26250.0   1.37500e+06
       26350.0   1.39700e+06
       26450.0   1.37900e+06
       26550.0   1.35800e+06
       26650.0   1.33700e+06
       26750.0   1.30100e+06
       26850.0   1.29700e+06
       26950.0   1.28000e+06
       27050.0   1.26100e+06
       27150.0   1.24300e+06
       27250.0   1.22500e+06
       27350.0   1.20700e+06
       27450.0   1.18900e+06
       27550.0   1.15400e+06
       27650.0   1.14900e+06
       27750.0   1.13900e+06
       27850.0   1.12300e+06
       27950.0   1.10700e+06
       28050.0   1.09200e+06
       28150.0   1.07600e+06
       28250.0   1.06100e+06
       28350.0   1.04600e+06
       28450.0   1.03200e+06
       28550.0   1.01700e+06
       28650.0       999400.
       28750.0       968100.
       28850.0       975300.
       28950.0       962700.
       29050.0       949600.
       29150.0       936700.
       29250.0       924000.
       29350.0       911500.
       29450.0       899200.
       29550.0       887200.
       29650.0       875300.
       29750.0       863600.
       29850.0       852200.
       29950.0       840900.
       30050.0       829800.
       30150.0       818800.
       30250.0       808000.
       30350.0       781300.
       30450.0       778900.
       30550.0       776900.
       30650.0       766900.
       30750.0       757000.
       30850.0       747200.
       30950.0       737700.
       31050.0       728300.
       31150.0       719000.
       31250.0       709900.
       31350.0       700900.
       31450.0       692100.
       31550.0       683400.
       31650.0       674800.
       31750.0       666300.
       31850.0       658000.
       31950.0       649900.
       32100.0       637900.
       32300.0       622200.
       32500.0       607100.
       32700.0       592400.
       32900.0       567800.
       33100.0       562900.
       33300.0       551400.
       33500.0       538500.
       33700.0       525800.
       33900.0       513500.
       34100.0       501600.
       34300.0       490100.
       34500.0       478800.
       34700.0       467900.
       34900.0       457300.
       35100.0       447000.
       35300.0       436900.
       35500.0       427200.
       35700.0       417700.
       35900.0       408500.
       36100.0       399500.
       36300.0       390800.
       36500.0       382300.
       36700.0       374100.
       36900.0       365900.
       37100.0       357900.
       37300.0       347600.
       37500.0       338200.
       37700.0       336000.
       37900.0       329000.
       38100.0       321700.
       38300.0       315100.
       38500.0       309000.
       38700.0       302600.
       38900.0       296400.
       39100.0       289400.
       39300.0       284500.
       39500.0       278900.
       39700.0       273300.
       39900.0       267800.
       40100.0       261900.
       40300.0       256000.
       40500.0       247700.
       40700.0       247400.
       40900.0       242600.
       41100.0       237900.
       41300.0       233200.
       41500.0       228800.
       41700.0       222500.
       41900.0       220100.
       42100.0       216100.
       42300.0       212000.
       42500.0       208000.
       42700.0       204200.
       42900.0       200200.
       43100.0       196700.
       43300.0       193100.
       43500.0       189600.
       43700.0       184100.
       43900.0       182300.
       44100.0       179500.
       44300.0       176200.
       44500.0       173100.
       44700.0       170100.
       44900.0       167100.
       45100.0       164100.
       45300.0       161300.
       45500.0       158400.
       45700.0       155700.
       45900.0       153000.
       46100.0       150300.
       46300.0       147700.
       46500.0       141700.
       46700.0       140300.
       46900.0       140000.
       47100.0       138000.
       47300.0       135600.
       47500.0       133400.
       47700.0       131100.
       47900.0       129000.
       48100.0       126800.
       48300.0       124700.
       48500.0       122700.
       48700.0       120700.
       48900.0       118700.
       49100.0       116800.
       49300.0       114900.
       49500.0       113100.
       49700.0       111200.
       49900.0       109500.
       50100.0       107700.
       50300.0       106000.
       50500.0       104300.
       50700.0       102700.
       50900.0       101100.
       51100.0       99370.0
       51300.0       96000.0
       51500.0       96380.0
       51700.0       94970.0
       51900.0       93510.0
       52100.0       92080.0
       52300.0       90670.0
       52500.0       89300.0
       52700.0       87940.0
       52900.0       86620.0
       53100.0       85320.0
       53300.0       84040.0
       53500.0       82790.0
       53700.0       81530.0
       53900.0       80340.0
       54100.0       79170.0
       54300.0       78000.0
       54500.0       76860.0
       54700.0       75740.0
       54900.0       74640.0
       55100.0       73560.0
       55300.0       72380.0
       55500.0       71450.0
       55700.0       70430.0
       55900.0       69420.0
       56100.0       68440.0
       56300.0       67470.0
       56500.0       66510.0
       56700.0       65580.0
       56900.0       64650.0
       57100.0       63520.0
       57300.0       62860.0
       57500.0       61990.0
       57700.0       61130.0
       57900.0       60290.0
       58100.0       59460.0
       58300.0       58650.0
       58500.0       57860.0
       58700.0       57080.0
       58900.0       56190.0
       59100.0       54180.0
       59300.0       54720.0
       59500.0       53730.0
       59700.0       53200.0
       59900.0       52620.0
       60100.0       51920.0
       60300.0       51240.0
       60500.0       50560.0
       60700.0       49890.0
       60900.0       49240.0
       61100.0       48590.0
       61300.0       47960.0
       61500.0       47340.0
       61700.0       46720.0
       61900.0       46120.0
       62100.0       45530.0
       62300.0       44940.0
       62500.0       44370.0
       62700.0       43760.0
       62900.0       42770.0
       63100.0       42620.0
       63300.0       42160.0
       63500.0       41630.0
       63700.0       41100.0
       63900.0       40590.0
       64200.0       39830.0
       64600.0       38850.0
       65000.0       37900.0
       65400.0       36980.0
       65800.0       36080.0
       66200.0       35210.0
       66600.0       34370.0
       67000.0       33550.0
       67400.0       32740.0
       67800.0       31710.0
       68200.0       31240.0
       68600.0       30520.0
       69000.0       29810.0
       69400.0       29130.0
       69800.0       28460.0
       70200.0       27820.0
       70600.0       27190.0
       71000.0       26580.0
       71400.0       25980.0
       71800.0       25410.0
       72200.0       24850.0
       72600.0       24300.0
       73000.0       23770.0
       73400.0       23250.0
       73800.0       22750.0
       74200.0       22230.0
       74600.0       21410.0
       75000.0       20800.0
       75400.0       20840.0
       75800.0       20430.0
       76200.0       20000.0
       76600.0       19590.0
       77000.0       19180.0
       77400.0       18780.0
       77800.0       18380.0
       78200.0       18020.0
       78600.0       17660.0
       79000.0       17300.0
       79400.0       16950.0
       79800.0       16610.0
       80200.0       16280.0
       80600.0       15960.0
       81000.0       15650.0
       81400.0       15310.0
       81800.0       15030.0
       82200.0       14750.0
       82600.0       14460.0
       83000.0       14180.0
       83400.0       13910.0
       83800.0       13650.0
       84200.0       13390.0
       84600.0       13130.0
       85000.0       12890.0
       85400.0       12650.0
       85800.0       12410.0
       86200.0       12180.0
       86600.0       11900.0
       87000.0       11730.0
       87400.0       11430.0
       87800.0       11220.0
       88200.0       11110.0
       88600.0       10910.0
       89000.0       10710.0
       89400.0       10520.0
       89800.0       10330.0
       90200.0       10150.0
       90600.0       9968.00
       91000.0       9793.00
       91400.0       9622.00
       91800.0       9454.00
       92200.0       9290.00
       92600.0       9129.00
       93000.0       8972.00
       93400.0       8818.00
       93800.0       8602.00
       94200.0       8506.00
       94600.0       8377.00
       95000.0       8235.00
       95400.0       8097.00
       95800.0       7962.00
       96200.0       7829.00
       96600.0       7700.00
       97000.0       7573.00
       97400.0       7448.00
       97800.0       7326.00
       98200.0       7207.00
       98600.0       7090.00
       99000.0       6975.00
       99400.0       6863.00
       99800.0       6753.00
       100200.       6645.00
       200000.       408.600
       400000.       24.7600
       600000.       4.79800
       800000.       1.49700
   1.00000e+06      0.606200
   1.20000e+06      0.289700
   1.40000e+06      0.155200
   1.60000e+06     0.0903600
