       90.9000   9.03800e-21
       93.5000   6.22400e-20
       96.1000   3.87900e-19
       97.7000   1.14300e-18
       99.6000   3.95700e-18
       102.000   1.78500e-17
       103.800   5.30400e-17
       105.600   1.52200e-16
       107.700   5.00100e-16
       110.400   2.16900e-15
       114.000   1.38800e-14
       117.800   8.81200e-14
       121.300   4.39500e-13
       124.800   2.01500e-12
       127.100   5.25100e-12
       128.400   8.89400e-12
       130.500   2.04000e-11
       132.400   4.23600e-11
       133.900   7.43500e-11
       136.600   1.99000e-10
       139.800   6.10100e-10
       143.300   1.96700e-09
       147.200   6.81100e-09
       151.000   2.15300e-08
       155.200   7.21900e-08
       158.800   1.94000e-07
       162.000   4.51200e-07
       166.000   1.24000e-06
       170.300   3.48500e-06
       173.400   7.13900e-06
       176.800   1.52200e-05
       180.200   3.15500e-05
       181.700   4.31800e-05
       186.100   0.000105300
       191.000   0.000271400
       193.900   0.000464900
       198.400    0.00103900
       201.800    0.00186500
       205.000    0.00317800
       210.500    0.00766300
       216.200     0.0181900
       219.800     0.0307400
       223.000     0.0483000
       226.800     0.0821300
       230.000       25.8600
       234.000       56.4700
       240.000       101.200
       246.500       192.200
       252.400       338.800
       256.800       478.400
       260.000       811.700
       264.000       1243.00
       268.500       1892.00
       273.500       2782.00
       278.500       3881.00
       284.000       8225.00
       290.000       12530.0
       296.000       18000.0
       301.000       24800.0
       308.000       52800.0
       318.000       114700.
       328.000       183100.
       338.000       329000.
       348.000       535900.
       357.000   1.44800e+06
       366.000   2.82800e+06
       375.000   3.65500e+06
       385.000   5.52500e+06
       395.000   9.79200e+06
       405.000   1.26800e+07
       414.000   1.72800e+07
       422.000   2.03800e+07
       430.000   2.54100e+07
       441.000   3.31000e+07
       451.000   3.94500e+07
       460.000   4.52600e+07
       470.000   5.66900e+07
       480.000   6.91500e+07
       490.000   8.20900e+07
       500.000   9.95700e+07
       506.000   2.64300e+08
       512.000   1.89200e+09
       520.000   1.81000e+09
       530.000   1.68800e+09
       540.000   1.59500e+09
       550.000   2.03800e+09
       560.000   2.47000e+09
       570.000   2.61100e+09
       580.000   2.37500e+09
       590.000   2.64600e+09
       600.000   2.31700e+09
       610.000   2.79600e+09
       620.000   3.20600e+09
       630.000   3.14400e+09
       640.000   2.97700e+09
       650.000   2.82700e+09
       658.000   2.78100e+09
       665.000   3.24600e+09
       675.000   3.50300e+09
       685.000   3.00100e+09
       695.000   3.97500e+09
       705.000   3.40000e+09
       716.000   4.30300e+09
       726.000   4.21100e+09
       735.000   4.25200e+09
       745.000   4.35900e+09
       755.000   4.39300e+09
       765.000   4.55300e+09
       775.000   4.73600e+09
       785.000   4.95600e+09
       795.000   4.97400e+09
       805.000   4.86500e+09
       815.000   4.84700e+09
       825.000   5.16400e+09
       835.000   4.28100e+09
       845.000   5.01300e+09
       855.000   5.00100e+09
       865.000   5.19400e+09
       875.000   5.31400e+09
       885.000   5.50700e+09
       895.000   5.60400e+09
       905.000   5.47700e+09
       915.000   6.64900e+09
       925.000   2.79000e+10
       935.000   4.63700e+10
       945.000   6.25700e+10
       955.000   6.70900e+10
       965.000   7.46900e+10
       975.000   2.52100e+10
       985.000   5.91000e+10
       995.000   5.57000e+10
       1005.00   5.99000e+10
       1015.00   6.24800e+10
       1025.00   4.78600e+10
       1035.00   5.80400e+10
       1045.00   6.99400e+10
       1055.00   6.56800e+10
       1065.00   5.60400e+10
       1075.00   5.94300e+10
       1085.00   5.46000e+10
       1095.00   5.83600e+10
       1105.00   5.55600e+10
       1115.00   5.45600e+10
       1125.00   4.39500e+10
       1135.00   5.25700e+10
       1145.00   4.97200e+10
       1155.00   4.84700e+10
       1165.00   4.71200e+10
       1175.00   2.95400e+10
       1185.00   4.28600e+10
       1195.00   4.17200e+10
       1205.00   3.83000e+10
       1215.00   3.04600e+10
       1225.00   3.89000e+10
       1235.00   4.16900e+10
       1245.00   3.98400e+10
       1255.00   3.97500e+10
       1265.00   4.06700e+10
       1275.00   4.16400e+10
       1285.00   4.14200e+10
       1295.00   3.70000e+10
       1305.00   3.76000e+10
       1315.00   4.03000e+10
       1325.00   3.84800e+10
       1335.00   3.72300e+10
       1345.00   3.71600e+10
       1355.00   3.64800e+10
       1365.00   3.49100e+10
       1375.00   3.38600e+10
       1385.00   3.27000e+10
       1395.00   2.45500e+10
       1405.00   2.59100e+10
       1415.00   3.03800e+10
       1425.00   2.77800e+10
       1435.00   2.93500e+10
       1442.00   2.93900e+10
       1447.00   2.90900e+10
       1455.00   2.77900e+10
       1465.00   2.66500e+10
       1475.00   2.69700e+10
       1485.00   2.67900e+10
       1495.00   2.59600e+10
       1505.00   2.46500e+10
       1512.00   2.34300e+10
       1517.00   2.38100e+10
       1525.00   2.33200e+10
       1535.00   2.00600e+10
       1545.00   1.80200e+10
       1555.00   1.77300e+10
       1565.00   1.96400e+10
       1575.00   2.07500e+10
       1585.00   2.08100e+10
       1595.00   2.05900e+10
       1605.00   1.97400e+10
       1615.00   1.88600e+10
       1625.00   1.91800e+10
       1635.00   1.96000e+10
       1645.00   1.94900e+10
       1655.00   1.94900e+10
       1665.00   1.92900e+10
       1672.00   1.79600e+10
       1677.00   2.06400e+10
       1685.00   1.95500e+10
       1695.00   1.87200e+10
       1705.00   1.84400e+10
       1715.00   1.75400e+10
       1725.00   1.69600e+10
       1735.00   1.75000e+10
       1745.00   1.72600e+10
       1755.00   1.70900e+10
       1765.00   1.68800e+10
       1775.00   1.61400e+10
       1785.00   1.63700e+10
       1795.00   1.61700e+10
       1805.00   1.61900e+10
       1815.00   1.53400e+10
       1825.00   1.53600e+10
       1835.00   1.51900e+10
       1845.00   1.40500e+10
       1855.00   1.43500e+10
       1865.00   1.44400e+10
       1875.00   1.43100e+10
       1885.00   1.32500e+10
       1895.00   1.26600e+10
       1905.00   1.32400e+10
       1915.00   1.27600e+10
       1925.00   1.19900e+10
       1935.00   1.27400e+10
       1945.00   1.29800e+10
       1955.00   1.16800e+10
       1967.00   1.23600e+10
       1976.00   1.28100e+10
       1984.00   1.20700e+10
       1995.00   1.18100e+10
       2005.00   1.20200e+10
       2015.00   1.20000e+10
       2025.00   1.21000e+10
       2035.00   1.13500e+10
       2045.00   1.13000e+10
       2055.00   9.84500e+09
       2065.00   9.62500e+09
       2074.00   1.00900e+10
       2078.00   9.69500e+09
       2085.00   1.01700e+10
       2095.00   1.02200e+10
       2105.00   1.05200e+10
       2115.00   1.05400e+10
       2125.00   1.04900e+10
       2135.00   1.03300e+10
       2145.00   1.00100e+10
       2155.00   1.01500e+10
       2165.00   9.87000e+09
       2175.00   9.87500e+09
       2185.00   9.63900e+09
       2195.00   9.71800e+09
       2205.00   9.58500e+09
       2215.00   9.35100e+09
       2225.00   9.25800e+09
       2235.00   9.07900e+09
       2245.00   9.01800e+09
       2255.00   8.78300e+09
       2265.00   8.78500e+09
       2275.00   8.68400e+09
       2285.00   8.52000e+09
       2295.00   7.65300e+09
       2305.00   8.18200e+09
       2315.00   8.09200e+09
       2325.00   8.02600e+09
       2335.00   7.87600e+09
       2345.00   7.85200e+09
       2355.00   7.71800e+09
       2365.00   7.61400e+09
       2375.00   7.45300e+09
       2385.00   7.26500e+09
       2395.00   7.22100e+09
       2405.00   7.17400e+09
       2415.00   7.06900e+09
       2425.00   7.01500e+09
       2435.00   6.86700e+09
       2445.00   6.81000e+09
       2455.00   6.73900e+09
       2465.00   6.64500e+09
       2475.00   6.53800e+09
       2485.00   6.37500e+09
       2495.00   4.99100e+09
       2505.00   6.10900e+09
       2513.00   5.92300e+09
       2518.00   6.05000e+09
       2525.00   6.12200e+09
       2535.00   6.07000e+09
       2545.00   5.90700e+09
       2555.00   5.86500e+09
       2565.00   5.80600e+09
       2575.00   5.74200e+09
       2585.00   5.67700e+09
       2595.00   5.60100e+09
       2605.00   5.55700e+09
       2615.00   5.45900e+09
       2625.00   5.41200e+09
       2635.00   5.34900e+09
       2645.00   5.26200e+09
       2655.00   5.20600e+09
       2665.00   5.06800e+09
       2675.00   5.00100e+09
       2685.00   5.00900e+09
       2695.00   4.86200e+09
       2705.00   4.80600e+09
       2715.00   4.76400e+09
       2725.00   4.72600e+09
       2735.00   4.64700e+09
       2745.00   4.62500e+09
       2755.00   4.57900e+09
       2765.00   4.49800e+09
       2775.00   4.49900e+09
       2785.00   4.42300e+09
       2795.00   4.27800e+09
       2805.00   4.29400e+09
       2815.00   4.28400e+09
       2825.00   4.21400e+09
       2835.00   4.11200e+09
       2845.00   4.13000e+09
       2855.00   4.06200e+09
       2865.00   4.01700e+09
       2875.00   3.97300e+09
       2885.00   3.92700e+09
       2895.00   3.87900e+09
       2910.00   3.79100e+09
       2930.00   3.73400e+09
       2950.00   3.62000e+09
       2970.00   3.55400e+09
       2990.00   3.45900e+09
       3010.00   3.35400e+09
       3030.00   3.29400e+09
       3050.00   3.24000e+09
       3070.00   3.18500e+09
       3090.00   3.07000e+09
       3110.00   3.04400e+09
       3130.00   2.96400e+09
       3150.00   2.90800e+09
       3170.00   2.83800e+09
       3190.00   2.77600e+09
       3210.00   2.72000e+09
       3230.00   2.66000e+09
       3250.00   2.61700e+09
       3270.00   2.55000e+09
       3290.00   2.50100e+09
       3310.00   2.45100e+09
       3330.00   2.39200e+09
       3350.00   2.34300e+09
       3370.00   2.29500e+09
       3390.00   2.26100e+09
       3410.00   2.21500e+09
       3430.00   2.16900e+09
       3450.00   2.11700e+09
       3470.00   2.07800e+09
       3490.00   2.03500e+09
       3510.00   2.00000e+09
       3530.00   1.96800e+09
       3550.00   1.92700e+09
       3570.00   1.89500e+09
       3590.00   1.84500e+09
       3610.00   1.81300e+09
       3630.00   1.77900e+09
       3640.00   1.76800e+09
       3650.00   1.71400e+09
       3670.00   1.69000e+09
       3690.00   1.65600e+09
       3710.00   1.59700e+09
       3730.00   1.54800e+09
       3750.00   1.57800e+09
       3770.00   1.55300e+09
       3790.00   1.60000e+09
       3810.00   1.63700e+09
       3830.00   1.47600e+09
       3850.00   1.63300e+09
       3870.00   1.59400e+09
       3890.00   1.39700e+09
       3910.00   1.58200e+09
       3930.00   1.53300e+09
       3950.00   1.50600e+09
       3970.00   1.29000e+09
       3990.00   1.46400e+09
       4010.00   1.44300e+09
       4030.00   1.38500e+09
       4050.00   1.39800e+09
       4070.00   1.34100e+09
       4090.00   1.27300e+09
       4110.00   1.16700e+09
       4130.00   1.27900e+09
       4150.00   1.26500e+09
       4170.00   1.25600e+09
       4190.00   1.23500e+09
       4210.00   1.21700e+09
       4230.00   1.19700e+09
       4250.00   1.16600e+09
       4270.00   1.13800e+09
       4290.00   1.12100e+09
       4310.00   1.09200e+09
       4330.00   1.03100e+09
       4350.00   9.58100e+08
       4370.00   1.04100e+09
       4390.00   1.02400e+09
       4410.00   1.01500e+09
       4430.00   1.00700e+09
       4450.00   9.88200e+08
       4470.00   9.52100e+08
       4490.00   9.58500e+08
       4510.00   9.42800e+08
       4530.00   9.30700e+08
       4550.00   9.13100e+08
       4570.00   9.01200e+08
       4590.00   8.84700e+08
       4610.00   8.67300e+08
       4630.00   8.51300e+08
       4650.00   8.15600e+08
       4670.00   8.25800e+08
       4690.00   8.12800e+08
       4710.00   7.92300e+08
       4730.00   7.94800e+08
       4750.00   7.81200e+08
       4770.00   7.75400e+08
       4790.00   7.62800e+08
       4810.00   7.48900e+08
       4830.00   7.34400e+08
       4850.00   7.00700e+08
       4870.00   6.38700e+08
       4890.00   7.02400e+08
       4910.00   6.93800e+08
       4930.00   6.73200e+08
       4950.00   6.70800e+08
       4970.00   6.65900e+08
       4990.00   6.55600e+08
       5010.00   6.33500e+08
       5030.00   6.34800e+08
       5050.00   6.23400e+08
       5070.00   6.18300e+08
       5090.00   6.08500e+08
       5110.00   5.99300e+08
       5130.00   5.89000e+08
       5150.00   5.81000e+08
       5170.00   5.73500e+08
       5190.00   5.66200e+08
       5210.00   5.58300e+08
       5230.00   5.50200e+08
       5250.00   5.41900e+08
       5270.00   5.33800e+08
       5290.00   5.27400e+08
       5310.00   5.19900e+08
       5330.00   5.12900e+08
       5350.00   5.05700e+08
       5370.00   4.98800e+08
       5390.00   4.91500e+08
       5410.00   4.83600e+08
       5430.00   4.78700e+08
       5450.00   4.72000e+08
       5470.00   4.65500e+08
       5490.00   4.59100e+08
       5510.00   4.53300e+08
       5530.00   4.46800e+08
       5550.00   4.41300e+08
       5570.00   4.35200e+08
       5590.00   4.29200e+08
       5610.00   4.23900e+08
       5630.00   4.18400e+08
       5650.00   4.12400e+08
       5670.00   4.05900e+08
       5690.00   3.97700e+08
       5710.00   3.93400e+08
       5730.00   3.88700e+08
       5750.00   3.82700e+08
       5770.00   3.79100e+08
       5790.00   3.74100e+08
       5810.00   3.69200e+08
       5830.00   3.63900e+08
       5850.00   3.60200e+08
       5870.00   3.47900e+08
       5890.00   3.49900e+08
       5910.00   3.46700e+08
       5930.00   3.42300e+08
       5950.00   3.38400e+08
       5970.00   3.35600e+08
       5990.00   3.30600e+08
       6010.00   3.27100e+08
       6030.00   3.22600e+08
       6050.00   3.18900e+08
       6070.00   3.15300e+08
       6090.00   3.11500e+08
       6110.00   3.07600e+08
       6130.00   3.03900e+08
       6150.00   2.99500e+08
       6170.00   2.96100e+08
       6190.00   2.92800e+08
       6210.00   2.89500e+08
       6230.00   2.86000e+08
       6250.00   2.82300e+08
       6270.00   2.79100e+08
       6290.00   2.75900e+08
       6310.00   2.72500e+08
       6330.00   2.69400e+08
       6350.00   2.66000e+08
       6370.00   2.63100e+08
       6390.00   2.60000e+08
       6410.00   2.56900e+08
       6430.00   2.54000e+08
       6450.00   2.51000e+08
       6470.00   2.47500e+08
       6490.00   2.44800e+08
       6510.00   2.42200e+08
       6530.00   2.38700e+08
       6550.00   2.32000e+08
       6570.00   2.09400e+08
       6590.00   2.29300e+08
       6610.00   2.28500e+08
       6630.00   2.26100e+08
       6650.00   2.23500e+08
       6670.00   2.19200e+08
       6690.00   2.16800e+08
       6710.00   2.16000e+08
       6730.00   2.13200e+08
       6750.00   2.11300e+08
       6770.00   2.09100e+08
       6790.00   2.05900e+08
       6810.00   2.04300e+08
       6830.00   2.02100e+08
       6850.00   2.00000e+08
       6870.00   1.97700e+08
       6890.00   1.95300e+08
       6910.00   1.93000e+08
       6930.00   1.91400e+08
       6950.00   1.89300e+08
       6970.00   1.87300e+08
       6990.00   1.85200e+08
       7010.00   1.83200e+08
       7030.00   1.81100e+08
       7050.00   1.79300e+08
       7070.00   1.75000e+08
       7090.00   1.75500e+08
       7110.00   1.73100e+08
       7130.00   1.71400e+08
       7150.00   1.70000e+08
       7170.00   1.68100e+08
       7190.00   1.66400e+08
       7210.00   1.64700e+08
       7230.00   1.61500e+08
       7250.00   1.61000e+08
       7270.00   1.59600e+08
       7290.00   1.56900e+08
       7310.00   1.56300e+08
       7330.00   1.54700e+08
       7350.00   1.53100e+08
       7370.00   1.51500e+08
       7390.00   1.50000e+08
       7410.00   1.48500e+08
       7430.00   1.46900e+08
       7450.00   1.45400e+08
       7470.00   1.43600e+08
       7490.00   1.42300e+08
       7510.00   1.41000e+08
       7530.00   1.39600e+08
       7550.00   1.38300e+08
       7570.00   1.36900e+08
       7590.00   1.35400e+08
       7610.00   1.34000e+08
       7630.00   1.32800e+08
       7650.00   1.31500e+08
       7670.00   1.30200e+08
       7690.00   1.28800e+08
       7710.00   1.27600e+08
       7730.00   1.26300e+08
       7750.00   1.25100e+08
       7770.00   1.23900e+08
       7790.00   1.22700e+08
       7810.00   1.21500e+08
       7830.00   1.20400e+08
       7850.00   1.19200e+08
       7870.00   1.17900e+08
       7890.00   1.16700e+08
       7910.00   1.15800e+08
       7930.00   1.14600e+08
       7950.00   1.13600e+08
       7970.00   1.12400e+08
       7990.00   1.11400e+08
       8010.00   1.10300e+08
       8030.00   1.09200e+08
       8050.00   1.08200e+08
       8070.00   1.07200e+08
       8090.00   1.06100e+08
       8110.00   1.04700e+08
       8130.00   1.04300e+08
       8150.00   1.03200e+08
       8170.00   1.02300e+08
       8190.00   1.01000e+08
       8210.00   9.98200e+07
       8230.00   9.88300e+07
       8250.00   9.82700e+07
       8270.00   9.66900e+07
       8290.00   9.63900e+07
       8310.00   9.55900e+07
       8330.00   9.46500e+07
       8350.00   9.34200e+07
       8370.00   9.27900e+07
       8390.00   9.21200e+07
       8410.00   9.12400e+07
       8430.00   9.03900e+07
       8450.00   8.91200e+07
       8470.00   8.86900e+07
       8490.00   8.78400e+07
       8510.00   8.67200e+07
       8530.00   8.63400e+07
       8550.00   8.47100e+07
       8570.00   8.55000e+07
       8590.00   8.27300e+07
       8610.00   8.23600e+07
       8630.00   8.37800e+07
       8650.00   8.17900e+07
       8670.00   7.77900e+07
       8690.00   8.16100e+07
       8710.00   8.15600e+07
       8730.00   7.95900e+07
       8750.00   7.35800e+07
       8770.00   7.74800e+07
       8790.00   7.90100e+07
       8810.00   7.85100e+07
       8830.00   7.75400e+07
       8850.00   7.38500e+07
       8870.00   6.92700e+07
       8890.00   7.51000e+07
       8910.00   7.51900e+07
       8930.00   7.46000e+07
       8950.00   7.41500e+07
       8970.00   7.33800e+07
       8990.00   7.17300e+07
       9010.00   6.52600e+07
       9030.00   6.79000e+07
       9050.00   7.06200e+07
       9070.00   6.98500e+07
       9090.00   6.97000e+07
       9110.00   6.93400e+07
       9130.00   6.87800e+07
       9150.00   6.82100e+07
       9170.00   6.74500e+07
       9190.00   6.67700e+07
       9210.00   6.44500e+07
       9230.00   5.80600e+07
       9250.00   6.34600e+07
       9270.00   6.44900e+07
       9290.00   6.42300e+07
       9310.00   6.35300e+07
       9330.00   6.31000e+07
       9350.00   6.26100e+07
       9370.00   6.21900e+07
       9390.00   6.17100e+07
       9410.00   6.11700e+07
       9430.00   6.06800e+07
       9450.00   6.01800e+07
       9470.00   5.94400e+07
       9490.00   5.91300e+07
       9510.00   5.80300e+07
       9530.00   5.60800e+07
       9550.00   5.08400e+07
       9570.00   5.61300e+07
       9590.00   5.66500e+07
       9610.00   5.62000e+07
       9630.00   5.56700e+07
       9650.00   5.55400e+07
       9670.00   5.51100e+07
       9690.00   5.46300e+07
       9710.00   5.37100e+07
       9730.00   5.37400e+07
       9750.00   5.33700e+07
       9770.00   5.29600e+07
       9790.00   5.25300e+07
       9810.00   5.20800e+07
       9830.00   5.17200e+07
       9850.00   5.12900e+07
       9870.00   5.08800e+07
       9890.00   5.04300e+07
       9910.00   4.98800e+07
       9930.00   4.97200e+07
       9950.00   4.93300e+07
       9970.00   4.89200e+07
       9990.00   4.85400e+07
       10025.0   4.63700e+07
       10075.0   4.49000e+07
       10125.0   4.58700e+07
       10175.0   4.52500e+07
       10225.0   4.43800e+07
       10275.0   4.35700e+07
       10325.0   4.26200e+07
       10375.0   4.19700e+07
       10425.0   4.11900e+07
       10475.0   4.04300e+07
       10525.0   3.96900e+07
       10575.0   3.89700e+07
       10625.0   3.82600e+07
       10675.0   3.75200e+07
       10725.0   3.69000e+07
       10775.0   3.62400e+07
       10825.0   3.52600e+07
       10875.0   3.49000e+07
       10925.0   3.21200e+07
       10975.0   3.32200e+07
       11025.0   3.29900e+07
       11075.0   3.25600e+07
       11125.0   3.20000e+07
       11175.0   3.14600e+07
       11225.0   3.09000e+07
       11275.0   3.03800e+07
       11325.0   2.98400e+07
       11375.0   2.93500e+07
       11425.0   2.88500e+07
       11475.0   2.83700e+07
       11525.0   2.79000e+07
       11575.0   2.74200e+07
       11625.0   2.69600e+07
       11675.0   2.65000e+07
       11725.0   2.60900e+07
       11775.0   2.56600e+07
       11825.0   2.52400e+07
       11875.0   2.48300e+07
       11925.0   2.44300e+07
       11975.0   2.38400e+07
       12025.0   2.36500e+07
       12075.0   2.32700e+07
       12125.0   2.29000e+07
       12175.0   2.25300e+07
       12225.0   2.21800e+07
       12275.0   2.18300e+07
       12325.0   2.14800e+07
       12375.0   2.11400e+07
       12425.0   2.08200e+07
       12475.0   2.04900e+07
       12525.0   2.01300e+07
       12575.0   1.98600e+07
       12625.0   1.95500e+07
       12675.0   1.92600e+07
       12725.0   1.89700e+07
       12775.0   1.84200e+07
       12825.0   1.72100e+07
       12875.0   1.80500e+07
       12925.0   1.78500e+07
       12975.0   1.74800e+07
       13025.0   1.73100e+07
       13075.0   1.70600e+07
       13125.0   1.68100e+07
       13175.0   1.65600e+07
       13225.0   1.63200e+07
       13275.0   1.60800e+07
       13325.0   1.58400e+07
       13375.0   1.56100e+07
       13425.0   1.53700e+07
       13475.0   1.51600e+07
       13525.0   1.49400e+07
       13575.0   1.47300e+07
       13625.0   1.45100e+07
       13675.0   1.43200e+07
       13725.0   1.41000e+07
       13775.0   1.39200e+07
       13825.0   1.37200e+07
       13875.0   1.35300e+07
       13925.0   1.33300e+07
       13975.0   1.31500e+07
       14025.0   1.29600e+07
       14075.0   1.27900e+07
       14125.0   1.26100e+07
       14175.0   1.24400e+07
       14225.0   1.22700e+07
       14275.0   1.21000e+07
       14325.0   1.19400e+07
       14375.0   1.17800e+07
       14425.0   1.16200e+07
       14475.0   1.14600e+07
       14525.0   1.13100e+07
       14570.0   1.11700e+07
       14620.0   1.10200e+07
       14675.0   1.08600e+07
       14725.0   1.07200e+07
       14775.0   1.05700e+07
       14825.0   1.04400e+07
       14875.0   1.03000e+07
       14925.0   1.01700e+07
       14975.0   1.00300e+07
       15025.0   9.90300e+06
       15075.0   9.76100e+06
       15125.0   9.65100e+06
       15175.0   9.52600e+06
       15225.0   9.40400e+06
       15275.0   9.28100e+06
       15325.0   9.16100e+06
       15375.0   9.04900e+06
       15425.0   8.92100e+06
       15475.0   8.82100e+06
       15525.0   8.70800e+06
       15575.0   8.57000e+06
       15625.0   8.51000e+06
       15675.0   8.36600e+06
       15725.0   8.23500e+06
       15775.0   8.20500e+06
       15825.0   8.09900e+06
       15875.0   7.86400e+06
       15925.0   7.87500e+06
       15975.0   7.82200e+06
       16050.0   7.65000e+06
       16150.0   7.38200e+06
       16250.0   7.33800e+06
       16350.0   7.10400e+06
       16450.0   6.83500e+06
       16550.0   6.83100e+06
       16650.0   6.67100e+06
       16750.0   6.45300e+06
       16850.0   6.19800e+06
       16950.0   6.21800e+06
       17050.0   6.04600e+06
       17150.0   5.93800e+06
       17250.0   5.80000e+06
       17350.0   5.47200e+06
       17450.0   5.52800e+06
       17550.0   5.42300e+06
       17650.0   5.30300e+06
       17750.0   5.18600e+06
       17850.0   5.06900e+06
       17950.0   4.96200e+06
       18050.0   4.85300e+06
       18150.0   4.58300e+06
       18250.0   4.61800e+06
       18350.0   4.54900e+06
       18450.0   4.45200e+06
       18550.0   4.35400e+06
       18650.0   4.23600e+06
       18750.0   4.02700e+06
       18850.0   4.08900e+06
       18950.0   4.00600e+06
       19050.0   3.91200e+06
       19150.0   3.84400e+06
       19250.0   3.76600e+06
       19350.0   3.68400e+06
       19450.0   3.46700e+06
       19550.0   3.53300e+06
       19650.0   3.47300e+06
       19750.0   3.40400e+06
       19850.0   3.33600e+06
       19950.0   3.27100e+06
       20050.0   3.20700e+06
       20150.0   3.14500e+06
       20250.0   3.08400e+06
       20350.0   3.02400e+06
       20450.0   2.96500e+06
       20550.0   2.90400e+06
       20650.0   2.85400e+06
       20750.0   2.80000e+06
       20850.0   2.74700e+06
       20950.0   2.69600e+06
       21050.0   2.64500e+06
       21150.0   2.58700e+06
       21250.0   2.54900e+06
       21350.0   2.50200e+06
       21450.0   2.45500e+06
       21550.0   2.40800e+06
       21650.0   2.26600e+06
       21750.0   2.31700e+06
       21850.0   2.28100e+06
       21950.0   2.24200e+06
       22050.0   2.20200e+06
       22150.0   2.16300e+06
       22250.0   2.12400e+06
       22350.0   2.08700e+06
       22450.0   2.05100e+06
       22550.0   2.01500e+06
       22650.0   1.98000e+06
       22750.0   1.94600e+06
       22850.0   1.91200e+06
       22950.0   1.87900e+06
       23050.0   1.84700e+06
       23150.0   1.81600e+06
       23250.0   1.78500e+06
       23350.0   1.75500e+06
       23450.0   1.72600e+06
       23550.0   1.69700e+06
       23650.0   1.66800e+06
       23750.0   1.64100e+06
       23850.0   1.61400e+06
       23950.0   1.58700e+06
       24050.0   1.56100e+06
       24150.0   1.53600e+06
       24250.0   1.51100e+06
       24350.0   1.48600e+06
       24450.0   1.46200e+06
       24550.0   1.43900e+06
       24650.0   1.41500e+06
       24750.0   1.39100e+06
       24850.0   1.37200e+06
       24950.0   1.34700e+06
       25050.0   1.32900e+06
       25150.0   1.30800e+06
       25250.0   1.28300e+06
       25350.0   1.26700e+06
       25450.0   1.25100e+06
       25550.0   1.22800e+06
       25650.0   1.20200e+06
       25750.0   1.19200e+06
       25850.0   1.17600e+06
       25950.0   1.15800e+06
       26050.0   1.13500e+06
       26150.0   1.10500e+06
       26250.0   1.05800e+06
       26350.0   1.08500e+06
       26450.0   1.07400e+06
       26550.0   1.05700e+06
       26650.0   1.03800e+06
       26750.0   1.00600e+06
       26850.0   1.00800e+06
       26950.0       996600.
       27050.0       982100.
       27150.0       967800.
       27250.0       953700.
       27350.0       940000.
       27450.0       925200.
       27550.0       891600.
       27650.0       891500.
       27750.0       887200.
       27850.0       874700.
       27950.0       862300.
       28050.0       850000.
       28150.0       838200.
       28250.0       826500.
       28350.0       814900.
       28450.0       803600.
       28550.0       792100.
       28650.0       775800.
       28750.0       746700.
       28850.0       758700.
       28950.0       749800.
       29050.0       739600.
       29150.0       729600.
       29250.0       719700.
       29350.0       710000.
       29450.0       700400.
       29550.0       691100.
       29650.0       681800.
       29750.0       672800.
       29850.0       663900.
       29950.0       655100.
       30050.0       646500.
       30150.0       637700.
       30250.0       628900.
       30350.0       604000.
       30450.0       603500.
       30550.0       605000.
       30650.0       597500.
       30750.0       589500.
       30850.0       582100.
       30950.0       574800.
       31050.0       567500.
       31150.0       560200.
       31250.0       553100.
       31350.0       546200.
       31450.0       539300.
       31550.0       532500.
       31650.0       525900.
       31750.0       519300.
       31850.0       512800.
       31950.0       506500.
       32100.0       497100.
       32300.0       484900.
       32500.0       473200.
       32700.0       461700.
       32900.0       439900.
       33100.0       437600.
       33300.0       429100.
       33500.0       419100.
       33700.0       409300.
       33900.0       399800.
       34100.0       391300.
       34300.0       382300.
       34500.0       373500.
       34700.0       365000.
       34900.0       356700.
       35100.0       348700.
       35300.0       340900.
       35500.0       333300.
       35700.0       325900.
       35900.0       318800.
       36100.0       311600.
       36300.0       305000.
       36500.0       298000.
       36700.0       291900.
       36900.0       285100.
       37100.0       279100.
       37300.0       270100.
       37500.0       262800.
       37700.0       262100.
       37900.0       256800.
       38100.0       250800.
       38300.0       245800.
       38500.0       241200.
       38700.0       236200.
       38900.0       231300.
       39100.0       225500.
       39300.0       222200.
       39500.0       217700.
       39700.0       213400.
       39900.0       209100.
       40100.0       204100.
       40300.0       199300.
       40500.0       192500.
       40700.0       193100.
       40900.0       189400.
       41100.0       185800.
       41300.0       182100.
       41500.0       178600.
       41700.0       173100.
       41900.0       171800.
       42100.0       168800.
       42300.0       165600.
       42500.0       162500.
       42700.0       159500.
       42900.0       156300.
       43100.0       153700.
       43300.0       150900.
       43500.0       148100.
       43700.0       143200.
       43900.0       142100.
       44100.0       140200.
       44300.0       137700.
       44500.0       135200.
       44700.0       132900.
       44900.0       130600.
       45100.0       128300.
       45300.0       126000.
       45500.0       123800.
       45700.0       121700.
       45900.0       119600.
       46100.0       117500.
       46300.0       115400.
       46500.0       110200.
       46700.0       109000.
       46900.0       109200.
       47100.0       107900.
       47300.0       106100.
       47500.0       104300.
       47700.0       102500.
       47900.0       100800.
       48100.0       99170.0
       48300.0       97540.0
       48500.0       95940.0
       48700.0       94380.0
       48900.0       92840.0
       49100.0       91340.0
       49300.0       89860.0
       49500.0       88420.0
       49700.0       87000.0
       49900.0       85620.0
       50100.0       84260.0
       50300.0       82930.0
       50500.0       81620.0
       50700.0       80340.0
       50900.0       79080.0
       51100.0       77620.0
       51300.0       74700.0
       51500.0       75320.0
       51700.0       74300.0
       51900.0       73160.0
       52100.0       72040.0
       52300.0       70950.0
       52500.0       69870.0
       52700.0       68810.0
       52900.0       67780.0
       53100.0       66760.0
       53300.0       65770.0
       53500.0       64790.0
       53700.0       63780.0
       53900.0       62840.0
       54100.0       61960.0
       54300.0       61050.0
       54500.0       60160.0
       54700.0       59280.0
       54900.0       58420.0
       55100.0       57540.0
       55300.0       56600.0
       55500.0       55930.0
       55700.0       55130.0
       55900.0       54350.0
       56100.0       53580.0
       56300.0       52820.0
       56500.0       52070.0
       56700.0       51340.0
       56900.0       50610.0
       57100.0       49670.0
       57300.0       49190.0
       57500.0       48540.0
       57700.0       47870.0
       57900.0       47210.0
       58100.0       46560.0
       58300.0       45930.0
       58500.0       45320.0
       58700.0       44710.0
       58900.0       43950.0
       59100.0       42240.0
       59300.0       42780.0
       59500.0       42010.0
       59700.0       41610.0
       59900.0       41230.0
       60100.0       40680.0
       60300.0       40140.0
       60500.0       39610.0
       60700.0       39090.0
       60900.0       38580.0
       61100.0       38080.0
       61300.0       37580.0
       61500.0       37090.0
       61700.0       36620.0
       61900.0       36140.0
       62100.0       35680.0
       62300.0       35220.0
       62500.0       34770.0
       62700.0       34270.0
       62900.0       33410.0
       63100.0       33360.0
       63300.0       33040.0
       63500.0       32630.0
       63700.0       32220.0
       63900.0       31820.0
       64200.0       31230.0
       64600.0       30460.0
       65000.0       29710.0
       65400.0       28990.0
       65800.0       28290.0
       66200.0       27610.0
       66600.0       26950.0
       67000.0       26310.0
       67400.0       25660.0
       67800.0       24800.0
       68200.0       24510.0
       68600.0       23940.0
       69000.0       23390.0
       69400.0       22850.0
       69800.0       22330.0
       70200.0       21820.0
       70600.0       21330.0
       71000.0       20850.0
       71400.0       20390.0
       71800.0       19940.0
       72200.0       19500.0
       72600.0       19070.0
       73000.0       18650.0
       73400.0       18250.0
       73800.0       17860.0
       74200.0       17440.0
       74600.0       16760.0
       75000.0       16270.0
       75400.0       16340.0
       75800.0       16040.0
       76200.0       15700.0
       76600.0       15380.0
       77000.0       15060.0
       77400.0       14750.0
       77800.0       14420.0
       78200.0       14150.0
       78600.0       13870.0
       79000.0       13590.0
       79400.0       13310.0
       79800.0       13050.0
       80200.0       12790.0
       80600.0       12540.0
       81000.0       12290.0
       81400.0       12010.0
       81800.0       11800.0
       82200.0       11580.0
       82600.0       11360.0
       83000.0       11140.0
       83400.0       10930.0
       83800.0       10720.0
       84200.0       10520.0
       84600.0       10320.0
       85000.0       10130.0
       85400.0       9937.00
       85800.0       9753.00
       86200.0       9572.00
       86600.0       9335.00
       87000.0       9217.00
       87400.0       8966.00
       87800.0       8803.00
       88200.0       8730.00
       88600.0       8573.00
       89000.0       8419.00
       89400.0       8269.00
       89800.0       8122.00
       90200.0       7978.00
       90600.0       7838.00
       91000.0       7700.00
       91400.0       7565.00
       91800.0       7434.00
       92200.0       7305.00
       92600.0       7179.00
       93000.0       7056.00
       93400.0       6935.00
       93800.0       6752.00
       94200.0       6685.00
       94600.0       6589.00
       95000.0       6478.00
       95400.0       6369.00
       95800.0       6263.00
       96200.0       6159.00
       96600.0       6058.00
       97000.0       5958.00
       97400.0       5860.00
       97800.0       5764.00
       98200.0       5670.00
       98600.0       5578.00
       99000.0       5488.00
       99400.0       5400.00
       99800.0       5314.00
       100200.       5229.00
       200000.       323.600
       400000.       19.7300
       600000.       3.83600
       800000.       1.19900
   1.00000e+06      0.486400
   1.20000e+06      0.232700
   1.40000e+06      0.124800
   1.60000e+06     0.0727000
