       90.9000   2.50800e-16
       93.5000   1.35000e-15
       96.1000   6.67700e-15
       97.7000   1.72200e-14
       99.6000   5.10400e-14
       102.000   1.90900e-13
       103.800   4.95100e-13
       105.600   1.24500e-12
       107.700   3.52100e-12
       110.400   1.26700e-11
       114.000   6.38200e-11
       117.800   3.17700e-10
       121.300   1.27700e-09
       124.800   4.75400e-09
       127.100   1.08400e-08
       128.400   1.70600e-08
       130.500   3.47900e-08
       132.400   6.50800e-08
       133.900   1.05300e-07
       136.600   2.44300e-07
       139.800   6.35400e-07
       143.300   1.72100e-06
       147.200   4.93500e-06
       151.000   1.31100e-05
       155.200   3.64600e-05
       158.800   8.40100e-05
       162.000   0.000171100
       166.000   0.000401700
       170.300   0.000960200
       173.400    0.00175900
       176.800    0.00334100
       180.200    0.00618000
       181.700    0.00808500
       186.100     0.0171400
       191.000     0.0381300
       193.900     0.0600300
       198.400      0.118800
       201.800      0.194600
       205.000      0.305300
       210.500      0.643300
       216.200       1.33300
       219.800       2.09000
       223.000       3.06800
       226.800       4.78800
       230.000       4130.00
       234.000       9228.00
       240.000       14010.0
       246.500       22710.0
       252.400       36450.0
       256.800       48720.0
       260.000       89130.0
       264.000       170600.
       268.500       255800.
       273.500       335900.
       278.500       392100.
       284.000       785500.
       290.000   1.09600e+06
       296.000   1.37200e+06
       301.000   2.63700e+06
       308.000   5.62900e+06
       318.000   1.32600e+07
       328.000   1.83300e+07
       338.000   3.34800e+07
       348.000   5.04100e+07
       357.000   9.47300e+07
       366.000   1.86800e+08
       375.000   2.09200e+08
       385.000   2.75800e+08
       395.000   4.41400e+08
       405.000   5.38800e+08
       414.000   6.31900e+08
       422.000   6.95800e+08
       430.000   7.48100e+08
       441.000   9.06900e+08
       451.000   9.78900e+08
       460.000   9.91200e+08
       470.000   1.14300e+09
       480.000   1.32500e+09
       490.000   1.34500e+09
       500.000   1.63400e+09
       506.000   2.76000e+09
       512.000   1.45300e+10
       520.000   1.37000e+10
       530.000   1.21200e+10
       540.000   1.10800e+10
       550.000   1.22900e+10
       560.000   1.62100e+10
       570.000   1.76400e+10
       580.000   1.62800e+10
       590.000   1.69600e+10
       600.000   1.30600e+10
       610.000   1.58900e+10
       620.000   1.94000e+10
       630.000   1.86200e+10
       640.000   1.90000e+10
       650.000   1.81800e+10
       658.000   1.49200e+10
       665.000   1.80400e+10
       675.000   2.04300e+10
       685.000   1.57400e+10
       695.000   2.06700e+10
       705.000   1.60800e+10
       716.000   2.19300e+10
       726.000   2.14400e+10
       735.000   2.15300e+10
       745.000   1.99500e+10
       755.000   1.99600e+10
       765.000   1.98200e+10
       775.000   2.07100e+10
       785.000   2.08800e+10
       795.000   2.13000e+10
       805.000   2.02800e+10
       815.000   2.01300e+10
       825.000   2.11400e+10
       835.000   1.70800e+10
       845.000   2.00900e+10
       855.000   1.98200e+10
       865.000   2.03800e+10
       875.000   2.03900e+10
       885.000   2.05400e+10
       895.000   2.05600e+10
       905.000   1.99000e+10
       915.000   2.09400e+10
       925.000   5.21900e+10
       935.000   7.62800e+10
       945.000   9.01400e+10
       955.000   9.57400e+10
       965.000   1.03900e+11
       975.000   5.26800e+10
       985.000   8.54700e+10
       995.000   7.81800e+10
       1005.00   8.03000e+10
       1015.00   8.38300e+10
       1025.00   7.20900e+10
       1035.00   8.21300e+10
       1045.00   9.07800e+10
       1055.00   8.67900e+10
       1065.00   7.78600e+10
       1075.00   7.90600e+10
       1085.00   7.35900e+10
       1095.00   7.68100e+10
       1105.00   7.37400e+10
       1115.00   7.23800e+10
       1125.00   6.19600e+10
       1135.00   6.95600e+10
       1145.00   6.75200e+10
       1155.00   6.40400e+10
       1165.00   6.20200e+10
       1175.00   4.35400e+10
       1185.00   5.65000e+10
       1195.00   5.49900e+10
       1205.00   5.31100e+10
       1215.00   4.44700e+10
       1225.00   5.10300e+10
       1235.00   5.38100e+10
       1245.00   5.18800e+10
       1255.00   5.15900e+10
       1265.00   5.26500e+10
       1275.00   5.36900e+10
       1285.00   5.33700e+10
       1295.00   5.05700e+10
       1305.00   4.98600e+10
       1315.00   5.17100e+10
       1325.00   5.00400e+10
       1335.00   4.84900e+10
       1345.00   4.86000e+10
       1355.00   4.69900e+10
       1365.00   4.56200e+10
       1375.00   4.42700e+10
       1385.00   4.30700e+10
       1395.00   3.62400e+10
       1405.00   3.63600e+10
       1415.00   4.09900e+10
       1425.00   3.69200e+10
       1435.00   3.89700e+10
       1442.00   3.83600e+10
       1447.00   3.81800e+10
       1455.00   3.64700e+10
       1465.00   3.58000e+10
       1475.00   3.58100e+10
       1485.00   3.57700e+10
       1495.00   3.46100e+10
       1505.00   3.40100e+10
       1512.00   3.33700e+10
       1517.00   3.34900e+10
       1525.00   3.23000e+10
       1535.00   2.86900e+10
       1545.00   2.42000e+10
       1555.00   2.44300e+10
       1565.00   2.72000e+10
       1575.00   2.83600e+10
       1585.00   2.84100e+10
       1595.00   2.81000e+10
       1605.00   2.64100e+10
       1615.00   2.53300e+10
       1625.00   2.58100e+10
       1635.00   2.59000e+10
       1645.00   2.55700e+10
       1655.00   2.58100e+10
       1665.00   2.53600e+10
       1672.00   2.35000e+10
       1677.00   2.69000e+10
       1685.00   2.56800e+10
       1695.00   2.48600e+10
       1705.00   2.45400e+10
       1715.00   2.34500e+10
       1725.00   2.27300e+10
       1735.00   2.34100e+10
       1745.00   2.31000e+10
       1755.00   2.26500e+10
       1765.00   2.23900e+10
       1775.00   2.17000e+10
       1785.00   2.18800e+10
       1795.00   2.13100e+10
       1805.00   2.12200e+10
       1815.00   2.07000e+10
       1825.00   2.03300e+10
       1835.00   2.03000e+10
       1845.00   1.94700e+10
       1855.00   1.95400e+10
       1865.00   1.94400e+10
       1875.00   1.89800e+10
       1885.00   1.82200e+10
       1895.00   1.79800e+10
       1905.00   1.82300e+10
       1915.00   1.77700e+10
       1925.00   1.67700e+10
       1935.00   1.75000e+10
       1945.00   1.75500e+10
       1955.00   1.62200e+10
       1967.00   1.67400e+10
       1976.00   1.68800e+10
       1984.00   1.64400e+10
       1995.00   1.59600e+10
       2005.00   1.61700e+10
       2015.00   1.60600e+10
       2025.00   1.59200e+10
       2035.00   1.54200e+10
       2045.00   1.51700e+10
       2055.00   1.22600e+10
       2065.00   1.18500e+10
       2074.00   1.23500e+10
       2078.00   1.23400e+10
       2085.00   1.32200e+10
       2095.00   1.37900e+10
       2105.00   1.38900e+10
       2115.00   1.39700e+10
       2125.00   1.37000e+10
       2135.00   1.35900e+10
       2145.00   1.33500e+10
       2155.00   1.33400e+10
       2165.00   1.27900e+10
       2175.00   1.29900e+10
       2185.00   1.26000e+10
       2195.00   1.27500e+10
       2205.00   1.25500e+10
       2215.00   1.21100e+10
       2225.00   1.21600e+10
       2235.00   1.19800e+10
       2245.00   1.17800e+10
       2255.00   1.14400e+10
       2265.00   1.14900e+10
       2275.00   1.13600e+10
       2285.00   1.11000e+10
       2295.00   1.02100e+10
       2305.00   1.06200e+10
       2315.00   1.06000e+10
       2325.00   1.05300e+10
       2335.00   1.03700e+10
       2345.00   1.02200e+10
       2355.00   1.00400e+10
       2365.00   9.88400e+09
       2375.00   9.69400e+09
       2385.00   9.32000e+09
       2395.00   9.35900e+09
       2405.00   9.32000e+09
       2415.00   9.20300e+09
       2425.00   9.13100e+09
       2435.00   8.97600e+09
       2445.00   8.87000e+09
       2455.00   8.74300e+09
       2465.00   8.63100e+09
       2475.00   8.51800e+09
       2485.00   8.29200e+09
       2495.00   6.56400e+09
       2505.00   7.98000e+09
       2513.00   7.69400e+09
       2518.00   7.84100e+09
       2525.00   7.95100e+09
       2535.00   7.88800e+09
       2545.00   7.74900e+09
       2555.00   7.65100e+09
       2565.00   7.56900e+09
       2575.00   7.47000e+09
       2585.00   7.37900e+09
       2595.00   7.24700e+09
       2605.00   7.20800e+09
       2615.00   7.07600e+09
       2625.00   7.01900e+09
       2635.00   6.94400e+09
       2645.00   6.83200e+09
       2655.00   6.75800e+09
       2665.00   6.63200e+09
       2675.00   6.49000e+09
       2685.00   6.49600e+09
       2695.00   6.36800e+09
       2705.00   6.32200e+09
       2715.00   6.22500e+09
       2725.00   6.16100e+09
       2735.00   6.00200e+09
       2745.00   6.03800e+09
       2755.00   5.96000e+09
       2765.00   5.86500e+09
       2775.00   5.83300e+09
       2785.00   5.73900e+09
       2795.00   5.58300e+09
       2805.00   5.58800e+09
       2815.00   5.54900e+09
       2825.00   5.46900e+09
       2835.00   5.38400e+09
       2845.00   5.35900e+09
       2855.00   5.28700e+09
       2865.00   5.20600e+09
       2875.00   5.15200e+09
       2885.00   5.09600e+09
       2895.00   5.03600e+09
       2910.00   4.92800e+09
       2930.00   4.83900e+09
       2950.00   4.70700e+09
       2970.00   4.60400e+09
       2990.00   4.47400e+09
       3010.00   4.36300e+09
       3030.00   4.25300e+09
       3050.00   4.18200e+09
       3070.00   4.10300e+09
       3090.00   3.99300e+09
       3110.00   3.92900e+09
       3130.00   3.83400e+09
       3150.00   3.75800e+09
       3170.00   3.67200e+09
       3190.00   3.59300e+09
       3210.00   3.49200e+09
       3230.00   3.44200e+09
       3250.00   3.38000e+09
       3270.00   3.28300e+09
       3290.00   3.22900e+09
       3310.00   3.15900e+09
       3330.00   3.08800e+09
       3350.00   3.01200e+09
       3370.00   2.95700e+09
       3390.00   2.91200e+09
       3410.00   2.85000e+09
       3430.00   2.79400e+09
       3450.00   2.72500e+09
       3470.00   2.67900e+09
       3490.00   2.62600e+09
       3510.00   2.57700e+09
       3530.00   2.52800e+09
       3550.00   2.47700e+09
       3570.00   2.43200e+09
       3590.00   2.37600e+09
       3610.00   2.32700e+09
       3630.00   2.28400e+09
       3640.00   2.25200e+09
       3650.00   2.12600e+09
       3670.00   2.09100e+09
       3690.00   2.05200e+09
       3710.00   2.00000e+09
       3730.00   1.96700e+09
       3750.00   1.98600e+09
       3770.00   1.96500e+09
       3790.00   2.00100e+09
       3810.00   2.02900e+09
       3830.00   1.87200e+09
       3850.00   2.00300e+09
       3870.00   1.95700e+09
       3890.00   1.77000e+09
       3910.00   1.92600e+09
       3930.00   1.87000e+09
       3950.00   1.83700e+09
       3970.00   1.63300e+09
       3990.00   1.78700e+09
       4010.00   1.75300e+09
       4030.00   1.69300e+09
       4050.00   1.69800e+09
       4070.00   1.64500e+09
       4090.00   1.57500e+09
       4110.00   1.46400e+09
       4130.00   1.56300e+09
       4150.00   1.54100e+09
       4170.00   1.52600e+09
       4190.00   1.49800e+09
       4210.00   1.46600e+09
       4230.00   1.45400e+09
       4250.00   1.42100e+09
       4270.00   1.39100e+09
       4290.00   1.37100e+09
       4310.00   1.33900e+09
       4330.00   1.27900e+09
       4350.00   1.20100e+09
       4370.00   1.27700e+09
       4390.00   1.24800e+09
       4410.00   1.23400e+09
       4430.00   1.22300e+09
       4450.00   1.20100e+09
       4470.00   1.16500e+09
       4490.00   1.16400e+09
       4510.00   1.13900e+09
       4530.00   1.12500e+09
       4550.00   1.09800e+09
       4570.00   1.09200e+09
       4590.00   1.07100e+09
       4610.00   1.05400e+09
       4630.00   1.03200e+09
       4650.00   9.86900e+08
       4670.00   1.00100e+09
       4690.00   9.74100e+08
       4710.00   9.67100e+08
       4730.00   9.66000e+08
       4750.00   9.50300e+08
       4770.00   9.37800e+08
       4790.00   9.23300e+08
       4810.00   9.08100e+08
       4830.00   8.92500e+08
       4850.00   8.59900e+08
       4870.00   7.94000e+08
       4890.00   8.52200e+08
       4910.00   8.40200e+08
       4930.00   8.19200e+08
       4950.00   8.13900e+08
       4970.00   8.05400e+08
       4990.00   7.93400e+08
       5010.00   7.72300e+08
       5030.00   7.68300e+08
       5050.00   7.55800e+08
       5070.00   7.47800e+08
       5090.00   7.36800e+08
       5110.00   7.25900e+08
       5130.00   7.14900e+08
       5150.00   7.04600e+08
       5170.00   6.94500e+08
       5190.00   6.85000e+08
       5210.00   6.75600e+08
       5230.00   6.66000e+08
       5250.00   6.55200e+08
       5270.00   6.45800e+08
       5290.00   6.38200e+08
       5310.00   6.29200e+08
       5330.00   6.20400e+08
       5350.00   6.11900e+08
       5370.00   6.03500e+08
       5390.00   5.94900e+08
       5410.00   5.81500e+08
       5430.00   5.79000e+08
       5450.00   5.71000e+08
       5470.00   5.63100e+08
       5490.00   5.55500e+08
       5510.00   5.47800e+08
       5530.00   5.40500e+08
       5550.00   5.33500e+08
       5570.00   5.26100e+08
       5590.00   5.18100e+08
       5610.00   5.12400e+08
       5630.00   5.05600e+08
       5650.00   4.98800e+08
       5670.00   4.91700e+08
       5690.00   4.79600e+08
       5710.00   4.65800e+08
       5730.00   4.60000e+08
       5750.00   4.53700e+08
       5770.00   4.48600e+08
       5790.00   4.42900e+08
       5810.00   4.36800e+08
       5830.00   4.31700e+08
       5850.00   4.28100e+08
       5870.00   4.16500e+08
       5890.00   4.18800e+08
       5910.00   4.15000e+08
       5930.00   4.10900e+08
       5950.00   4.07100e+08
       5970.00   4.03700e+08
       5990.00   3.99500e+08
       6010.00   3.95400e+08
       6030.00   3.90200e+08
       6050.00   3.85500e+08
       6070.00   3.80800e+08
       6090.00   3.76300e+08
       6110.00   3.71500e+08
       6130.00   3.67000e+08
       6150.00   3.62200e+08
       6170.00   3.57600e+08
       6190.00   3.53800e+08
       6210.00   3.49600e+08
       6230.00   3.45000e+08
       6250.00   3.41000e+08
       6270.00   3.37100e+08
       6290.00   3.33100e+08
       6310.00   3.28400e+08
       6330.00   3.25200e+08
       6350.00   3.21200e+08
       6370.00   3.17600e+08
       6390.00   3.13800e+08
       6410.00   3.09500e+08
       6430.00   3.06500e+08
       6450.00   3.02800e+08
       6470.00   2.98900e+08
       6490.00   2.95600e+08
       6510.00   2.92200e+08
       6530.00   2.87600e+08
       6550.00   2.81700e+08
       6570.00   2.57900e+08
       6590.00   2.77900e+08
       6610.00   2.75900e+08
       6630.00   2.72800e+08
       6650.00   2.69700e+08
       6670.00   2.64500e+08
       6690.00   2.61000e+08
       6710.00   2.60200e+08
       6730.00   2.57200e+08
       6750.00   2.54500e+08
       6770.00   2.52000e+08
       6790.00   2.48900e+08
       6810.00   2.46500e+08
       6830.00   2.43700e+08
       6850.00   2.41000e+08
       6870.00   2.38300e+08
       6890.00   2.34600e+08
       6910.00   2.32900e+08
       6930.00   2.30700e+08
       6950.00   2.28100e+08
       6970.00   2.25700e+08
       6990.00   2.23200e+08
       7010.00   2.20600e+08
       7030.00   2.18000e+08
       7050.00   2.15900e+08
       7070.00   2.11200e+08
       7090.00   2.11400e+08
       7110.00   2.09100e+08
       7130.00   2.06900e+08
       7150.00   2.04800e+08
       7170.00   2.02000e+08
       7190.00   2.00200e+08
       7210.00   1.98300e+08
       7230.00   1.95400e+08
       7250.00   1.94000e+08
       7270.00   1.92100e+08
       7290.00   1.89100e+08
       7310.00   1.88100e+08
       7330.00   1.86200e+08
       7350.00   1.84300e+08
       7370.00   1.82400e+08
       7390.00   1.80500e+08
       7410.00   1.78600e+08
       7430.00   1.76800e+08
       7450.00   1.74900e+08
       7470.00   1.73100e+08
       7490.00   1.71100e+08
       7510.00   1.69700e+08
       7530.00   1.68000e+08
       7550.00   1.66300e+08
       7570.00   1.64600e+08
       7590.00   1.62100e+08
       7610.00   1.61100e+08
       7630.00   1.59700e+08
       7650.00   1.58100e+08
       7670.00   1.56600e+08
       7690.00   1.54800e+08
       7710.00   1.53300e+08
       7730.00   1.51700e+08
       7750.00   1.50400e+08
       7770.00   1.49000e+08
       7790.00   1.47500e+08
       7810.00   1.46000e+08
       7830.00   1.44700e+08
       7850.00   1.43200e+08
       7870.00   1.41800e+08
       7890.00   1.40400e+08
       7910.00   1.39200e+08
       7930.00   1.37800e+08
       7950.00   1.36500e+08
       7970.00   1.35100e+08
       7990.00   1.33900e+08
       8010.00   1.32600e+08
       8030.00   1.31300e+08
       8050.00   1.30100e+08
       8070.00   1.28900e+08
       8090.00   1.27500e+08
       8110.00   1.26100e+08
       8130.00   1.25300e+08
       8150.00   1.24000e+08
       8170.00   1.22900e+08
       8190.00   1.21400e+08
       8210.00   1.18900e+08
       8230.00   1.17400e+08
       8250.00   1.16800e+08
       8270.00   1.15400e+08
       8290.00   1.14700e+08
       8310.00   1.13700e+08
       8330.00   1.12500e+08
       8350.00   1.11200e+08
       8370.00   1.10500e+08
       8390.00   1.09600e+08
       8410.00   1.08600e+08
       8430.00   1.07600e+08
       8450.00   1.06400e+08
       8470.00   1.05700e+08
       8490.00   1.04800e+08
       8510.00   1.03400e+08
       8530.00   1.03100e+08
       8550.00   1.01500e+08
       8570.00   1.01800e+08
       8590.00   9.93500e+07
       8610.00   9.88000e+07
       8630.00   9.97100e+07
       8650.00   9.78900e+07
       8670.00   9.41700e+07
       8690.00   9.72900e+07
       8710.00   9.70300e+07
       8730.00   9.52000e+07
       8750.00   8.94800e+07
       8770.00   9.29900e+07
       8790.00   9.40900e+07
       8810.00   9.34400e+07
       8830.00   9.24400e+07
       8850.00   8.89200e+07
       8870.00   8.42600e+07
       8890.00   8.96700e+07
       8910.00   8.95100e+07
       8930.00   8.88000e+07
       8950.00   8.81400e+07
       8970.00   8.73500e+07
       8990.00   8.56900e+07
       9010.00   7.92800e+07
       9030.00   8.17600e+07
       9050.00   8.41300e+07
       9070.00   8.32600e+07
       9090.00   8.29300e+07
       9110.00   8.23900e+07
       9130.00   8.17400e+07
       9150.00   8.10700e+07
       9170.00   8.02400e+07
       9190.00   7.94700e+07
       9210.00   7.72100e+07
       9230.00   7.07500e+07
       9250.00   7.60400e+07
       9270.00   7.67900e+07
       9290.00   7.63600e+07
       9310.00   7.55900e+07
       9330.00   7.50900e+07
       9350.00   7.39800e+07
       9370.00   7.38300e+07
       9390.00   7.33000e+07
       9410.00   7.26400e+07
       9430.00   7.20800e+07
       9450.00   7.15000e+07
       9470.00   7.07100e+07
       9490.00   7.03100e+07
       9510.00   6.91400e+07
       9530.00   6.72600e+07
       9550.00   6.18700e+07
       9570.00   6.70700e+07
       9590.00   6.73700e+07
       9610.00   6.68600e+07
       9630.00   6.62300e+07
       9650.00   6.59600e+07
       9670.00   6.54400e+07
       9690.00   6.48900e+07
       9710.00   6.33800e+07
       9730.00   6.37400e+07
       9750.00   6.33700e+07
       9770.00   6.28100e+07
       9790.00   6.23700e+07
       9810.00   6.18700e+07
       9830.00   6.13900e+07
       9850.00   6.09000e+07
       9870.00   6.04200e+07
       9890.00   5.99100e+07
       9910.00   5.93300e+07
       9930.00   5.90300e+07
       9950.00   5.85700e+07
       9970.00   5.81000e+07
       9990.00   5.76600e+07
       10025.0   5.54300e+07
       10075.0   5.37700e+07
       10125.0   5.42400e+07
       10175.0   5.37000e+07
       10225.0   5.26600e+07
       10275.0   5.16900e+07
       10325.0   5.05900e+07
       10375.0   4.97900e+07
       10425.0   4.88300e+07
       10475.0   4.79600e+07
       10525.0   4.70800e+07
       10575.0   4.62200e+07
       10625.0   4.53800e+07
       10675.0   4.45100e+07
       10725.0   4.37600e+07
       10775.0   4.29700e+07
       10825.0   4.18700e+07
       10875.0   4.14000e+07
       10925.0   3.85500e+07
       10975.0   3.95200e+07
       11025.0   3.91700e+07
       11075.0   3.86000e+07
       11125.0   3.79300e+07
       11175.0   3.72800e+07
       11225.0   3.66300e+07
       11275.0   3.60000e+07
       11325.0   3.53800e+07
       11375.0   3.47800e+07
       11425.0   3.41900e+07
       11475.0   3.36200e+07
       11525.0   3.30600e+07
       11575.0   3.24900e+07
       11625.0   3.18600e+07
       11675.0   3.13600e+07
       11725.0   3.09100e+07
       11775.0   3.04000e+07
       11825.0   2.98900e+07
       11875.0   2.94100e+07
       11925.0   2.89300e+07
       11975.0   2.82500e+07
       12025.0   2.80000e+07
       12075.0   2.75500e+07
       12125.0   2.71000e+07
       12175.0   2.66800e+07
       12225.0   2.62500e+07
       12275.0   2.58400e+07
       12325.0   2.54300e+07
       12375.0   2.50300e+07
       12425.0   2.46400e+07
       12475.0   2.42500e+07
       12525.0   2.38400e+07
       12575.0   2.35000e+07
       12625.0   2.31400e+07
       12675.0   2.27900e+07
       12725.0   2.24400e+07
       12775.0   2.18600e+07
       12825.0   2.06000e+07
       12875.0   2.13800e+07
       12925.0   2.11100e+07
       12975.0   2.07100e+07
       13025.0   2.04800e+07
       13075.0   2.01800e+07
       13125.0   1.98800e+07
       13175.0   1.95900e+07
       13225.0   1.93000e+07
       13275.0   1.90100e+07
       13325.0   1.87300e+07
       13375.0   1.84600e+07
       13425.0   1.81800e+07
       13475.0   1.79300e+07
       13525.0   1.76700e+07
       13575.0   1.74200e+07
       13625.0   1.71600e+07
       13675.0   1.69200e+07
       13725.0   1.66800e+07
       13775.0   1.64500e+07
       13825.0   1.62200e+07
       13875.0   1.59900e+07
       13925.0   1.57600e+07
       13975.0   1.55400e+07
       14025.0   1.53200e+07
       14075.0   1.51100e+07
       14125.0   1.49000e+07
       14175.0   1.47000e+07
       14225.0   1.45000e+07
       14275.0   1.43000e+07
       14325.0   1.41000e+07
       14375.0   1.39100e+07
       14425.0   1.37300e+07
       14475.0   1.35400e+07
       14525.0   1.33600e+07
       14570.0   1.32000e+07
       14620.0   1.30200e+07
       14675.0   1.28300e+07
       14725.0   1.26600e+07
       14775.0   1.24700e+07
       14825.0   1.23300e+07
       14875.0   1.21700e+07
       14925.0   1.20100e+07
       14975.0   1.18500e+07
       15025.0   1.16900e+07
       15075.0   1.15300e+07
       15125.0   1.13900e+07
       15175.0   1.12500e+07
       15225.0   1.11000e+07
       15275.0   1.09600e+07
       15325.0   1.08200e+07
       15375.0   1.06800e+07
       15425.0   1.05400e+07
       15475.0   1.04100e+07
       15525.0   1.02800e+07
       15575.0   1.01300e+07
       15625.0   1.00400e+07
       15675.0   9.88100e+06
       15725.0   9.73400e+06
       15775.0   9.67600e+06
       15825.0   9.55100e+06
       15875.0   9.31500e+06
       15925.0   9.29500e+06
       15975.0   9.21900e+06
       16050.0   9.02400e+06
       16150.0   8.73000e+06
       16250.0   8.64100e+06
       16350.0   8.38300e+06
       16450.0   8.08800e+06
       16550.0   8.04000e+06
       16650.0   7.85100e+06
       16750.0   7.61300e+06
       16850.0   7.33500e+06
       16950.0   7.31700e+06
       17050.0   7.12200e+06
       17150.0   6.98600e+06
       17250.0   6.82500e+06
       17350.0   6.48500e+06
       17450.0   6.50900e+06
       17550.0   6.37900e+06
       17650.0   6.23700e+06
       17750.0   6.09900e+06
       17850.0   5.96400e+06
       17950.0   5.83500e+06
       18050.0   5.70900e+06
       18150.0   5.42700e+06
       18250.0   5.44100e+06
       18350.0   5.34900e+06
       18450.0   5.23500e+06
       18550.0   5.12100e+06
       18650.0   4.97600e+06
       18750.0   4.76200e+06
       18850.0   4.80700e+06
       18950.0   4.70900e+06
       19050.0   4.60100e+06
       19150.0   4.51800e+06
       19250.0   4.42600e+06
       19350.0   4.33200e+06
       19450.0   4.10700e+06
       19550.0   4.15600e+06
       19650.0   4.08000e+06
       19750.0   3.99900e+06
       19850.0   3.92000e+06
       19950.0   3.84300e+06
       20050.0   3.76700e+06
       20150.0   3.69400e+06
       20250.0   3.62200e+06
       20350.0   3.55200e+06
       20450.0   3.48300e+06
       20550.0   3.41200e+06
       20650.0   3.35200e+06
       20750.0   3.28900e+06
       20850.0   3.22700e+06
       20950.0   3.16600e+06
       21050.0   3.10700e+06
       21150.0   3.04100e+06
       21250.0   2.99300e+06
       21350.0   2.93800e+06
       21450.0   2.88300e+06
       21550.0   2.82900e+06
       21650.0   2.68200e+06
       21750.0   2.72400e+06
       21850.0   2.67900e+06
       21950.0   2.63200e+06
       22050.0   2.58500e+06
       22150.0   2.53900e+06
       22250.0   2.49400e+06
       22350.0   2.45000e+06
       22450.0   2.40700e+06
       22550.0   2.36500e+06
       22650.0   2.32400e+06
       22750.0   2.28400e+06
       22850.0   2.24400e+06
       22950.0   2.20500e+06
       23050.0   2.16800e+06
       23150.0   2.13100e+06
       23250.0   2.09500e+06
       23350.0   2.06000e+06
       23450.0   2.02500e+06
       23550.0   1.99100e+06
       23650.0   1.95800e+06
       23750.0   1.92500e+06
       23850.0   1.89400e+06
       23950.0   1.86200e+06
       24050.0   1.83200e+06
       24150.0   1.80200e+06
       24250.0   1.77200e+06
       24350.0   1.74400e+06
       24450.0   1.71500e+06
       24550.0   1.68800e+06
       24650.0   1.66100e+06
       24750.0   1.63300e+06
       24850.0   1.61000e+06
       24950.0   1.58100e+06
       25050.0   1.56000e+06
       25150.0   1.53600e+06
       25250.0   1.50600e+06
       25350.0   1.48800e+06
       25450.0   1.46600e+06
       25550.0   1.44100e+06
       25650.0   1.41200e+06
       25750.0   1.39800e+06
       25850.0   1.37800e+06
       25950.0   1.35700e+06
       26050.0   1.33200e+06
       26150.0   1.30000e+06
       26250.0   1.24900e+06
       26350.0   1.27300e+06
       26450.0   1.25800e+06
       26550.0   1.23800e+06
       26650.0   1.21800e+06
       26750.0   1.18400e+06
       26850.0   1.18200e+06
       26950.0   1.16800e+06
       27050.0   1.15100e+06
       27150.0   1.13400e+06
       27250.0   1.11700e+06
       27350.0   1.10100e+06
       27450.0   1.08500e+06
       27550.0   1.05000e+06
       27650.0   1.04700e+06
       27750.0   1.03900e+06
       27850.0   1.02500e+06
       27950.0   1.01000e+06
       28050.0       995900.
       28150.0       981900.
       28250.0       968100.
       28350.0       954600.
       28450.0       941300.
       28550.0       928000.
       28650.0       910600.
       28750.0       880300.
       28850.0       889200.
       28950.0       878200.
       29050.0       866300.
       29150.0       854500.
       29250.0       842900.
       29350.0       831500.
       29450.0       820400.
       29550.0       809400.
       29650.0       798600.
       29750.0       787900.
       29850.0       777500.
       29950.0       767200.
       30050.0       757000.
       30150.0       747000.
       30250.0       736800.
       30350.0       711000.
       30450.0       709300.
       30550.0       708800.
       30650.0       699700.
       30750.0       690500.
       30850.0       681700.
       30950.0       673100.
       31050.0       664500.
       31150.0       656000.
       31250.0       647700.
       31350.0       639500.
       31450.0       631400.
       31550.0       623500.
       31650.0       615700.
       31750.0       608000.
       31850.0       600400.
       31950.0       593000.
       32100.0       582000.
       32300.0       567800.
       32500.0       554000.
       32700.0       540600.
       32900.0       517200.
       33100.0       513000.
       33300.0       503200.
       33500.0       491500.
       33700.0       479900.
       33900.0       468800.
       34100.0       457900.
       34300.0       447300.
       34500.0       437100.
       34700.0       427100.
       34900.0       417400.
       35100.0       408000.
       35300.0       398900.
       35500.0       390000.
       35700.0       381300.
       35900.0       372900.
       36100.0       364700.
       36300.0       356800.
       36500.0       349000.
       36700.0       341500.
       36900.0       333900.
       37100.0       326700.
       37300.0       316900.
       37500.0       308300.
       37700.0       306800.
       37900.0       300300.
       38100.0       293600.
       38300.0       287700.
       38500.0       282100.
       38700.0       276300.
       38900.0       270600.
       39100.0       264100.
       39300.0       259800.
       39500.0       254600.
       39700.0       249500.
       39900.0       244600.
       40100.0       239000.
       40300.0       233600.
       40500.0       225800.
       40700.0       225900.
       40900.0       221500.
       41100.0       217300.
       41300.0       213000.
       41500.0       208900.
       41700.0       202900.
       41900.0       201000.
       42100.0       197300.
       42300.0       193600.
       42500.0       190000.
       42700.0       186500.
       42900.0       182800.
       43100.0       179700.
       43300.0       176400.
       43500.0       173200.
       43700.0       167900.
       43900.0       166400.
       44100.0       163900.
       44300.0       161000.
       44500.0       158100.
       44700.0       155400.
       44900.0       152600.
       45100.0       150000.
       45300.0       147300.
       45500.0       144700.
       45700.0       142200.
       45900.0       139800.
       46100.0       137300.
       46300.0       134900.
       46500.0       129300.
       46700.0       127900.
       46900.0       127800.
       47100.0       126100.
       47300.0       123900.
       47500.0       121900.
       47700.0       119800.
       47900.0       117800.
       48100.0       115900.
       48300.0       114000.
       48500.0       112100.
       48700.0       110300.
       48900.0       108500.
       49100.0       106700.
       49300.0       105000.
       49500.0       103300.
       49700.0       101700.
       49900.0       100000.
       50100.0       98450.0
       50300.0       96890.0
       50500.0       95360.0
       50700.0       93870.0
       50900.0       92400.0
       51100.0       90780.0
       51300.0       87630.0
       51500.0       88070.0
       51700.0       86800.0
       51900.0       85470.0
       52100.0       84170.0
       52300.0       82880.0
       52500.0       81620.0
       52700.0       80390.0
       52900.0       79180.0
       53100.0       77990.0
       53300.0       76830.0
       53500.0       75680.0
       53700.0       74530.0
       53900.0       73430.0
       54100.0       72380.0
       54300.0       71320.0
       54500.0       70270.0
       54700.0       69250.0
       54900.0       68240.0
       55100.0       67240.0
       55300.0       66160.0
       55500.0       65330.0
       55700.0       64400.0
       55900.0       63480.0
       56100.0       62580.0
       56300.0       61690.0
       56500.0       60820.0
       56700.0       59970.0
       56900.0       59120.0
       57100.0       58070.0
       57300.0       57470.0
       57500.0       56690.0
       57700.0       55910.0
       57900.0       55140.0
       58100.0       54380.0
       58300.0       53640.0
       58500.0       52930.0
       58700.0       52200.0
       58900.0       51370.0
       59100.0       49500.0
       59300.0       50010.0
       59500.0       49120.0
       59700.0       48640.0
       59900.0       48140.0
       60100.0       47500.0
       60300.0       46870.0
       60500.0       46250.0
       60700.0       45640.0
       60900.0       45040.0
       61100.0       44450.0
       61300.0       43880.0
       61500.0       43310.0
       61700.0       42750.0
       61900.0       42190.0
       62100.0       41650.0
       62300.0       41120.0
       62500.0       40590.0
       62700.0       40020.0
       62900.0       39100.0
       63100.0       38980.0
       63300.0       38570.0
       63500.0       38090.0
       63700.0       37610.0
       63900.0       37140.0
       64200.0       36450.0
       64600.0       35550.0
       65000.0       34680.0
       65400.0       33840.0
       65800.0       33020.0
       66200.0       32230.0
       66600.0       31460.0
       67000.0       30710.0
       67400.0       29960.0
       67800.0       29000.0
       68200.0       28600.0
       68600.0       27930.0
       69000.0       27290.0
       69400.0       26660.0
       69800.0       26050.0
       70200.0       25460.0
       70600.0       24890.0
       71000.0       24330.0
       71400.0       23790.0
       71800.0       23260.0
       72200.0       22750.0
       72600.0       22250.0
       73000.0       21760.0
       73400.0       21290.0
       73800.0       20830.0
       74200.0       20360.0
       74600.0       19590.0
       75000.0       19030.0
       75400.0       19080.0
       75800.0       18710.0
       76200.0       18320.0
       76600.0       17940.0
       77000.0       17560.0
       77400.0       17200.0
       77800.0       16830.0
       78200.0       16510.0
       78600.0       16170.0
       79000.0       15840.0
       79400.0       15530.0
       79800.0       15220.0
       80200.0       14910.0
       80600.0       14620.0
       81000.0       14330.0
       81400.0       14020.0
       81800.0       13770.0
       82200.0       13510.0
       82600.0       13250.0
       83000.0       12990.0
       83400.0       12740.0
       83800.0       12500.0
       84200.0       12260.0
       84600.0       12030.0
       85000.0       11810.0
       85400.0       11590.0
       85800.0       11370.0
       86200.0       11160.0
       86600.0       10900.0
       87000.0       10750.0
       87400.0       10470.0
       87800.0       10280.0
       88200.0       10180.0
       88600.0       9994.00
       89000.0       9814.00
       89400.0       9639.00
       89800.0       9467.00
       90200.0       9300.00
       90600.0       9136.00
       91000.0       8975.00
       91400.0       8818.00
       91800.0       8665.00
       92200.0       8515.00
       92600.0       8368.00
       93000.0       8224.00
       93400.0       8083.00
       93800.0       7881.00
       94200.0       7796.00
       94600.0       7678.00
       95000.0       7549.00
       95400.0       7423.00
       95800.0       7299.00
       96200.0       7178.00
       96600.0       7059.00
       97000.0       6942.00
       97400.0       6828.00
       97800.0       6717.00
       98200.0       6607.00
       98600.0       6500.00
       99000.0       6395.00
       99400.0       6292.00
       99800.0       6191.00
       100200.       6093.00
       200000.       375.700
       400000.       22.8100
       600000.       4.42000
       800000.       1.37900
   1.00000e+06      0.558900
   1.20000e+06      0.267200
   1.40000e+06      0.143200
   1.60000e+06     0.0834500
