       90.9000   3.59100e-12
       93.5000   1.45000e-11
       96.1000   5.40500e-11
       97.7000   1.19000e-10
       99.6000   2.92100e-10
       102.000   8.67400e-10
       103.800   1.90500e-09
       105.600   4.08100e-09
       107.700   9.62800e-09
       110.400   2.77600e-08
       114.000   1.06000e-07
       117.800   4.02000e-07
       121.300   1.28400e-06
       124.800   3.85700e-06
       127.100   7.71400e-06
       128.400   1.13000e-05
       130.500   2.06000e-05
       132.400   3.49700e-05
       133.900   5.26600e-05
       136.600   0.000107500
       139.800   0.000243900
       143.300   0.000573300
       147.200    0.00140800
       151.000    0.00333200
       155.200    0.00813100
       158.800     0.0169000
       162.000     0.0315200
       166.000     0.0672200
       170.300      0.145200
       173.400      0.248200
       176.800      0.439500
       180.200      0.760000
       181.700      0.959400
       186.100       1.88700
       191.000       3.85500
       193.900       5.80000
       198.400       10.6600
       201.800       16.5300
       205.000       24.7600
       210.500       48.1300
       216.200       92.0400
       219.800       137.400
       223.000       192.800
       226.800       285.100
       230.000       327200.
       234.000       913100.
       240.000   1.26400e+06
       246.500   1.86900e+06
       252.400   3.15500e+06
       256.800   4.15900e+06
       260.000   5.84200e+06
       264.000   1.54000e+07
       268.500   2.35300e+07
       273.500   2.88100e+07
       278.500   2.62900e+07
       284.000   5.66600e+07
       290.000   7.73800e+07
       296.000   7.78400e+07
       301.000   1.31700e+08
       308.000   6.45800e+08
       318.000   5.88100e+08
       328.000   1.05800e+09
       338.000   1.22000e+09
       348.000   1.53100e+09
       357.000   3.80500e+09
       366.000   8.39800e+09
       375.000   1.05900e+10
       385.000   1.02400e+10
       395.000   1.80600e+10
       405.000   2.79200e+10
       414.000   2.66300e+10
       422.000   2.63900e+10
       430.000   2.43100e+10
       441.000   2.94300e+10
       451.000   3.00700e+10
       460.000   2.52500e+10
       470.000   2.71200e+10
       480.000   3.16900e+10
       490.000   2.26000e+10
       500.000   3.26300e+10
       506.000   2.69300e+10
       512.000   6.26000e+10
       520.000   5.81600e+10
       530.000   5.16100e+10
       540.000   4.51500e+10
       550.000   4.07800e+10
       560.000   5.68600e+10
       570.000   6.74300e+10
       580.000   6.40900e+10
       590.000   6.49200e+10
       600.000   4.89500e+10
       610.000   5.08500e+10
       620.000   6.75500e+10
       630.000   6.31100e+10
       640.000   6.95900e+10
       650.000   6.48400e+10
       658.000   5.36500e+10
       665.000   6.51000e+10
       675.000   7.14000e+10
       685.000   5.69400e+10
       695.000   6.88800e+10
       705.000   5.34700e+10
       716.000   7.07300e+10
       726.000   7.03800e+10
       735.000   7.07800e+10
       745.000   6.47900e+10
       755.000   6.39200e+10
       765.000   5.80200e+10
       775.000   6.33200e+10
       785.000   5.68400e+10
       795.000   6.26500e+10
       805.000   6.14700e+10
       815.000   6.12900e+10
       825.000   6.20000e+10
       835.000   5.06300e+10
       845.000   5.90400e+10
       855.000   5.67100e+10
       865.000   5.87700e+10
       875.000   5.83400e+10
       885.000   5.73300e+10
       895.000   5.66200e+10
       905.000   5.46900e+10
       915.000   4.71000e+10
       925.000   8.29700e+10
       935.000   1.11600e+11
       945.000   1.21100e+11
       955.000   1.30100e+11
       965.000   1.36800e+11
       975.000   9.73200e+10
       985.000   1.19200e+11
       995.000   1.08000e+11
       1005.00   1.07300e+11
       1015.00   1.11400e+11
       1025.00   1.02200e+11
       1035.00   1.12000e+11
       1045.00   1.16300e+11
       1055.00   1.12600e+11
       1065.00   1.06100e+11
       1075.00   1.05400e+11
       1085.00   9.93400e+10
       1095.00   1.01200e+11
       1105.00   9.79600e+10
       1115.00   9.56200e+10
       1125.00   8.88100e+10
       1135.00   9.30100e+10
       1145.00   9.19900e+10
       1155.00   8.60800e+10
       1165.00   8.30100e+10
       1175.00   6.75900e+10
       1185.00   7.69700e+10
       1195.00   7.41400e+10
       1205.00   7.27700e+10
       1215.00   6.36100e+10
       1225.00   6.87700e+10
       1235.00   7.00400e+10
       1245.00   6.82000e+10
       1255.00   6.79000e+10
       1265.00   6.85300e+10
       1275.00   6.90900e+10
       1285.00   6.82700e+10
       1295.00   6.67900e+10
       1305.00   6.47200e+10
       1315.00   6.52500e+10
       1325.00   6.37800e+10
       1335.00   6.22700e+10
       1345.00   6.19700e+10
       1355.00   5.92600e+10
       1365.00   5.74500e+10
       1375.00   5.54400e+10
       1385.00   5.47900e+10
       1395.00   5.12200e+10
       1405.00   4.91100e+10
       1415.00   5.30100e+10
       1425.00   4.84200e+10
       1435.00   5.03400e+10
       1442.00   4.87400e+10
       1447.00   4.86700e+10
       1455.00   4.68400e+10
       1465.00   4.65400e+10
       1475.00   4.61600e+10
       1485.00   4.62000e+10
       1495.00   4.47800e+10
       1505.00   4.46600e+10
       1512.00   4.42100e+10
       1517.00   4.36600e+10
       1525.00   4.27300e+10
       1535.00   3.90400e+10
       1545.00   3.21800e+10
       1555.00   3.30000e+10
       1565.00   3.64400e+10
       1575.00   3.75900e+10
       1585.00   3.71600e+10
       1595.00   3.68700e+10
       1605.00   3.47300e+10
       1615.00   3.36500e+10
       1625.00   3.38700e+10
       1635.00   3.37500e+10
       1645.00   3.28200e+10
       1655.00   3.35000e+10
       1665.00   3.28200e+10
       1672.00   3.07900e+10
       1677.00   3.39700e+10
       1685.00   3.29500e+10
       1695.00   3.22700e+10
       1705.00   3.15700e+10
       1715.00   3.01800e+10
       1725.00   2.96800e+10
       1735.00   3.04100e+10
       1745.00   2.99800e+10
       1755.00   2.92500e+10
       1765.00   2.89200e+10
       1775.00   2.82400e+10
       1785.00   2.82300e+10
       1795.00   2.74000e+10
       1805.00   2.71300e+10
       1815.00   2.66400e+10
       1825.00   2.60900e+10
       1835.00   2.60000e+10
       1845.00   2.56000e+10
       1855.00   2.53200e+10
       1865.00   2.49900e+10
       1875.00   2.43300e+10
       1885.00   2.38700e+10
       1895.00   2.39200e+10
       1905.00   2.36900e+10
       1915.00   2.33000e+10
       1925.00   2.22300e+10
       1935.00   2.26900e+10
       1945.00   2.24200e+10
       1955.00   2.14300e+10
       1967.00   2.15500e+10
       1976.00   2.12900e+10
       1984.00   2.11200e+10
       1995.00   2.06600e+10
       2005.00   2.05800e+10
       2015.00   2.02600e+10
       2025.00   1.99400e+10
       2035.00   1.95700e+10
       2045.00   1.91800e+10
       2055.00   1.47700e+10
       2065.00   1.43100e+10
       2074.00   1.48500e+10
       2078.00   1.52300e+10
       2085.00   1.66700e+10
       2095.00   1.76500e+10
       2105.00   1.74300e+10
       2115.00   1.74500e+10
       2125.00   1.70800e+10
       2135.00   1.69500e+10
       2145.00   1.66900e+10
       2155.00   1.66500e+10
       2165.00   1.58600e+10
       2175.00   1.62200e+10
       2185.00   1.56500e+10
       2195.00   1.58400e+10
       2205.00   1.55900e+10
       2215.00   1.49900e+10
       2225.00   1.51200e+10
       2235.00   1.49200e+10
       2245.00   1.46700e+10
       2255.00   1.41900e+10
       2265.00   1.42700e+10
       2275.00   1.41200e+10
       2285.00   1.38100e+10
       2295.00   1.32200e+10
       2305.00   1.31900e+10
       2315.00   1.31900e+10
       2325.00   1.31100e+10
       2335.00   1.29300e+10
       2345.00   1.26900e+10
       2355.00   1.24700e+10
       2365.00   1.22800e+10
       2375.00   1.20500e+10
       2385.00   1.15300e+10
       2395.00   1.16400e+10
       2405.00   1.15500e+10
       2415.00   1.14200e+10
       2425.00   1.13400e+10
       2435.00   1.11600e+10
       2445.00   1.10200e+10
       2455.00   1.08300e+10
       2465.00   1.07100e+10
       2475.00   1.06100e+10
       2485.00   1.03500e+10
       2495.00   8.74800e+09
       2505.00   1.00500e+10
       2513.00   9.55900e+09
       2518.00   9.78400e+09
       2525.00   9.84100e+09
       2535.00   9.78200e+09
       2545.00   9.66600e+09
       2555.00   9.52400e+09
       2565.00   9.41100e+09
       2575.00   9.27800e+09
       2585.00   9.16500e+09
       2595.00   8.94800e+09
       2605.00   8.93700e+09
       2615.00   8.76500e+09
       2625.00   8.71000e+09
       2635.00   8.61500e+09
       2645.00   8.47300e+09
       2655.00   8.38900e+09
       2665.00   8.26800e+09
       2675.00   8.08300e+09
       2685.00   8.05300e+09
       2695.00   7.93900e+09
       2705.00   7.88600e+09
       2715.00   7.76200e+09
       2725.00   7.67700e+09
       2735.00   7.42500e+09
       2745.00   7.50700e+09
       2755.00   7.40000e+09
       2765.00   7.30500e+09
       2775.00   7.22400e+09
       2785.00   7.10400e+09
       2795.00   6.97700e+09
       2805.00   6.94600e+09
       2815.00   6.87100e+09
       2825.00   6.77900e+09
       2835.00   6.70600e+09
       2845.00   6.64100e+09
       2855.00   6.55800e+09
       2865.00   6.45600e+09
       2875.00   6.38300e+09
       2885.00   6.31800e+09
       2895.00   6.24400e+09
       2910.00   6.12500e+09
       2930.00   5.99700e+09
       2950.00   5.85300e+09
       2970.00   5.70600e+09
       2990.00   5.54900e+09
       3010.00   5.42500e+09
       3030.00   5.27400e+09
       3050.00   5.18000e+09
       3070.00   5.06300e+09
       3090.00   4.96500e+09
       3110.00   4.86000e+09
       3130.00   4.75000e+09
       3150.00   4.65800e+09
       3170.00   4.55100e+09
       3190.00   4.45800e+09
       3210.00   4.30400e+09
       3230.00   4.26900e+09
       3250.00   4.18400e+09
       3270.00   4.05900e+09
       3290.00   3.99700e+09
       3310.00   3.90900e+09
       3330.00   3.82700e+09
       3350.00   3.72600e+09
       3370.00   3.66400e+09
       3390.00   3.59600e+09
       3410.00   3.51900e+09
       3430.00   3.45700e+09
       3450.00   3.37000e+09
       3470.00   3.31700e+09
       3490.00   3.25200e+09
       3510.00   3.19000e+09
       3530.00   3.12100e+09
       3550.00   3.05900e+09
       3570.00   3.00200e+09
       3590.00   2.94000e+09
       3610.00   2.87700e+09
       3630.00   2.82100e+09
       3640.00   2.75400e+09
       3650.00   2.52100e+09
       3670.00   2.47600e+09
       3690.00   2.44000e+09
       3710.00   2.40800e+09
       3730.00   2.40600e+09
       3750.00   2.42800e+09
       3770.00   2.42000e+09
       3790.00   2.43000e+09
       3810.00   2.43900e+09
       3830.00   2.31000e+09
       3850.00   2.38500e+09
       3870.00   2.34400e+09
       3890.00   2.17800e+09
       3910.00   2.28200e+09
       3930.00   2.21700e+09
       3950.00   2.18900e+09
       3970.00   2.01200e+09
       3990.00   2.12100e+09
       4010.00   2.08000e+09
       4030.00   2.01600e+09
       4050.00   2.01200e+09
       4070.00   1.96700e+09
       4090.00   1.89800e+09
       4110.00   1.79200e+09
       4130.00   1.86500e+09
       4150.00   1.83400e+09
       4170.00   1.80900e+09
       4190.00   1.77400e+09
       4210.00   1.72900e+09
       4230.00   1.72000e+09
       4250.00   1.68900e+09
       4270.00   1.66000e+09
       4290.00   1.63200e+09
       4310.00   1.60000e+09
       4330.00   1.54200e+09
       4350.00   1.47000e+09
       4370.00   1.52200e+09
       4390.00   1.48800e+09
       4410.00   1.46600e+09
       4430.00   1.44900e+09
       4450.00   1.42400e+09
       4470.00   1.39100e+09
       4490.00   1.37900e+09
       4510.00   1.35000e+09
       4530.00   1.33000e+09
       4550.00   1.29500e+09
       4570.00   1.29200e+09
       4590.00   1.27000e+09
       4610.00   1.25200e+09
       4630.00   1.22600e+09
       4650.00   1.18300e+09
       4670.00   1.19000e+09
       4690.00   1.14300e+09
       4710.00   1.15400e+09
       4730.00   1.14300e+09
       4750.00   1.12500e+09
       4770.00   1.10800e+09
       4790.00   1.09100e+09
       4810.00   1.07400e+09
       4830.00   1.05700e+09
       4850.00   1.02800e+09
       4870.00   9.65100e+08
       4890.00   1.00900e+09
       4910.00   9.94400e+08
       4930.00   9.75100e+08
       4950.00   9.65100e+08
       4970.00   9.51800e+08
       4990.00   9.38000e+08
       5010.00   9.19800e+08
       5030.00   9.09500e+08
       5050.00   8.95700e+08
       5070.00   8.84000e+08
       5090.00   8.71300e+08
       5110.00   8.58800e+08
       5130.00   8.46100e+08
       5150.00   8.33900e+08
       5170.00   8.22100e+08
       5190.00   8.10400e+08
       5210.00   7.98900e+08
       5230.00   7.87800e+08
       5250.00   7.75400e+08
       5270.00   7.64200e+08
       5290.00   7.55000e+08
       5310.00   7.44400e+08
       5330.00   7.33900e+08
       5350.00   7.23900e+08
       5370.00   7.13900e+08
       5390.00   7.04000e+08
       5410.00   6.84800e+08
       5430.00   6.84900e+08
       5450.00   6.75600e+08
       5470.00   6.66200e+08
       5490.00   6.57300e+08
       5510.00   6.47800e+08
       5530.00   6.39700e+08
       5550.00   6.31200e+08
       5570.00   6.22300e+08
       5590.00   6.12500e+08
       5610.00   6.06300e+08
       5630.00   5.98200e+08
       5650.00   5.90300e+08
       5670.00   5.82500e+08
       5690.00   5.66700e+08
       5710.00   5.35400e+08
       5730.00   5.28600e+08
       5750.00   5.21800e+08
       5770.00   5.15600e+08
       5790.00   5.09700e+08
       5810.00   5.02500e+08
       5830.00   4.99500e+08
       5850.00   4.96000e+08
       5870.00   4.87100e+08
       5890.00   4.88400e+08
       5910.00   4.85200e+08
       5930.00   4.82400e+08
       5950.00   4.80100e+08
       5970.00   4.77100e+08
       5990.00   4.73300e+08
       6010.00   4.68100e+08
       6030.00   4.62300e+08
       6050.00   4.56900e+08
       6070.00   4.50800e+08
       6090.00   4.46000e+08
       6110.00   4.40000e+08
       6130.00   4.34600e+08
       6150.00   4.29900e+08
       6170.00   4.23200e+08
       6190.00   4.19700e+08
       6210.00   4.14700e+08
       6230.00   4.08000e+08
       6250.00   4.04500e+08
       6270.00   3.99900e+08
       6290.00   3.95100e+08
       6310.00   3.88200e+08
       6330.00   3.85800e+08
       6350.00   3.81100e+08
       6370.00   3.76700e+08
       6390.00   3.72200e+08
       6410.00   3.65400e+08
       6430.00   3.63600e+08
       6450.00   3.59100e+08
       6470.00   3.54900e+08
       6490.00   3.50900e+08
       6510.00   3.46700e+08
       6530.00   3.39900e+08
       6550.00   3.36100e+08
       6570.00   3.13200e+08
       6590.00   3.30900e+08
       6610.00   3.27500e+08
       6630.00   3.23800e+08
       6650.00   3.20100e+08
       6670.00   3.14700e+08
       6690.00   3.08800e+08
       6710.00   3.08900e+08
       6730.00   3.05500e+08
       6750.00   3.02100e+08
       6770.00   2.99000e+08
       6790.00   2.95800e+08
       6810.00   2.92500e+08
       6830.00   2.89300e+08
       6850.00   2.86000e+08
       6870.00   2.82800e+08
       6890.00   2.76900e+08
       6910.00   2.76600e+08
       6930.00   2.73700e+08
       6950.00   2.70700e+08
       6970.00   2.67800e+08
       6990.00   2.64900e+08
       7010.00   2.61900e+08
       7030.00   2.58800e+08
       7050.00   2.56200e+08
       7070.00   2.51900e+08
       7090.00   2.50900e+08
       7110.00   2.48200e+08
       7130.00   2.45600e+08
       7150.00   2.43000e+08
       7170.00   2.38700e+08
       7190.00   2.37100e+08
       7210.00   2.35400e+08
       7230.00   2.32900e+08
       7250.00   2.30500e+08
       7270.00   2.28100e+08
       7290.00   2.25100e+08
       7310.00   2.23200e+08
       7330.00   2.21100e+08
       7350.00   2.18800e+08
       7370.00   2.16400e+08
       7390.00   2.14300e+08
       7410.00   2.12000e+08
       7430.00   2.09900e+08
       7450.00   2.07600e+08
       7470.00   2.05600e+08
       7490.00   2.03200e+08
       7510.00   2.01400e+08
       7530.00   1.99500e+08
       7550.00   1.97400e+08
       7570.00   1.95400e+08
       7590.00   1.91300e+08
       7610.00   1.91400e+08
       7630.00   1.89600e+08
       7650.00   1.87700e+08
       7670.00   1.85900e+08
       7690.00   1.83800e+08
       7710.00   1.82100e+08
       7730.00   1.80200e+08
       7750.00   1.78600e+08
       7770.00   1.76900e+08
       7790.00   1.75200e+08
       7810.00   1.73500e+08
       7830.00   1.71800e+08
       7850.00   1.69900e+08
       7870.00   1.68400e+08
       7890.00   1.66800e+08
       7910.00   1.65300e+08
       7930.00   1.63700e+08
       7950.00   1.62100e+08
       7970.00   1.60400e+08
       7990.00   1.59000e+08
       8010.00   1.57500e+08
       8030.00   1.55900e+08
       8050.00   1.54500e+08
       8070.00   1.53100e+08
       8090.00   1.51600e+08
       8110.00   1.50200e+08
       8130.00   1.48800e+08
       8150.00   1.47400e+08
       8170.00   1.45900e+08
       8190.00   1.44100e+08
       8210.00   1.38300e+08
       8230.00   1.36300e+08
       8250.00   1.35700e+08
       8270.00   1.34500e+08
       8290.00   1.33400e+08
       8310.00   1.32200e+08
       8330.00   1.30800e+08
       8350.00   1.29600e+08
       8370.00   1.28700e+08
       8390.00   1.27700e+08
       8410.00   1.26600e+08
       8430.00   1.25600e+08
       8450.00   1.24500e+08
       8470.00   1.23600e+08
       8490.00   1.22700e+08
       8510.00   1.21300e+08
       8530.00   1.20900e+08
       8550.00   1.19500e+08
       8570.00   1.19300e+08
       8590.00   1.17600e+08
       8610.00   1.16800e+08
       8630.00   1.16900e+08
       8650.00   1.15700e+08
       8670.00   1.12800e+08
       8690.00   1.14600e+08
       8710.00   1.14100e+08
       8730.00   1.12800e+08
       8750.00   1.08300e+08
       8770.00   1.10700e+08
       8790.00   1.11000e+08
       8810.00   1.10100e+08
       8830.00   1.09200e+08
       8850.00   1.06500e+08
       8870.00   1.02200e+08
       8890.00   1.06100e+08
       8910.00   1.05700e+08
       8930.00   1.04600e+08
       8950.00   1.03900e+08
       8970.00   1.03100e+08
       8990.00   1.01600e+08
       9010.00   9.61200e+07
       9030.00   9.79700e+07
       9050.00   9.93900e+07
       9070.00   9.85200e+07
       9090.00   9.78600e+07
       9110.00   9.69000e+07
       9130.00   9.63000e+07
       9150.00   9.55100e+07
       9170.00   9.46300e+07
       9190.00   9.38100e+07
       9210.00   9.20100e+07
       9230.00   8.62400e+07
       9250.00   9.04800e+07
       9270.00   9.07000e+07
       9290.00   9.00300e+07
       9310.00   8.92400e+07
       9330.00   8.85500e+07
       9350.00   8.64400e+07
       9370.00   8.67000e+07
       9390.00   8.64000e+07
       9410.00   8.56300e+07
       9430.00   8.49600e+07
       9450.00   8.43000e+07
       9470.00   8.35200e+07
       9490.00   8.29300e+07
       9510.00   8.19200e+07
       9530.00   8.03500e+07
       9550.00   7.53600e+07
       9570.00   7.96200e+07
       9590.00   7.95800e+07
       9610.00   7.89600e+07
       9630.00   7.82600e+07
       9650.00   7.77500e+07
       9670.00   7.71400e+07
       9690.00   7.65100e+07
       9710.00   7.51000e+07
       9730.00   7.52000e+07
       9750.00   7.46600e+07
       9770.00   7.37000e+07
       9790.00   7.35300e+07
       9810.00   7.29600e+07
       9830.00   7.23600e+07
       9850.00   7.18100e+07
       9870.00   7.12600e+07
       9890.00   7.06900e+07
       9910.00   7.01200e+07
       9930.00   6.96000e+07
       9950.00   6.90600e+07
       9970.00   6.85300e+07
       9990.00   6.80000e+07
       10025.0   6.60400e+07
       10075.0   6.41700e+07
       10125.0   6.36300e+07
       10175.0   6.33300e+07
       10225.0   6.21300e+07
       10275.0   6.09400e+07
       10325.0   5.97200e+07
       10375.0   5.87200e+07
       10425.0   5.74300e+07
       10475.0   5.65700e+07
       10525.0   5.55300e+07
       10575.0   5.45200e+07
       10625.0   5.35400e+07
       10675.0   5.25500e+07
       10725.0   5.16200e+07
       10775.0   5.07000e+07
       10825.0   4.95300e+07
       10875.0   4.89000e+07
       10925.0   4.62600e+07
       10975.0   4.68900e+07
       11025.0   4.63200e+07
       11075.0   4.55600e+07
       11125.0   4.47700e+07
       11175.0   4.40200e+07
       11225.0   4.32500e+07
       11275.0   4.25100e+07
       11325.0   4.17800e+07
       11375.0   4.10700e+07
       11425.0   4.03800e+07
       11475.0   3.97000e+07
       11525.0   3.90300e+07
       11575.0   3.83700e+07
       11625.0   3.74500e+07
       11675.0   3.69200e+07
       11725.0   3.65000e+07
       11775.0   3.59000e+07
       11825.0   3.53000e+07
       11875.0   3.47300e+07
       11925.0   3.41700e+07
       11975.0   3.34800e+07
       12025.0   3.30800e+07
       12075.0   3.25400e+07
       12125.0   3.20100e+07
       12175.0   3.15100e+07
       12225.0   3.10100e+07
       12275.0   3.05200e+07
       12325.0   3.00400e+07
       12375.0   2.95700e+07
       12425.0   2.91100e+07
       12475.0   2.86500e+07
       12525.0   2.81900e+07
       12575.0   2.77700e+07
       12625.0   2.73500e+07
       12675.0   2.69300e+07
       12725.0   2.65200e+07
       12775.0   2.59500e+07
       12825.0   2.47100e+07
       12875.0   2.53000e+07
       12925.0   2.49500e+07
       12975.0   2.45300e+07
       13025.0   2.42000e+07
       13075.0   2.38500e+07
       13125.0   2.34900e+07
       13175.0   2.31500e+07
       13225.0   2.28100e+07
       13275.0   2.24700e+07
       13325.0   2.21400e+07
       13375.0   2.18200e+07
       13425.0   2.15000e+07
       13475.0   2.11900e+07
       13525.0   2.08900e+07
       13575.0   2.05900e+07
       13625.0   2.02900e+07
       13675.0   2.00000e+07
       13725.0   1.97200e+07
       13775.0   1.94400e+07
       13825.0   1.91700e+07
       13875.0   1.89000e+07
       13925.0   1.86300e+07
       13975.0   1.83700e+07
       14025.0   1.81200e+07
       14075.0   1.78700e+07
       14125.0   1.76200e+07
       14175.0   1.73800e+07
       14225.0   1.71400e+07
       14275.0   1.69000e+07
       14325.0   1.66700e+07
       14375.0   1.64500e+07
       14425.0   1.62300e+07
       14475.0   1.60100e+07
       14525.0   1.57900e+07
       14570.0   1.56000e+07
       14620.0   1.53900e+07
       14675.0   1.51700e+07
       14725.0   1.49700e+07
       14775.0   1.46800e+07
       14825.0   1.45800e+07
       14875.0   1.43900e+07
       14925.0   1.42000e+07
       14975.0   1.40100e+07
       15025.0   1.38300e+07
       15075.0   1.36400e+07
       15125.0   1.34700e+07
       15175.0   1.33000e+07
       15225.0   1.31300e+07
       15275.0   1.29600e+07
       15325.0   1.27900e+07
       15375.0   1.26300e+07
       15425.0   1.24600e+07
       15475.0   1.23100e+07
       15525.0   1.21600e+07
       15575.0   1.19900e+07
       15625.0   1.18700e+07
       15675.0   1.16900e+07
       15725.0   1.15300e+07
       15775.0   1.14400e+07
       15825.0   1.12900e+07
       15875.0   1.10600e+07
       15925.0   1.10000e+07
       15975.0   1.09000e+07
       16050.0   1.06800e+07
       16150.0   1.03600e+07
       16250.0   1.01900e+07
       16350.0   9.91800e+06
       16450.0   9.60300e+06
       16550.0   9.48500e+06
       16650.0   9.26300e+06
       16750.0   9.01000e+06
       16850.0   8.71600e+06
       16950.0   8.63400e+06
       17050.0   8.41700e+06
       17150.0   8.24300e+06
       17250.0   8.05600e+06
       17350.0   7.72300e+06
       17450.0   7.69100e+06
       17550.0   7.52700e+06
       17650.0   7.36000e+06
       17750.0   7.19800e+06
       17850.0   7.04000e+06
       17950.0   6.88600e+06
       18050.0   6.73700e+06
       18150.0   6.45900e+06
       18250.0   6.43400e+06
       18350.0   6.31200e+06
       18450.0   6.17800e+06
       18550.0   6.04700e+06
       18650.0   5.85600e+06
       18750.0   5.65300e+06
       18850.0   5.67600e+06
       18950.0   5.55900e+06
       19050.0   5.43700e+06
       19150.0   5.33300e+06
       19250.0   5.22500e+06
       19350.0   5.11700e+06
       19450.0   4.89500e+06
       19550.0   4.91100e+06
       19650.0   4.81700e+06
       19750.0   4.72100e+06
       19850.0   4.62700e+06
       19950.0   4.53600e+06
       20050.0   4.44800e+06
       20150.0   4.36100e+06
       20250.0   4.27600e+06
       20350.0   4.19400e+06
       20450.0   4.11300e+06
       20550.0   4.03100e+06
       20650.0   3.95800e+06
       20750.0   3.88200e+06
       20850.0   3.80900e+06
       20950.0   3.73800e+06
       21050.0   3.66800e+06
       21150.0   3.59400e+06
       21250.0   3.53300e+06
       21350.0   3.46800e+06
       21450.0   3.40400e+06
       21550.0   3.34200e+06
       21650.0   3.19500e+06
       21750.0   3.21900e+06
       21850.0   3.16300e+06
       21950.0   3.10700e+06
       22050.0   3.05200e+06
       22150.0   2.99800e+06
       22250.0   2.94400e+06
       22350.0   2.89300e+06
       22450.0   2.84200e+06
       22550.0   2.79200e+06
       22650.0   2.74400e+06
       22750.0   2.69600e+06
       22850.0   2.65400e+06
       22950.0   2.60800e+06
       23050.0   2.56300e+06
       23150.0   2.52000e+06
       23250.0   2.47700e+06
       23350.0   2.43500e+06
       23450.0   2.39400e+06
       23550.0   2.35400e+06
       23650.0   2.31500e+06
       23750.0   2.27600e+06
       23850.0   2.23900e+06
       23950.0   2.20200e+06
       24050.0   2.16600e+06
       24150.0   2.13000e+06
       24250.0   2.09500e+06
       24350.0   2.06200e+06
       24450.0   2.02800e+06
       24550.0   1.99600e+06
       24650.0   1.96300e+06
       24750.0   1.93000e+06
       24850.0   1.90200e+06
       24950.0   1.86800e+06
       25050.0   1.84200e+06
       25150.0   1.81300e+06
       25250.0   1.78000e+06
       25350.0   1.75700e+06
       25450.0   1.73000e+06
       25550.0   1.70200e+06
       25650.0   1.66900e+06
       25750.0   1.65100e+06
       25850.0   1.62600e+06
       25950.0   1.60100e+06
       26050.0   1.57400e+06
       26150.0   1.53900e+06
       26250.0   1.48500e+06
       26350.0   1.50500e+06
       26450.0   1.48400e+06
       26550.0   1.46100e+06
       26650.0   1.43900e+06
       26750.0   1.40300e+06
       26850.0   1.39600e+06
       26950.0   1.37800e+06
       27050.0   1.35700e+06
       27150.0   1.33800e+06
       27250.0   1.31800e+06
       27350.0   1.29900e+06
       27450.0   1.28000e+06
       27550.0   1.24500e+06
       27650.0   1.23800e+06
       27750.0   1.22600e+06
       27850.0   1.20900e+06
       27950.0   1.19200e+06
       28050.0   1.17500e+06
       28150.0   1.15800e+06
       28250.0   1.14200e+06
       28350.0   1.12600e+06
       28450.0   1.11000e+06
       28550.0   1.09500e+06
       28650.0   1.07700e+06
       28750.0   1.04500e+06
       28850.0   1.05000e+06
       28950.0   1.03600e+06
       29050.0   1.02200e+06
       29150.0   1.00800e+06
       29250.0       994300.
       29350.0       980900.
       29450.0       967700.
       29550.0       954700.
       29650.0       942000.
       29750.0       929400.
       29850.0       917100.
       29950.0       904900.
       30050.0       893000.
       30150.0       881200.
       30250.0       869700.
       30350.0       843000.
       30450.0       839900.
       30550.0       836200.
       30650.0       825300.
       30750.0       814700.
       30850.0       804200.
       30950.0       793900.
       31050.0       783800.
       31150.0       773800.
       31250.0       764000.
       31350.0       754300.
       31450.0       744800.
       31550.0       735400.
       31650.0       726200.
       31750.0       717100.
       31850.0       708200.
       31950.0       699400.
       32100.0       686500.
       32300.0       669700.
       32500.0       653400.
       32700.0       637600.
       32900.0       612400.
       33100.0       606200.
       33300.0       593400.
       33500.0       579400.
       33700.0       565800.
       33900.0       552600.
       34100.0       539800.
       34300.0       527300.
       34500.0       515200.
       34700.0       503500.
       34900.0       492000.
       35100.0       480900.
       35300.0       470200.
       35500.0       459700.
       35700.0       449500.
       35900.0       439600.
       36100.0       429900.
       36300.0       420500.
       36500.0       411400.
       36700.0       402500.
       36900.0       393900.
       37100.0       385100.
       37300.0       374500.
       37500.0       364500.
       37700.0       361500.
       37900.0       354000.
       38100.0       346300.
       38300.0       339100.
       38500.0       332400.
       38700.0       325600.
       38900.0       318900.
       39100.0       311600.
       39300.0       306200.
       39500.0       300000.
       39700.0       294000.
       39900.0       288200.
       40100.0       281900.
       40300.0       275700.
       40500.0       267000.
       40700.0       266200.
       40900.0       261000.
       41100.0       256000.
       41300.0       250900.
       41500.0       246200.
       41700.0       239600.
       41900.0       236900.
       42100.0       232500.
       42300.0       228100.
       42500.0       223800.
       42700.0       219700.
       42900.0       215500.
       43100.0       211600.
       43300.0       207800.
       43500.0       204000.
       43700.0       198300.
       43900.0       196200.
       44100.0       193100.
       44300.0       189600.
       44500.0       186200.
       44700.0       183000.
       44900.0       179700.
       45100.0       176600.
       45300.0       173500.
       45500.0       170400.
       45700.0       167500.
       45900.0       164600.
       46100.0       161700.
       46300.0       158900.
       46500.0       152800.
       46700.0       151200.
       46900.0       150700.
       47100.0       148400.
       47300.0       145900.
       47500.0       143500.
       47700.0       141100.
       47900.0       138700.
       48100.0       136400.
       48300.0       134200.
       48500.0       132000.
       48700.0       129800.
       48900.0       127700.
       49100.0       125600.
       49300.0       123600.
       49500.0       121600.
       49700.0       119700.
       49900.0       117700.
       50100.0       115900.
       50300.0       114000.
       50500.0       112200.
       50700.0       110500.
       50900.0       108700.
       51100.0       106900.
       51300.0       103500.
       51500.0       103700.
       51700.0       102100.
       51900.0       100600.
       52100.0       99030.0
       52300.0       97520.0
       52500.0       96040.0
       52700.0       94580.0
       52900.0       93160.0
       53100.0       91760.0
       53300.0       90390.0
       53500.0       89040.0
       53700.0       87700.0
       53900.0       86410.0
       54100.0       85140.0
       54300.0       83890.0
       54500.0       82660.0
       54700.0       81450.0
       54900.0       80270.0
       55100.0       79100.0
       55300.0       77860.0
       55500.0       76840.0
       55700.0       75740.0
       55900.0       74660.0
       56100.0       73600.0
       56300.0       72550.0
       56500.0       71530.0
       56700.0       70520.0
       56900.0       69530.0
       57100.0       68340.0
       57300.0       67600.0
       57500.0       66660.0
       57700.0       65740.0
       57900.0       64830.0
       58100.0       63940.0
       58300.0       63060.0
       58500.0       62220.0
       58700.0       61370.0
       58900.0       60450.0
       59100.0       58380.0
       59300.0       58870.0
       59500.0       57820.0
       59700.0       57230.0
       59900.0       56580.0
       60100.0       55830.0
       60300.0       55090.0
       60500.0       54360.0
       60700.0       53640.0
       60900.0       52940.0
       61100.0       52250.0
       61300.0       51570.0
       61500.0       50900.0
       61700.0       50240.0
       61900.0       49590.0
       62100.0       48950.0
       62300.0       48320.0
       62500.0       47700.0
       62700.0       47060.0
       62900.0       46030.0
       63100.0       45840.0
       63300.0       45330.0
       63500.0       44750.0
       63700.0       44190.0
       63900.0       43640.0
       64200.0       42830.0
       64600.0       41770.0
       65000.0       40750.0
       65400.0       39750.0
       65800.0       38790.0
       66200.0       37860.0
       66600.0       36950.0
       67000.0       36070.0
       67400.0       35200.0
       67800.0       34120.0
       68200.0       33590.0
       68600.0       32810.0
       69000.0       32050.0
       69400.0       31310.0
       69800.0       30600.0
       70200.0       29900.0
       70600.0       29230.0
       71000.0       28570.0
       71400.0       27930.0
       71800.0       27310.0
       72200.0       26710.0
       72600.0       26120.0
       73000.0       25550.0
       73400.0       24990.0
       73800.0       24450.0
       74200.0       23910.0
       74600.0       23030.0
       75000.0       22390.0
       75400.0       22400.0
       75800.0       21960.0
       76200.0       21500.0
       76600.0       21050.0
       77000.0       20610.0
       77400.0       20190.0
       77800.0       19750.0
       78200.0       19370.0
       78600.0       18980.0
       79000.0       18590.0
       79400.0       18220.0
       79800.0       17850.0
       80200.0       17500.0
       80600.0       17150.0
       81000.0       16810.0
       81400.0       16450.0
       81800.0       16150.0
       82200.0       15850.0
       82600.0       15540.0
       83000.0       15240.0
       83400.0       14950.0
       83800.0       14660.0
       84200.0       14380.0
       84600.0       14110.0
       85000.0       13850.0
       85400.0       13590.0
       85800.0       13330.0
       86200.0       13090.0
       86600.0       12790.0
       87000.0       12610.0
       87400.0       12290.0
       87800.0       12060.0
       88200.0       11930.0
       88600.0       11720.0
       89000.0       11510.0
       89400.0       11300.0
       89800.0       11100.0
       90200.0       10900.0
       90600.0       10710.0
       91000.0       10520.0
       91400.0       10340.0
       91800.0       10160.0
       92200.0       9980.00
       92600.0       9807.00
       93000.0       9638.00
       93400.0       9473.00
       93800.0       9246.00
       94200.0       9139.00
       94600.0       8998.00
       95000.0       8846.00
       95400.0       8698.00
       95800.0       8552.00
       96200.0       8410.00
       96600.0       8271.00
       97000.0       8134.00
       97400.0       8000.00
       97800.0       7869.00
       98200.0       7741.00
       98600.0       7615.00
       99000.0       7492.00
       99400.0       7371.00
       99800.0       7253.00
       100200.       7137.00
       200000.       438.300
       400000.       26.5800
       600000.       5.15300
       800000.       1.60800
   1.00000e+06      0.651600
   1.20000e+06      0.311300
   1.40000e+06      0.166700
   1.60000e+06     0.0970700
