       90.9000       0.00000
       93.5000       0.00000
       96.1000       0.00000
       97.7000       0.00000
       99.6000       0.00000
       102.000       0.00000
       103.800       0.00000
       105.600       0.00000
       107.700       0.00000
       110.400       0.00000
       114.000       0.00000
       117.800       0.00000
       121.300       0.00000
       124.800       0.00000
       127.100       0.00000
       128.400       0.00000
       130.500       0.00000
       132.400       0.00000
       133.900       0.00000
       136.600       0.00000
       139.800       0.00000
       143.300       0.00000
       147.200       0.00000
       151.000       0.00000
       155.200       0.00000
       158.800       0.00000
       162.000       0.00000
       166.000       0.00000
       170.300       0.00000
       173.400       0.00000
       176.800       0.00000
       180.200       0.00000
       181.700       0.00000
       186.100       0.00000
       191.000       0.00000
       193.900       0.00000
       198.400       0.00000
       201.800       0.00000
       205.000       0.00000
       210.500       0.00000
       216.200       0.00000
       219.800       0.00000
       223.000       0.00000
       226.800       0.00000
       230.000       0.00000
       234.000       0.00000
       240.000       0.00000
       246.500       0.00000
       252.400       0.00000
       256.800       0.00000
       260.000       0.00000
       264.000       0.00000
       268.500       0.00000
       273.500       0.00000
       278.500       0.00000
       284.000       0.00000
       290.000       0.00000
       296.000       0.00000
       301.000       0.00000
       308.000       0.00000
       318.000       0.00000
       328.000       0.00000
       338.000       0.00000
       348.000       0.00000
       357.000       0.00000
       366.000       0.00000
       375.000       0.00000
       385.000   3.97800e-24
       395.000   2.59300e-23
       405.000   1.53300e-22
       414.000   7.02200e-22
       422.000   2.56300e-21
       430.000   8.88800e-21
       441.000   4.54500e-20
       451.000   1.86000e-19
       460.000   6.25700e-19
       470.000   2.27300e-18
       480.000   7.79200e-18
       490.000   2.53200e-17
       500.000   7.81800e-17
       506.000   1.99200e-16
       512.000   4.23500e-16
       520.000   9.63400e-16
       530.000   2.61000e-15
       540.000   6.68400e-15
       550.000   1.67100e-14
       560.000   4.00800e-14
       570.000   9.29600e-14
       580.000   2.06500e-13
       590.000   4.55400e-13
       600.000   9.64800e-13
       610.000   1.99200e-12
       620.000   4.00300e-12
       630.000   7.85500e-12
       640.000   1.50600e-11
       650.000   2.82600e-11
       658.000   4.60500e-11
       665.000   6.97600e-11
       675.000   1.24400e-10
       685.000   2.17800e-10
       695.000   3.74400e-10
       705.000   6.30300e-10
       716.000   1.10500e-09
       726.000   1.80500e-09
       735.000   2.77200e-09
       745.000   4.40300e-09
       755.000   6.90000e-09
       765.000   1.06800e-08
       775.000   1.63000e-08
       785.000   2.46200e-08
       795.000   3.63800e-08
       805.000   5.39200e-08
       815.000   7.88900e-08
       825.000   1.13900e-07
       835.000   1.62800e-07
       845.000   2.30500e-07
       855.000   3.23300e-07
       865.000   4.49400e-07
       875.000   6.17700e-07
       885.000   8.46100e-07
       895.000   1.14700e-06
       905.000   1.54100e-06
       915.000    0.00194200
       925.000    0.00636700
       935.000    0.00869000
       945.000     0.0117900
       955.000     0.0165400
       965.000     0.0221600
       975.000     0.0293500
       985.000     0.0387800
       995.000     0.0507100
       1005.00     0.0677100
       1015.00     0.0878300
       1025.00      0.111300
       1035.00      0.145500
       1045.00      0.185900
       1055.00      0.236300
       1065.00      0.298300
       1075.00      0.376300
       1085.00      0.472100
       1095.00      0.587600
       1105.00       1.34500
       1115.00       4.13600
       1125.00       6.13900
       1135.00       8.86200
       1145.00       11.4700
       1155.00       12.8800
       1165.00       17.6700
       1175.00       21.3600
       1185.00       22.9600
       1195.00       13.7600
       1205.00       13.3400
       1215.00       5.73200
       1225.00       16.4200
       1235.00       36.7500
       1245.00       77.3600
       1255.00       154.400
       1265.00       156.600
       1275.00       228.600
       1285.00       311.300
       1295.00       378.100
       1305.00       355.400
       1315.00       496.200
       1325.00       579.700
       1335.00       654.200
       1345.00       779.200
       1355.00       832.200
       1365.00       945.600
       1375.00       1027.00
       1385.00       1113.00
       1395.00       1272.00
       1405.00       1442.00
       1415.00       1549.00
       1425.00       1709.00
       1435.00       1811.00
       1442.00       2121.00
       1447.00       2157.00
       1455.00       2409.00
       1465.00       2551.00
       1475.00       2770.00
       1485.00       3075.00
       1495.00       3558.00
       1505.00       3989.00
       1512.00       3964.00
       1517.00       4376.00
       1525.00       5054.00
       1535.00       9402.00
       1545.00       12750.0
       1555.00       14480.0
       1565.00       13700.0
       1575.00       18880.0
       1585.00       21110.0
       1595.00       24700.0
       1605.00       24930.0
       1615.00       26390.0
       1625.00       27350.0
       1635.00       34490.0
       1645.00       42890.0
       1655.00       29690.0
       1665.00       49060.0
       1672.00       33530.0
       1677.00       57230.0
       1685.00       94970.0
       1695.00       127100.
       1705.00       294500.
       1715.00       783800.
       1725.00   1.00200e+06
       1735.00   1.43500e+06
       1745.00   1.30900e+06
       1755.00   1.94200e+06
       1765.00   1.10300e+06
       1775.00   1.73100e+06
       1785.00   1.80900e+06
       1795.00   2.80700e+06
       1805.00   1.87200e+06
       1815.00   2.08000e+06
       1825.00   1.85700e+06
       1835.00   1.85500e+06
       1845.00   1.40900e+06
       1855.00   2.04700e+06
       1865.00   2.83900e+06
       1875.00   2.53500e+06
       1885.00   2.72200e+06
       1895.00   3.10200e+06
       1905.00   2.80800e+06
       1915.00   3.02600e+06
       1925.00   2.44700e+06
       1935.00   1.06300e+06
       1945.00   3.23500e+06
       1955.00   3.49800e+06
       1967.00   4.10300e+06
       1976.00   3.77900e+06
       1984.00   3.50600e+06
       1995.00   3.68700e+06
       2005.00   3.38000e+06
       2015.00   3.33500e+06
       2025.00   2.91200e+06
       2035.00   3.92200e+06
       2045.00   4.38000e+06
       2055.00   3.99900e+06
       2065.00   3.75700e+06
       2074.00   4.51300e+06
       2078.00   6.18200e+06
       2085.00   5.77500e+06
       2095.00   5.39100e+06
       2105.00   5.48800e+06
       2115.00   6.23600e+06
       2125.00   5.98800e+06
       2135.00   4.93600e+06
       2145.00   6.37400e+06
       2155.00   6.51800e+06
       2165.00   5.79300e+06
       2175.00   5.89100e+06
       2185.00   6.74000e+06
       2195.00   7.25900e+06
       2205.00   6.77200e+06
       2215.00   5.33300e+06
       2225.00   5.50500e+06
       2235.00   7.16100e+06
       2245.00   6.56800e+06
       2255.00   5.18700e+06
       2265.00   5.21400e+06
       2275.00   6.08400e+06
       2285.00   6.87300e+06
       2295.00   5.81100e+06
       2305.00   6.66100e+06
       2315.00   6.09800e+06
       2325.00   5.88700e+06
       2335.00   4.08300e+06
       2345.00   2.70000e+06
       2355.00   5.31100e+06
       2365.00   2.92600e+06
       2375.00   4.09800e+06
       2385.00   2.11300e+06
       2395.00   2.90200e+06
       2405.00   2.86500e+06
       2415.00   3.42200e+06
       2425.00   5.65400e+06
       2435.00   5.50300e+06
       2445.00   6.42500e+06
       2455.00   6.58100e+06
       2465.00   6.19600e+06
       2475.00   5.47500e+06
       2485.00   4.89500e+06
       2495.00   4.81500e+06
       2505.00   6.99500e+06
       2513.00   4.51400e+06
       2518.00   4.21900e+06
       2525.00   3.47900e+06
       2535.00   3.19300e+06
       2545.00   3.47300e+06
       2555.00   5.18700e+06
       2565.00   4.61500e+06
       2575.00   5.86200e+06
       2585.00   5.56100e+06
       2595.00   5.18100e+06
       2605.00   4.47300e+06
       2615.00   4.00400e+06
       2625.00   5.66200e+06
       2635.00   7.39500e+06
       2645.00   9.97400e+06
       2655.00   1.12700e+07
       2665.00   8.09000e+06
       2675.00   9.37700e+06
       2685.00   9.64700e+06
       2695.00   8.12400e+06
       2705.00   9.33000e+06
       2715.00   7.62500e+06
       2725.00   7.65200e+06
       2735.00   8.54400e+06
       2745.00   4.77500e+06
       2755.00   6.01300e+06
       2765.00   7.23400e+06
       2775.00   8.71500e+06
       2785.00   6.02800e+06
       2795.00   1.95200e+06
       2805.00   2.66100e+06
       2815.00   8.47900e+06
       2825.00   1.11300e+07
       2835.00   1.04300e+07
       2845.00   9.69300e+06
       2855.00   6.99400e+06
       2865.00   1.06700e+07
       2875.00   1.08600e+07
       2885.00   1.04900e+07
       2895.00   1.02600e+07
       2910.00   1.28800e+07
       2930.00   1.17800e+07
       2950.00   1.16000e+07
       2970.00   1.27300e+07
       2990.00   1.26600e+07
       3010.00   1.33100e+07
       3030.00   1.31300e+07
       3050.00   1.33300e+07
       3070.00   1.35800e+07
       3090.00   1.40100e+07
       3110.00   1.36300e+07
       3130.00   1.34700e+07
       3150.00   1.37600e+07
       3170.00   1.39000e+07
       3190.00   1.26400e+07
       3210.00   1.35000e+07
       3230.00   1.21100e+07
       3250.00   1.35500e+07
       3270.00   1.44900e+07
       3290.00   1.43300e+07
       3310.00   1.47600e+07
       3330.00   1.44900e+07
       3350.00   1.42800e+07
       3370.00   1.36200e+07
       3390.00   1.41200e+07
       3410.00   1.40900e+07
       3430.00   1.42200e+07
       3450.00   1.44200e+07
       3470.00   1.42400e+07
       3490.00   1.44100e+07
       3510.00   1.47900e+07
       3530.00   1.43700e+07
       3550.00   1.55300e+07
       3570.00   1.40400e+07
       3590.00   1.39000e+07
       3610.00   1.41700e+07
       3630.00   1.42800e+07
       3640.00   1.41400e+07
       3650.00   1.54100e+07
       3670.00   1.51200e+07
       3690.00   1.46200e+07
       3710.00   1.53000e+07
       3730.00   1.50100e+07
       3750.00   1.74300e+07
       3770.00   1.87900e+07
       3790.00   2.14100e+07
       3810.00   2.39400e+07
       3830.00   1.91400e+07
       3850.00   2.51800e+07
       3870.00   2.69800e+07
       3890.00   1.97700e+07
       3910.00   2.64300e+07
       3930.00   1.82500e+07
       3950.00   2.51100e+07
       3970.00   1.62000e+07
       3990.00   2.72000e+07
       4010.00   2.91400e+07
       4030.00   2.90900e+07
       4050.00   2.85700e+07
       4070.00   2.80100e+07
       4090.00   2.60300e+07
       4110.00   2.19300e+07
       4130.00   2.81300e+07
       4150.00   2.93200e+07
       4170.00   2.89600e+07
       4190.00   2.87200e+07
       4210.00   2.86800e+07
       4230.00   2.77300e+07
       4250.00   2.83600e+07
       4270.00   2.74800e+07
       4290.00   2.70300e+07
       4310.00   2.49900e+07
       4330.00   2.37800e+07
       4350.00   2.11500e+07
       4370.00   2.75900e+07
       4390.00   2.71800e+07
       4410.00   2.70200e+07
       4430.00   2.67700e+07
       4450.00   2.69100e+07
       4470.00   2.71600e+07
       4490.00   2.69900e+07
       4510.00   2.82400e+07
       4530.00   2.65700e+07
       4550.00   2.66100e+07
       4570.00   2.77200e+07
       4590.00   2.64500e+07
       4610.00   2.69900e+07
       4630.00   2.63700e+07
       4650.00   2.65600e+07
       4670.00   2.68100e+07
       4690.00   2.59400e+07
       4710.00   2.49300e+07
       4730.00   2.61200e+07
       4750.00   2.61600e+07
       4770.00   2.58500e+07
       4790.00   2.56500e+07
       4810.00   2.53000e+07
       4830.00   2.48500e+07
       4850.00   2.14500e+07
       4870.00   1.79300e+07
       4890.00   2.35600e+07
       4910.00   2.40200e+07
       4930.00   2.36600e+07
       4950.00   2.42200e+07
       4970.00   2.43800e+07
       4990.00   2.31600e+07
       5010.00   2.23800e+07
       5030.00   2.32800e+07
       5050.00   2.29700e+07
       5070.00   2.35000e+07
       5090.00   2.29800e+07
       5110.00   2.30800e+07
       5130.00   2.25600e+07
       5150.00   2.20300e+07
       5170.00   2.15300e+07
       5190.00   2.12900e+07
       5210.00   2.16100e+07
       5230.00   2.16600e+07
       5250.00   2.19800e+07
       5270.00   2.02900e+07
       5290.00   2.15400e+07
       5310.00   2.15500e+07
       5330.00   2.04300e+07
       5350.00   2.12000e+07
       5370.00   2.10400e+07
       5390.00   2.08400e+07
       5410.00   2.03000e+07
       5430.00   2.05800e+07
       5450.00   2.07400e+07
       5470.00   2.04400e+07
       5490.00   2.03000e+07
       5510.00   2.02400e+07
       5530.00   2.01200e+07
       5550.00   2.01800e+07
       5570.00   1.97700e+07
       5590.00   1.95300e+07
       5610.00   1.96200e+07
       5630.00   1.96600e+07
       5650.00   1.94600e+07
       5670.00   1.91000e+07
       5690.00   1.91900e+07
       5710.00   1.89700e+07
       5730.00   1.93600e+07
       5750.00   1.89500e+07
       5770.00   1.89500e+07
       5790.00   1.86900e+07
       5810.00   1.87000e+07
       5830.00   1.86800e+07
       5850.00   1.83900e+07
       5870.00   1.83200e+07
       5890.00   1.78000e+07
       5910.00   1.80700e+07
       5930.00   1.79400e+07
       5950.00   1.78700e+07
       5970.00   1.77700e+07
       5990.00   1.75700e+07
       6010.00   1.73300e+07
       6030.00   1.72600e+07
       6050.00   1.72900e+07
       6070.00   1.72400e+07
       6090.00   1.69900e+07
       6110.00   1.67900e+07
       6130.00   1.64200e+07
       6150.00   1.62900e+07
       6170.00   1.61100e+07
       6190.00   1.64400e+07
       6210.00   1.63800e+07
       6230.00   1.60900e+07
       6250.00   1.56400e+07
       6270.00   1.60500e+07
       6290.00   1.59700e+07
       6310.00   1.56200e+07
       6330.00   1.55900e+07
       6350.00   1.54600e+07
       6370.00   1.53700e+07
       6390.00   1.53700e+07
       6410.00   1.50800e+07
       6430.00   1.51000e+07
       6450.00   1.48700e+07
       6470.00   1.48500e+07
       6490.00   1.45900e+07
       6510.00   1.46300e+07
       6530.00   1.43800e+07
       6550.00   1.31700e+07
       6570.00   1.09500e+07
       6590.00   1.37900e+07
       6610.00   1.41800e+07
       6630.00   1.41800e+07
       6650.00   1.41200e+07
       6670.00   1.39800e+07
       6690.00   1.40100e+07
       6710.00   1.38600e+07
       6730.00   1.38200e+07
       6750.00   1.36200e+07
       6770.00   1.36400e+07
       6790.00   1.35400e+07
       6810.00   1.34400e+07
       6830.00   1.33600e+07
       6850.00   1.32100e+07
       6870.00   1.32000e+07
       6890.00   1.31300e+07
       6910.00   1.30300e+07
       6930.00   1.29400e+07
       6950.00   1.28600e+07
       6970.00   1.27800e+07
       6990.00   1.27200e+07
       7010.00   1.24600e+07
       7030.00   1.24900e+07
       7050.00   1.24600e+07
       7070.00   1.23700e+07
       7090.00   1.22900e+07
       7110.00   1.20600e+07
       7130.00   1.20600e+07
       7150.00   1.19900e+07
       7170.00   1.18900e+07
       7190.00   1.17400e+07
       7210.00   1.17500e+07
       7230.00   1.16800e+07
       7250.00   1.16200e+07
       7270.00   1.16000e+07
       7290.00   1.14000e+07
       7310.00   1.14100e+07
       7330.00   1.13400e+07
       7350.00   1.13200e+07
       7370.00   1.12600e+07
       7390.00   1.10800e+07
       7410.00   1.09300e+07
       7430.00   1.09100e+07
       7450.00   1.08800e+07
       7470.00   1.08200e+07
       7490.00   1.07500e+07
       7510.00   1.07300e+07
       7530.00   1.06800e+07
       7550.00   1.06600e+07
       7570.00   1.05500e+07
       7590.00   1.05000e+07
       7610.00   1.04200e+07
       7630.00   1.03800e+07
       7650.00   1.03000e+07
       7670.00   1.01300e+07
       7690.00   1.01400e+07
       7710.00   1.00700e+07
       7730.00   1.00500e+07
       7750.00   9.93600e+06
       7770.00   9.79200e+06
       7790.00   9.90500e+06
       7810.00   9.82200e+06
       7830.00   9.70800e+06
       7850.00   9.63900e+06
       7870.00   9.62600e+06
       7890.00   9.55900e+06
       7910.00   9.47700e+06
       7930.00   9.33900e+06
       7950.00   9.32400e+06
       7970.00   9.37200e+06
       7990.00   9.28600e+06
       8010.00   9.22100e+06
       8030.00   9.15300e+06
       8050.00   9.10100e+06
       8070.00   9.07500e+06
       8090.00   8.98000e+06
       8110.00   8.98400e+06
       8130.00   8.95200e+06
       8150.00   8.88600e+06
       8170.00   8.83200e+06
       8190.00   8.62400e+06
       8210.00   8.61200e+06
       8230.00   8.56400e+06
       8250.00   8.53700e+06
       8270.00   8.58400e+06
       8290.00   8.52200e+06
       8310.00   8.41800e+06
       8330.00   8.30800e+06
       8350.00   8.34400e+06
       8370.00   8.32700e+06
       8390.00   8.22300e+06
       8410.00   8.22400e+06
       8430.00   8.13100e+06
       8450.00   8.00900e+06
       8470.00   7.98600e+06
       8490.00   7.96500e+06
       8510.00   7.58800e+06
       8530.00   7.87500e+06
       8550.00   6.91300e+06
       8570.00   7.92100e+06
       8590.00   7.63900e+06
       8610.00   7.52000e+06
       8630.00   7.81500e+06
       8650.00   7.65000e+06
       8670.00   6.55400e+06
       8690.00   7.50900e+06
       8710.00   7.69400e+06
       8730.00   7.55100e+06
       8750.00   6.71200e+06
       8770.00   7.39700e+06
       8790.00   7.55900e+06
       8810.00   7.50600e+06
       8830.00   7.39900e+06
       8850.00   7.07000e+06
       8870.00   6.40400e+06
       8890.00   7.24800e+06
       8910.00   7.34200e+06
       8930.00   7.28300e+06
       8950.00   7.31100e+06
       8970.00   7.23600e+06
       8990.00   7.09500e+06
       9010.00   6.17800e+06
       9030.00   6.62600e+06
       9050.00   7.04700e+06
       9070.00   6.93900e+06
       9090.00   6.81000e+06
       9110.00   6.93100e+06
       9130.00   6.99100e+06
       9150.00   6.96400e+06
       9170.00   6.89600e+06
       9190.00   6.81400e+06
       9210.00   6.51600e+06
       9230.00   5.61100e+06
       9250.00   6.33500e+06
       9270.00   6.54500e+06
       9290.00   6.67500e+06
       9310.00   6.67000e+06
       9330.00   6.62700e+06
       9350.00   6.60600e+06
       9370.00   6.58100e+06
       9390.00   6.52300e+06
       9410.00   6.26500e+06
       9430.00   6.40100e+06
       9450.00   6.36100e+06
       9470.00   6.37900e+06
       9490.00   6.33600e+06
       9510.00   6.22500e+06
       9530.00   5.96500e+06
       9550.00   5.16600e+06
       9570.00   5.94600e+06
       9590.00   6.10900e+06
       9610.00   6.06900e+06
       9630.00   6.01000e+06
       9650.00   6.03700e+06
       9670.00   5.96000e+06
       9690.00   5.95500e+06
       9710.00   5.99700e+06
       9730.00   5.96500e+06
       9750.00   5.87800e+06
       9770.00   5.89400e+06
       9790.00   5.85900e+06
       9810.00   5.84000e+06
       9830.00   5.80100e+06
       9850.00   5.75100e+06
       9870.00   5.71100e+06
       9890.00   5.65900e+06
       9910.00   5.62800e+06
       9930.00   5.63900e+06
       9950.00   5.60300e+06
       9970.00   5.57400e+06
       9990.00   5.52800e+06
       10025.0   5.23800e+06
       10075.0   5.02600e+06
       10125.0   5.30900e+06
       10175.0   5.26200e+06
       10225.0   5.22600e+06
       10275.0   5.17500e+06
       10325.0   5.07800e+06
       10375.0   5.02500e+06
       10425.0   4.96800e+06
       10475.0   4.84500e+06
       10525.0   4.82100e+06
       10575.0   4.76000e+06
       10625.0   4.69900e+06
       10675.0   4.55200e+06
       10725.0   4.55000e+06
       10775.0   4.50000e+06
       10825.0   4.41600e+06
       10875.0   4.34700e+06
       10925.0   3.91500e+06
       10975.0   4.12200e+06
       11025.0   4.23900e+06
       11075.0   4.22000e+06
       11125.0   4.15600e+06
       11175.0   4.10400e+06
       11225.0   4.07100e+06
       11275.0   3.95500e+06
       11325.0   3.91700e+06
       11375.0   3.89900e+06
       11425.0   3.82300e+06
       11475.0   3.83400e+06
       11525.0   3.79100e+06
       11575.0   3.73500e+06
       11625.0   3.64500e+06
       11675.0   3.58800e+06
       11725.0   3.61500e+06
       11775.0   3.50000e+06
       11825.0   3.48900e+06
       11875.0   3.42500e+06
       11925.0   3.45700e+06
       11975.0   3.35700e+06
       12025.0   3.35200e+06
       12075.0   3.30300e+06
       12125.0   3.27200e+06
       12175.0   3.25600e+06
       12225.0   3.21400e+06
       12275.0   3.16900e+06
       12325.0   3.13700e+06
       12375.0   3.10500e+06
       12425.0   3.07400e+06
       12475.0   3.04000e+06
       12525.0   2.99600e+06
       12575.0   2.95000e+06
       12625.0   2.92600e+06
       12675.0   2.89500e+06
       12725.0   2.86100e+06
       12775.0   2.76900e+06
       12825.0   2.43600e+06
       12875.0   2.71900e+06
       12925.0   2.73000e+06
       12975.0   2.71500e+06
       13025.0   2.68600e+06
       13075.0   2.66500e+06
       13125.0   2.62300e+06
       13175.0   2.58800e+06
       13225.0   2.57900e+06
       13275.0   2.54200e+06
       13325.0   2.52100e+06
       13375.0   2.49200e+06
       13425.0   2.46900e+06
       13475.0   2.44300e+06
       13525.0   2.41100e+06
       13575.0   2.37600e+06
       13625.0   2.36300e+06
       13675.0   2.33300e+06
       13725.0   2.29000e+06
       13775.0   2.27900e+06
       13825.0   2.25800e+06
       13875.0   2.24600e+06
       13925.0   2.21100e+06
       13975.0   2.19100e+06
       14025.0   2.16600e+06
       14075.0   2.15100e+06
       14125.0   2.11800e+06
       14175.0   2.10600e+06
       14225.0   2.07100e+06
       14275.0   2.04300e+06
       14325.0   2.03800e+06
       14375.0   2.02300e+06
       14425.0   1.94900e+06
       14475.0   1.97700e+06
       14525.0   1.92900e+06
       14570.0   1.93300e+06
       14620.0   1.90800e+06
       14675.0   1.89500e+06
       14725.0   1.86300e+06
       14775.0   1.84000e+06
       14825.0   1.82900e+06
       14875.0   1.79500e+06
       14925.0   1.80800e+06
       14975.0   1.78000e+06
       15025.0   1.75000e+06
       15075.0   1.72900e+06
       15125.0   1.73100e+06
       15175.0   1.71600e+06
       15225.0   1.69000e+06
       15275.0   1.67800e+06
       15325.0   1.65800e+06
       15375.0   1.64300e+06
       15425.0   1.61300e+06
       15475.0   1.60700e+06
       15525.0   1.59200e+06
       15575.0   1.56000e+06
       15625.0   1.57200e+06
       15675.0   1.53200e+06
       15725.0   1.50500e+06
       15775.0   1.50200e+06
       15825.0   1.49900e+06
       15875.0   1.41000e+06
       15925.0   1.45900e+06
       15975.0   1.46500e+06
       16050.0   1.42600e+06
       16150.0   1.36000e+06
       16250.0   1.39900e+06
       16350.0   1.33500e+06
       16450.0   1.26000e+06
       16550.0   1.31600e+06
       16650.0   1.29200e+06
       16750.0   1.22200e+06
       16850.0   1.14700e+06
       16950.0   1.21300e+06
       17050.0   1.18400e+06
       17150.0   1.16300e+06
       17250.0   1.12300e+06
       17350.0   1.00500e+06
       17450.0   1.06400e+06
       17550.0   1.06500e+06
       17650.0   1.04400e+06
       17750.0   1.02600e+06
       17850.0   1.00500e+06
       17950.0       988800.
       18050.0       958100.
       18150.0       864000.
       18250.0       900600.
       18350.0       907000.
       18450.0       889100.
       18550.0       870900.
       18650.0       846800.
       18750.0       756400.
       18850.0       810700.
       18950.0       795800.
       19050.0       794900.
       19150.0       778400.
       19250.0       762300.
       19350.0       738600.
       19450.0       663700.
       19550.0       712700.
       19650.0       706600.
       19750.0       692800.
       19850.0       682900.
       19950.0       670300.
       20050.0       659300.
       20150.0       648600.
       20250.0       634600.
       20350.0       621000.
       20450.0       614000.
       20550.0       602300.
       20650.0       589600.
       20750.0       580200.
       20850.0       570200.
       20950.0       558900.
       21050.0       550300.
       21150.0       539300.
       21250.0       529900.
       21350.0       521200.
       21450.0       512900.
       21550.0       499800.
       21650.0       450800.
       21750.0       478500.
       21850.0       476900.
       21950.0       472000.
       22050.0       461700.
       22150.0       454700.
       22250.0       448500.
       22350.0       441000.
       22450.0       433800.
       22550.0       424300.
       22650.0       418600.
       22750.0       412500.
       22850.0       405100.
       22950.0       398600.
       23050.0       393400.
       23150.0       386500.
       23250.0       380900.
       23350.0       374400.
       23450.0       369000.
       23550.0       363100.
       23650.0       357700.
       23750.0       350900.
       23850.0       345700.
       23950.0       340900.
       24050.0       335300.
       24150.0       329800.
       24250.0       325200.
       24350.0       319600.
       24450.0       315200.
       24550.0       309400.
       24650.0       305600.
       24750.0       300500.
       24850.0       295400.
       24950.0       290700.
       25050.0       288000.
       25150.0       283700.
       25250.0       277900.
       25350.0       275300.
       25450.0       271200.
       25550.0       266500.
       25650.0       259600.
       25750.0       259500.
       25850.0       255000.
       25950.0       252500.
       26050.0       247200.
       26150.0       238400.
       26250.0       222400.
       26350.0       235200.
       26450.0       234300.
       26550.0       231400.
       26650.0       226400.
       26750.0       217500.
       26850.0       221300.
       26950.0       219600.
       27050.0       216800.
       27150.0       214000.
       27250.0       211000.
       27350.0       207900.
       27450.0       204400.
       27550.0       193500.
       27650.0       195600.
       27750.0       196300.
       27850.0       194300.
       27950.0       191900.
       28050.0       189300.
       28150.0       186800.
       28250.0       184200.
       28350.0       181900.
       28450.0       179100.
       28550.0       176500.
       28650.0       171900.
       28750.0       162600.
       28850.0       168800.
       28950.0       167600.
       29050.0       165700.
       29150.0       163300.
       29250.0       161200.
       29350.0       159400.
       29450.0       157200.
       29550.0       155300.
       29650.0       153400.
       29750.0       151400.
       29850.0       149500.
       29950.0       147500.
       30050.0       145600.
       30150.0       143700.
       30250.0       141300.
       30350.0       133300.
       30450.0       134500.
       30550.0       136200.
       30650.0       134900.
       30750.0       133400.
       30850.0       131500.
       30950.0       130000.
       31050.0       128500.
       31150.0       126400.
       31250.0       125300.
       31350.0       123800.
       31450.0       122300.
       31550.0       120800.
       31650.0       119500.
       31750.0       117900.
       31850.0       116700.
       31950.0       115300.
       32100.0       113200.
       32300.0       110600.
       32500.0       108000.
       32700.0       105400.
       32900.0       98960.0
       33100.0       99540.0
       33300.0       98020.0
       33500.0       96000.0
       33700.0       93650.0
       33900.0       91570.0
       34100.0       89520.0
       34300.0       87700.0
       34500.0       85920.0
       34700.0       83990.0
       34900.0       82190.0
       35100.0       80420.0
       35300.0       78650.0
       35500.0       76990.0
       35700.0       75290.0
       35900.0       73710.0
       36100.0       72180.0
       36300.0       70700.0
       36500.0       69080.0
       36700.0       67680.0
       36900.0       66010.0
       37100.0       64730.0
       37300.0       62480.0
       37500.0       60480.0
       37700.0       60950.0
       37900.0       59820.0
       38100.0       58480.0
       38300.0       57410.0
       38500.0       56460.0
       38700.0       55260.0
       38900.0       54090.0
       39100.0       52810.0
       39300.0       52140.0
       39500.0       51100.0
       39700.0       50170.0
       39900.0       49020.0
       40100.0       47890.0
       40300.0       46930.0
       40500.0       44950.0
       40700.0       45440.0
       40900.0       44660.0
       41100.0       43910.0
       41300.0       43110.0
       41500.0       42190.0
       41700.0       40830.0
       41900.0       40660.0
       42100.0       39900.0
       42300.0       39320.0
       42500.0       38580.0
       42700.0       37910.0
       42900.0       37230.0
       43100.0       36560.0
       43300.0       35880.0
       43500.0       35230.0
       43700.0       33950.0
       43900.0       33830.0
       44100.0       33370.0
       44300.0       32840.0
       44500.0       32280.0
       44700.0       31750.0
       44900.0       31210.0
       45100.0       30680.0
       45300.0       30160.0
       45500.0       29650.0
       45700.0       29130.0
       45900.0       28640.0
       46100.0       28180.0
       46300.0       27660.0
       46500.0       26310.0
       46700.0       26060.0
       46900.0       26260.0
       47100.0       25920.0
       47300.0       25520.0
       47500.0       25090.0
       47700.0       24690.0
       47900.0       24300.0
       48100.0       23900.0
       48300.0       23530.0
       48500.0       23150.0
       48700.0       22780.0
       48900.0       22420.0
       49100.0       22060.0
       49300.0       21720.0
       49500.0       21380.0
       49700.0       21050.0
       49900.0       20730.0
       50100.0       20400.0
       50300.0       20090.0
       50500.0       19790.0
       50700.0       19490.0
       50900.0       19180.0
       51100.0       18830.0
       51300.0       18100.0
       51500.0       18300.0
       51700.0       18050.0
       51900.0       17790.0
       52100.0       17520.0
       52300.0       17260.0
       52500.0       17010.0
       52700.0       16750.0
       52900.0       16520.0
       53100.0       16280.0
       53300.0       16040.0
       53500.0       15810.0
       53700.0       15550.0
       53900.0       15340.0
       54100.0       15140.0
       54300.0       14910.0
       54500.0       14710.0
       54700.0       14490.0
       54900.0       14290.0
       55100.0       14090.0
       55300.0       13860.0
       55500.0       13700.0
       55700.0       13510.0
       55900.0       13300.0
       56100.0       13140.0
       56300.0       12960.0
       56500.0       12790.0
       56700.0       12610.0
       56900.0       12430.0
       57100.0       12210.0
       57300.0       12100.0
       57500.0       11940.0
       57700.0       11780.0
       57900.0       11620.0
       58100.0       11460.0
       58300.0       11310.0
       58500.0       11170.0
       58700.0       11010.0
       58900.0       10830.0
       59100.0       10430.0
       59300.0       10560.0
       59500.0       10350.0
       59700.0       10280.0
       59900.0       10180.0
       60100.0       10040.0
       60300.0       9920.00
       60500.0       9793.00
       60700.0       9665.00
       60900.0       9538.00
       61100.0       9408.00
       61300.0       9301.00
       61500.0       9185.00
       61700.0       9068.00
       61900.0       8953.00
       62100.0       8843.00
       62300.0       8720.00
       62500.0       8620.00
       62700.0       8503.00
       62900.0       8303.00
       63100.0       8280.00
       63300.0       8204.00
       63500.0       8103.00
       63700.0       8004.00
       63900.0       7906.00
       64200.0       7764.00
       64600.0       7575.00
       65000.0       7393.00
       65400.0       7222.00
       65800.0       7051.00
       66200.0       6885.00
       66600.0       6725.00
       67000.0       6568.00
       67400.0       6412.00
       67800.0       6212.00
       68200.0       6127.00
       68600.0       5988.00
       69000.0       5853.00
       69400.0       5721.00
       69800.0       5595.00
       70200.0       5469.00
       70600.0       5350.00
       71000.0       5234.00
       71400.0       5119.00
       71800.0       5008.00
       72200.0       4897.00
       72600.0       4794.00
       73000.0       4694.00
       73400.0       4592.00
       73800.0       4497.00
       74200.0       4400.00
       74600.0       4240.00
       75000.0       4127.00
       75400.0       4128.00
       75800.0       4049.00
       76200.0       3966.00
       76600.0       3885.00
       77000.0       3806.00
       77400.0       3730.00
       77800.0       3651.00
       78200.0       3583.00
       78600.0       3512.00
       79000.0       3442.00
       79400.0       3374.00
       79800.0       3308.00
       80200.0       3243.00
       80600.0       3181.00
       81000.0       3120.00
       81400.0       3053.00
       81800.0       2999.00
       82200.0       2945.00
       82600.0       2889.00
       83000.0       2834.00
       83400.0       2780.00
       83800.0       2728.00
       84200.0       2678.00
       84600.0       2629.00
       85000.0       2581.00
       85400.0       2534.00
       85800.0       2488.00
       86200.0       2442.00
       86600.0       2389.00
       87000.0       2355.00
       87400.0       2298.00
       87800.0       2257.00
       88200.0       2231.00
       88600.0       2192.00
       89000.0       2153.00
       89400.0       2116.00
       89800.0       2078.00
       90200.0       2043.00
       90600.0       2008.00
       91000.0       1973.00
       91400.0       1939.00
       91800.0       1906.00
       92200.0       1874.00
       92600.0       1842.00
       93000.0       1811.00
       93400.0       1781.00
       93800.0       1741.00
       94200.0       1720.00
       94600.0       1693.00
       95000.0       1665.00
       95400.0       1638.00
       95800.0       1611.00
       96200.0       1585.00
       96600.0       1559.00
       97000.0       1534.00
       97400.0       1509.00
       97800.0       1485.00
       98200.0       1461.00
       98600.0       1438.00
       99000.0       1415.00
       99400.0       1393.00
       99800.0       1371.00
       100200.       1350.00
       200000.       86.9400
       400000.       5.43500
       600000.       1.06600
       800000.      0.335200
   1.00000e+06      0.136400
   1.20000e+06     0.0654500
   1.40000e+06     0.0351600
   1.60000e+06     0.0205200
