       90.9000       0.00000
       93.5000       0.00000
       96.1000       0.00000
       97.7000       0.00000
       99.6000       0.00000
       102.000       0.00000
       103.800       0.00000
       105.600       0.00000
       107.700       0.00000
       110.400       0.00000
       114.000       0.00000
       117.800       0.00000
       121.300       0.00000
       124.800       0.00000
       127.100       0.00000
       128.400       0.00000
       130.500       0.00000
       132.400       0.00000
       133.900       0.00000
       136.600       0.00000
       139.800       0.00000
       143.300       0.00000
       147.200       0.00000
       151.000       0.00000
       155.200       0.00000
       158.800       0.00000
       162.000       0.00000
       166.000       0.00000
       170.300       0.00000
       173.400       0.00000
       176.800       0.00000
       180.200       0.00000
       181.700       0.00000
       186.100       0.00000
       191.000       0.00000
       193.900       0.00000
       198.400       0.00000
       201.800       0.00000
       205.000       0.00000
       210.500       0.00000
       216.200       0.00000
       219.800       0.00000
       223.000       0.00000
       226.800       0.00000
       230.000       0.00000
       234.000       0.00000
       240.000       0.00000
       246.500       0.00000
       252.400       0.00000
       256.800       0.00000
       260.000       0.00000
       264.000       0.00000
       268.500       0.00000
       273.500       0.00000
       278.500       0.00000
       284.000       0.00000
       290.000       0.00000
       296.000       0.00000
       301.000       0.00000
       308.000       0.00000
       318.000       0.00000
       328.000       0.00000
       338.000       0.00000
       348.000       0.00000
       357.000       0.00000
       366.000       0.00000
       375.000       0.00000
       385.000       0.00000
       395.000       0.00000
       405.000       0.00000
       414.000       0.00000
       422.000       0.00000
       430.000       0.00000
       441.000       0.00000
       451.000   1.80900e-24
       460.000   7.70700e-24
       470.000   3.60100e-23
       480.000   1.57100e-22
       490.000   6.43800e-22
       500.000   2.48200e-21
       506.000   7.21700e-21
       512.000   1.73700e-20
       520.000   4.65300e-20
       530.000   1.53500e-19
       540.000   4.75800e-19
       550.000   1.42800e-18
       560.000   4.08800e-18
       570.000   1.12400e-17
       580.000   2.94600e-17
       590.000   7.61600e-17
       600.000   1.88200e-16
       610.000   4.50700e-16
       620.000   1.04600e-15
       630.000   2.36000e-15
       640.000   5.18200e-15
       650.000   1.10800e-14
       658.000   1.99900e-14
       665.000   3.30400e-14
       675.000   6.65300e-14
       685.000   1.31100e-13
       695.000   2.52500e-13
       705.000   4.75300e-13
       716.000   9.37900e-13
       726.000   1.70200e-12
       735.000   2.86500e-12
       745.000   5.02700e-12
       755.000   8.67800e-12
       765.000   1.47600e-11
       775.000   2.47000e-11
       785.000   4.07900e-11
       795.000   6.58200e-11
       805.000   1.06200e-10
       815.000   1.68800e-10
       825.000   2.64200e-10
       835.000   4.08800e-10
       845.000   6.25200e-10
       855.000   9.45600e-10
       865.000   1.41500e-09
       875.000   2.09100e-09
       885.000   3.07100e-09
       895.000   4.45900e-09
       905.000   6.41300e-09
       915.000   5.22800e-06
       925.000   1.83600e-05
       935.000   2.64300e-05
       945.000   3.81000e-05
       955.000   5.67500e-05
       965.000   8.08600e-05
       975.000   0.000112600
       985.000   0.000156800
       995.000   0.000216100
       1005.00   0.000305900
       1015.00   0.000416700
       1025.00   0.000553100
       1035.00   0.000766400
       1045.00    0.00102900
       1055.00    0.00136700
       1065.00    0.00181000
       1075.00    0.00239700
       1085.00    0.00315300
       1095.00    0.00409000
       1105.00     0.0118800
       1115.00     0.0347400
       1125.00     0.0509500
       1135.00     0.0752800
       1145.00     0.0978700
       1155.00      0.113100
       1165.00      0.152400
       1175.00      0.191900
       1185.00      0.212900
       1195.00      0.167900
       1205.00      0.176100
       1215.00     0.0651800
       1225.00      0.227200
       1235.00      0.452800
       1245.00      0.644100
       1255.00      0.803100
       1265.00      0.854700
       1275.00       1.04600
       1285.00       1.24500
       1295.00       1.50400
       1305.00       1.59600
       1315.00       1.96200
       1325.00       2.13700
       1335.00       2.43300
       1345.00       2.79500
       1355.00       3.22400
       1365.00       3.54400
       1375.00       3.93800
       1385.00       4.37800
       1395.00       4.93900
       1405.00       5.87300
       1415.00       6.60500
       1425.00       7.49700
       1435.00       8.65300
       1442.00       10.4200
       1447.00       9.93100
       1455.00       11.4400
       1465.00       13.5100
       1475.00       13.7400
       1485.00       16.0300
       1495.00       20.1700
       1505.00       23.9200
       1512.00       21.1000
       1517.00       26.2400
       1525.00       33.9000
       1535.00       90.0200
       1545.00       99.6000
       1555.00       150.600
       1565.00       144.700
       1575.00       239.800
       1585.00       289.000
       1595.00       334.800
       1605.00       366.400
       1615.00       408.900
       1625.00       461.400
       1635.00       531.800
       1645.00       731.900
       1655.00       481.100
       1665.00       840.200
       1672.00       611.100
       1677.00       955.500
       1685.00       1583.00
       1695.00       2376.00
       1705.00       3002.00
       1715.00       3193.00
       1725.00       3898.00
       1735.00       4999.00
       1745.00       6743.00
       1755.00       9925.00
       1765.00       7501.00
       1775.00       9510.00
       1785.00       12920.0
       1795.00       17350.0
       1805.00       15500.0
       1815.00       13310.0
       1825.00       15850.0
       1835.00       17930.0
       1845.00       11840.0
       1855.00       19720.0
       1865.00       26490.0
       1875.00       27530.0
       1885.00       29910.0
       1895.00       37440.0
       1905.00       34460.0
       1915.00       38660.0
       1925.00       33940.0
       1935.00       21580.0
       1945.00       47420.0
       1955.00       49400.0
       1967.00       64600.0
       1976.00       55670.0
       1984.00       56820.0
       1995.00       64210.0
       2005.00       64980.0
       2015.00       73640.0
       2025.00       57980.0
       2035.00       85440.0
       2045.00       99820.0
       2055.00       95550.0
       2065.00       94900.0
       2074.00       96080.0
       2078.00       146100.
       2085.00       143400.
       2095.00       221600.
       2105.00       408900.
       2115.00       552900.
       2125.00       459400.
       2135.00       450100.
       2145.00       655800.
       2155.00       645400.
       2165.00       531900.
       2175.00       542200.
       2185.00       795400.
       2195.00       768300.
       2205.00       716900.
       2215.00       482900.
       2225.00       646300.
       2235.00       932400.
       2245.00       868000.
       2255.00       594800.
       2265.00       509200.
       2275.00       606800.
       2285.00       885900.
       2295.00       641800.
       2305.00       887000.
       2315.00       721200.
       2325.00       662800.
       2335.00       457000.
       2345.00       260600.
       2355.00       659900.
       2365.00       312600.
       2375.00       444600.
       2385.00       220600.
       2395.00       303800.
       2405.00       305600.
       2415.00       388300.
       2425.00       797800.
       2435.00       789100.
       2445.00   1.00700e+06
       2455.00   1.08500e+06
       2465.00       893600.
       2475.00       768500.
       2485.00       372400.
       2495.00       550400.
       2505.00       873900.
       2513.00       366400.
       2518.00       249100.
       2525.00       256900.
       2535.00       330700.
       2545.00       421700.
       2555.00       941800.
       2565.00       802000.
       2575.00   1.17300e+06
       2585.00   1.03800e+06
       2595.00       909500.
       2605.00       707900.
       2615.00       639100.
       2625.00       946900.
       2635.00   1.91400e+06
       2645.00   2.64900e+06
       2655.00   3.61700e+06
       2665.00   2.14700e+06
       2675.00   2.54400e+06
       2685.00   2.99700e+06
       2695.00   2.11500e+06
       2705.00   2.69000e+06
       2715.00   1.82600e+06
       2725.00   1.42800e+06
       2735.00   1.81300e+06
       2745.00       888100.
       2755.00   1.31900e+06
       2765.00   1.83500e+06
       2775.00   1.93600e+06
       2785.00       963500.
       2795.00       380600.
       2805.00       481700.
       2815.00   1.66100e+06
       2825.00   2.76000e+06
       2835.00   2.53500e+06
       2845.00   1.53300e+06
       2855.00       709000.
       2865.00   2.27900e+06
       2875.00   3.31700e+06
       2885.00   2.88200e+06
       2895.00   3.54000e+06
       2910.00   4.70800e+06
       2930.00   4.14000e+06
       2950.00   4.01100e+06
       2970.00   4.30800e+06
       2990.00   4.25300e+06
       3010.00   4.37900e+06
       3030.00   4.62800e+06
       3050.00   4.81300e+06
       3070.00   4.90600e+06
       3090.00   4.70100e+06
       3110.00   5.11400e+06
       3130.00   4.91900e+06
       3150.00   4.67900e+06
       3170.00   5.04400e+06
       3190.00   4.50000e+06
       3210.00   5.01700e+06
       3230.00   4.16200e+06
       3250.00   5.54700e+06
       3270.00   6.45000e+06
       3290.00   6.21700e+06
       3310.00   6.04100e+06
       3330.00   6.07500e+06
       3350.00   5.92100e+06
       3370.00   4.71300e+06
       3390.00   5.41000e+06
       3410.00   5.49700e+06
       3430.00   5.71300e+06
       3450.00   5.94100e+06
       3470.00   6.10100e+06
       3490.00   6.53200e+06
       3510.00   6.79400e+06
       3530.00   6.32400e+06
       3550.00   7.30400e+06
       3570.00   5.63600e+06
       3590.00   5.62800e+06
       3610.00   6.21000e+06
       3630.00   6.27300e+06
       3640.00   6.32400e+06
       3650.00   7.17400e+06
       3670.00   7.28300e+06
       3690.00   7.01700e+06
       3710.00   7.30900e+06
       3730.00   5.79900e+06
       3750.00   6.43700e+06
       3770.00   7.46400e+06
       3790.00   7.88200e+06
       3810.00   7.97500e+06
       3830.00   5.20300e+06
       3850.00   7.02800e+06
       3870.00   6.95900e+06
       3890.00   7.19400e+06
       3910.00   8.36000e+06
       3930.00   4.55700e+06
       3950.00   7.50000e+06
       3970.00   5.15700e+06
       3990.00   9.73000e+06
       4010.00   1.03500e+07
       4030.00   1.03100e+07
       4050.00   9.96600e+06
       4070.00   9.72800e+06
       4090.00   1.06900e+07
       4110.00   1.00800e+07
       4130.00   1.06300e+07
       4150.00   1.07400e+07
       4170.00   1.07600e+07
       4190.00   1.02800e+07
       4210.00   1.03700e+07
       4230.00   9.86400e+06
       4250.00   1.00700e+07
       4270.00   9.48400e+06
       4290.00   8.70400e+06
       4310.00   7.34100e+06
       4330.00   1.00500e+07
       4350.00   9.47800e+06
       4370.00   1.07000e+07
       4390.00   9.85000e+06
       4410.00   1.04700e+07
       4430.00   1.09700e+07
       4450.00   1.08600e+07
       4470.00   1.13300e+07
       4490.00   1.14000e+07
       4510.00   1.23300e+07
       4530.00   1.12800e+07
       4550.00   1.15700e+07
       4570.00   1.22100e+07
       4590.00   1.15700e+07
       4610.00   1.18200e+07
       4630.00   1.16400e+07
       4650.00   1.17400e+07
       4670.00   1.20000e+07
       4690.00   1.17500e+07
       4710.00   1.12900e+07
       4730.00   1.18100e+07
       4750.00   1.19400e+07
       4770.00   1.19300e+07
       4790.00   1.18600e+07
       4810.00   1.17300e+07
       4830.00   1.18400e+07
       4850.00   1.10300e+07
       4870.00   9.73200e+06
       4890.00   1.12500e+07
       4910.00   1.12500e+07
       4930.00   1.10300e+07
       4950.00   1.14100e+07
       4970.00   1.15200e+07
       4990.00   1.08000e+07
       5010.00   1.03800e+07
       5030.00   1.09300e+07
       5050.00   1.09100e+07
       5070.00   1.12800e+07
       5090.00   1.08900e+07
       5110.00   1.10400e+07
       5130.00   1.07800e+07
       5150.00   1.04400e+07
       5170.00   9.57300e+06
       5190.00   9.62500e+06
       5210.00   1.04100e+07
       5230.00   1.05300e+07
       5250.00   1.08000e+07
       5270.00   9.66900e+06
       5290.00   1.06700e+07
       5310.00   1.09300e+07
       5330.00   9.99600e+06
       5350.00   1.06300e+07
       5370.00   1.05900e+07
       5390.00   1.04800e+07
       5410.00   1.01300e+07
       5430.00   1.03900e+07
       5450.00   1.05900e+07
       5470.00   1.04000e+07
       5490.00   1.03300e+07
       5510.00   1.03300e+07
       5530.00   1.03600e+07
       5550.00   1.04600e+07
       5570.00   1.01700e+07
       5590.00   9.98400e+06
       5610.00   1.02100e+07
       5630.00   1.02500e+07
       5650.00   1.02000e+07
       5670.00   9.97100e+06
       5690.00   1.00800e+07
       5710.00   9.90700e+06
       5730.00   1.03700e+07
       5750.00   1.00800e+07
       5770.00   1.01400e+07
       5790.00   9.90500e+06
       5810.00   1.00500e+07
       5830.00   1.01300e+07
       5850.00   9.92100e+06
       5870.00   9.91500e+06
       5890.00   9.31200e+06
       5910.00   9.80300e+06
       5930.00   9.76000e+06
       5950.00   9.75600e+06
       5970.00   9.74300e+06
       5990.00   9.64600e+06
       6010.00   9.49800e+06
       6030.00   9.48400e+06
       6050.00   9.61700e+06
       6070.00   9.55600e+06
       6090.00   9.36900e+06
       6110.00   9.27200e+06
       6130.00   8.97600e+06
       6150.00   9.04900e+06
       6170.00   8.79900e+06
       6190.00   9.16400e+06
       6210.00   9.16400e+06
       6230.00   8.94700e+06
       6250.00   8.69400e+06
       6270.00   8.99600e+06
       6290.00   9.00200e+06
       6310.00   8.75500e+06
       6330.00   8.76900e+06
       6350.00   8.76300e+06
       6370.00   8.71700e+06
       6390.00   8.74700e+06
       6410.00   8.54900e+06
       6430.00   8.61000e+06
       6450.00   8.49400e+06
       6470.00   8.46600e+06
       6490.00   8.34600e+06
       6510.00   8.47900e+06
       6530.00   8.44600e+06
       6550.00   8.11700e+06
       6570.00   7.17900e+06
       6590.00   8.22300e+06
       6610.00   8.33200e+06
       6630.00   8.27100e+06
       6650.00   8.24000e+06
       6670.00   8.14000e+06
       6690.00   8.21400e+06
       6710.00   8.07200e+06
       6730.00   8.11500e+06
       6750.00   8.01900e+06
       6770.00   8.00300e+06
       6790.00   7.95900e+06
       6810.00   7.89800e+06
       6830.00   7.91200e+06
       6850.00   7.76300e+06
       6870.00   7.80400e+06
       6890.00   7.78700e+06
       6910.00   7.72800e+06
       6930.00   7.69100e+06
       6950.00   7.65100e+06
       6970.00   7.63000e+06
       6990.00   7.59500e+06
       7010.00   7.39400e+06
       7030.00   7.47400e+06
       7050.00   7.47700e+06
       7070.00   7.41000e+06
       7090.00   7.36700e+06
       7110.00   7.34300e+06
       7130.00   7.25600e+06
       7150.00   7.20400e+06
       7170.00   7.17000e+06
       7190.00   7.01300e+06
       7210.00   7.09700e+06
       7230.00   7.07700e+06
       7250.00   7.08500e+06
       7270.00   7.05400e+06
       7290.00   6.88500e+06
       7310.00   6.95700e+06
       7330.00   6.91500e+06
       7350.00   6.92200e+06
       7370.00   6.90200e+06
       7390.00   6.74800e+06
       7410.00   6.65300e+06
       7430.00   6.70100e+06
       7450.00   6.69700e+06
       7470.00   6.72000e+06
       7490.00   6.64900e+06
       7510.00   6.63800e+06
       7530.00   6.62200e+06
       7550.00   6.61700e+06
       7570.00   6.54600e+06
       7590.00   6.52200e+06
       7610.00   6.47300e+06
       7630.00   6.48100e+06
       7650.00   6.43900e+06
       7670.00   6.29000e+06
       7690.00   6.36600e+06
       7710.00   6.29800e+06
       7730.00   6.29100e+06
       7750.00   6.21000e+06
       7770.00   6.24000e+06
       7790.00   6.24600e+06
       7810.00   6.20000e+06
       7830.00   6.13000e+06
       7850.00   6.11100e+06
       7870.00   6.13400e+06
       7890.00   6.09500e+06
       7910.00   6.02200e+06
       7930.00   5.90600e+06
       7950.00   5.90900e+06
       7970.00   5.97000e+06
       7990.00   5.95400e+06
       8010.00   5.87600e+06
       8030.00   5.85100e+06
       8050.00   5.80000e+06
       8070.00   5.82300e+06
       8090.00   5.72800e+06
       8110.00   5.75900e+06
       8130.00   5.75900e+06
       8150.00   5.71700e+06
       8170.00   5.68900e+06
       8190.00   5.52900e+06
       8210.00   5.53400e+06
       8230.00   5.51300e+06
       8250.00   5.53200e+06
       8270.00   5.56100e+06
       8290.00   5.52200e+06
       8310.00   5.42600e+06
       8330.00   5.38100e+06
       8350.00   5.39900e+06
       8370.00   5.40900e+06
       8390.00   5.31800e+06
       8410.00   5.36300e+06
       8430.00   5.26900e+06
       8450.00   5.26400e+06
       8470.00   5.22900e+06
       8490.00   5.15900e+06
       8510.00   4.93300e+06
       8530.00   5.07200e+06
       8550.00   4.38400e+06
       8570.00   5.15900e+06
       8590.00   5.06100e+06
       8610.00   5.03700e+06
       8630.00   5.08000e+06
       8650.00   4.99600e+06
       8670.00   4.34400e+06
       8690.00   4.89100e+06
       8710.00   4.95900e+06
       8730.00   4.92500e+06
       8750.00   4.77600e+06
       8770.00   4.90300e+06
       8790.00   4.87700e+06
       8810.00   4.77900e+06
       8830.00   4.82100e+06
       8850.00   4.77500e+06
       8870.00   4.60000e+06
       8890.00   4.78200e+06
       8910.00   4.78300e+06
       8930.00   4.70200e+06
       8950.00   4.70500e+06
       8970.00   4.69500e+06
       8990.00   4.68200e+06
       9010.00   4.39500e+06
       9030.00   4.56100e+06
       9050.00   4.64600e+06
       9070.00   4.55500e+06
       9090.00   4.44000e+06
       9110.00   4.49100e+06
       9130.00   4.54900e+06
       9150.00   4.51500e+06
       9170.00   4.48600e+06
       9190.00   4.48400e+06
       9210.00   4.35700e+06
       9230.00   4.14800e+06
       9250.00   4.28400e+06
       9270.00   4.34800e+06
       9290.00   4.36100e+06
       9310.00   4.36200e+06
       9330.00   4.33000e+06
       9350.00   4.30900e+06
       9370.00   4.28700e+06
       9390.00   4.27100e+06
       9410.00   4.09700e+06
       9430.00   4.20100e+06
       9450.00   4.15500e+06
       9470.00   4.19800e+06
       9490.00   4.19100e+06
       9510.00   4.15200e+06
       9530.00   4.09600e+06
       9550.00   3.86100e+06
       9570.00   4.05700e+06
       9590.00   4.08900e+06
       9610.00   4.04200e+06
       9630.00   4.00500e+06
       9650.00   3.99400e+06
       9670.00   3.96400e+06
       9690.00   3.98300e+06
       9710.00   3.97500e+06
       9730.00   3.96000e+06
       9750.00   3.91100e+06
       9770.00   3.91200e+06
       9790.00   3.88600e+06
       9810.00   3.89300e+06
       9830.00   3.86800e+06
       9850.00   3.85700e+06
       9870.00   3.82200e+06
       9890.00   3.80100e+06
       9910.00   3.77600e+06
       9930.00   3.79800e+06
       9950.00   3.78000e+06
       9970.00   3.76500e+06
       9990.00   3.74300e+06
       10025.0   3.67200e+06
       10075.0   3.58000e+06
       10125.0   3.62400e+06
       10175.0   3.56200e+06
       10225.0   3.54500e+06
       10275.0   3.52300e+06
       10325.0   3.45800e+06
       10375.0   3.42500e+06
       10425.0   3.40500e+06
       10475.0   3.33800e+06
       10525.0   3.32700e+06
       10575.0   3.27900e+06
       10625.0   3.24000e+06
       10675.0   3.15400e+06
       10725.0   3.15800e+06
       10775.0   3.11800e+06
       10825.0   3.05200e+06
       10875.0   3.03300e+06
       10925.0   2.92600e+06
       10975.0   2.93900e+06
       11025.0   2.96100e+06
       11075.0   2.95200e+06
       11125.0   2.91000e+06
       11175.0   2.87800e+06
       11225.0   2.86300e+06
       11275.0   2.79400e+06
       11325.0   2.78300e+06
       11375.0   2.75900e+06
       11425.0   2.71400e+06
       11475.0   2.72800e+06
       11525.0   2.70200e+06
       11575.0   2.66100e+06
       11625.0   2.61100e+06
       11675.0   2.59100e+06
       11725.0   2.60200e+06
       11775.0   2.53400e+06
       11825.0   2.51100e+06
       11875.0   2.48300e+06
       11925.0   2.50700e+06
       11975.0   2.41400e+06
       12025.0   2.42700e+06
       12075.0   2.39400e+06
       12125.0   2.38700e+06
       12175.0   2.38800e+06
       12225.0   2.36300e+06
       12275.0   2.33000e+06
       12325.0   2.31500e+06
       12375.0   2.29300e+06
       12425.0   2.26800e+06
       12475.0   2.25600e+06
       12525.0   2.22700e+06
       12575.0   2.20500e+06
       12625.0   2.18600e+06
       12675.0   2.16200e+06
       12725.0   2.15100e+06
       12775.0   2.12100e+06
       12825.0   1.96300e+06
       12875.0   2.07800e+06
       12925.0   2.06300e+06
       12975.0   2.05700e+06
       13025.0   2.02900e+06
       13075.0   2.02200e+06
       13125.0   1.98400e+06
       13175.0   1.96500e+06
       13225.0   1.96700e+06
       13275.0   1.93400e+06
       13325.0   1.92600e+06
       13375.0   1.90700e+06
       13425.0   1.90000e+06
       13475.0   1.88100e+06
       13525.0   1.86500e+06
       13575.0   1.83400e+06
       13625.0   1.82600e+06
       13675.0   1.80900e+06
       13725.0   1.79000e+06
       13775.0   1.77800e+06
       13825.0   1.76600e+06
       13875.0   1.75600e+06
       13925.0   1.73800e+06
       13975.0   1.72300e+06
       14025.0   1.70000e+06
       14075.0   1.69500e+06
       14125.0   1.66600e+06
       14175.0   1.66700e+06
       14225.0   1.63300e+06
       14275.0   1.60600e+06
       14325.0   1.61900e+06
       14375.0   1.61500e+06
       14425.0   1.55500e+06
       14475.0   1.58300e+06
       14525.0   1.54500e+06
       14570.0   1.54900e+06
       14620.0   1.53600e+06
       14675.0   1.52600e+06
       14725.0   1.49600e+06
       14775.0   1.48700e+06
       14825.0   1.48100e+06
       14875.0   1.44000e+06
       14925.0   1.47200e+06
       14975.0   1.44700e+06
       15025.0   1.40400e+06
       15075.0   1.40100e+06
       15125.0   1.41600e+06
       15175.0   1.41000e+06
       15225.0   1.38400e+06
       15275.0   1.38400e+06
       15325.0   1.36900e+06
       15375.0   1.35800e+06
       15425.0   1.34700e+06
       15475.0   1.33700e+06
       15525.0   1.31900e+06
       15575.0   1.30600e+06
       15625.0   1.30900e+06
       15675.0   1.27800e+06
       15725.0   1.27500e+06
       15775.0   1.23200e+06
       15825.0   1.24600e+06
       15875.0   1.20000e+06
       15925.0   1.22100e+06
       15975.0   1.21900e+06
       16050.0   1.20100e+06
       16150.0   1.16900e+06
       16250.0   1.16900e+06
       16350.0   1.13300e+06
       16450.0   1.09800e+06
       16550.0   1.10500e+06
       16650.0   1.08400e+06
       16750.0   1.04200e+06
       16850.0   1.00300e+06
       16950.0   1.02400e+06
       17050.0       993600.
       17150.0       975000.
       17250.0       946800.
       17350.0       887100.
       17450.0       904600.
       17550.0       898800.
       17650.0       880100.
       17750.0       863300.
       17850.0       849200.
       17950.0       833800.
       18050.0       812200.
       18150.0       761700.
       18250.0       770700.
       18350.0       765800.
       18450.0       746300.
       18550.0       736500.
       18650.0       715800.
       18750.0       660900.
       18850.0       689900.
       18950.0       667700.
       19050.0       670800.
       19150.0       656100.
       19250.0       644300.
       19350.0       626100.
       19450.0       583600.
       19550.0       606300.
       19650.0       596600.
       19750.0       583700.
       19850.0       576400.
       19950.0       565800.
       20050.0       558100.
       20150.0       550300.
       20250.0       536400.
       20350.0       523600.
       20450.0       521100.
       20550.0       510400.
       20650.0       498700.
       20750.0       491900.
       20850.0       483300.
       20950.0       472300.
       21050.0       467700.
       21150.0       458500.
       21250.0       450400.
       21350.0       443600.
       21450.0       436900.
       21550.0       427900.
       21650.0       398400.
       21750.0       409600.
       21850.0       405400.
       21950.0       401800.
       22050.0       391400.
       22150.0       387900.
       22250.0       381400.
       22350.0       375100.
       22450.0       369000.
       22550.0       361600.
       22650.0       356000.
       22750.0       351500.
       22850.0       343800.
       22950.0       338500.
       23050.0       334800.
       23150.0       328700.
       23250.0       322500.
       23350.0       317400.
       23450.0       314100.
       23550.0       306900.
       23650.0       304000.
       23750.0       297400.
       23850.0       291700.
       23950.0       289800.
       24050.0       285000.
       24150.0       278700.
       24250.0       276000.
       24350.0       271400.
       24450.0       267600.
       24550.0       261300.
       24650.0       260100.
       24750.0       255000.
       24850.0       249400.
       24950.0       248000.
       25050.0       244700.
       25150.0       240800.
       25250.0       237900.
       25350.0       234200.
       25450.0       229800.
       25550.0       226600.
       25650.0       222900.
       25750.0       221400.
       25850.0       215700.
       25950.0       214500.
       26050.0       211600.
       26150.0       207300.
       26250.0       195800.
       26350.0       201300.
       26450.0       198800.
       26550.0       196500.
       26650.0       192600.
       26750.0       190600.
       26850.0       189400.
       26950.0       186900.
       27050.0       184400.
       27150.0       181700.
       27250.0       179300.
       27350.0       176900.
       27450.0       174600.
       27550.0       170200.
       27650.0       168700.
       27750.0       167300.
       27850.0       165200.
       27950.0       163300.
       28050.0       161000.
       28150.0       159000.
       28250.0       156800.
       28350.0       155000.
       28450.0       152400.
       28550.0       150600.
       28650.0       148000.
       28750.0       144200.
       28850.0       144500.
       28950.0       143000.
       29050.0       141200.
       29150.0       139300.
       29250.0       137100.
       29350.0       135800.
       29450.0       133800.
       29550.0       132400.
       29650.0       130700.
       29750.0       129000.
       29850.0       127400.
       29950.0       125600.
       30050.0       124000.
       30150.0       122700.
       30250.0       120900.
       30350.0       117400.
       30450.0       117000.
       30550.0       116600.
       30650.0       115000.
       30750.0       113900.
       30850.0       112200.
       30950.0       110900.
       31050.0       109700.
       31150.0       107500.
       31250.0       107000.
       31350.0       105700.
       31450.0       104500.
       31550.0       102900.
       31650.0       101900.
       31750.0       100700.
       31850.0       99540.0
       31950.0       98480.0
       32100.0       96570.0
       32300.0       94380.0
       32500.0       92160.0
       32700.0       89990.0
       32900.0       86570.0
       33100.0       85570.0
       33300.0       83750.0
       33500.0       82080.0
       33700.0       80120.0
       33900.0       78230.0
       34100.0       76410.0
       34300.0       75010.0
       34500.0       73450.0
       34700.0       71800.0
       34900.0       70270.0
       35100.0       68760.0
       35300.0       67180.0
       35500.0       65830.0
       35700.0       64350.0
       35900.0       62970.0
       36100.0       61800.0
       36300.0       60480.0
       36500.0       59000.0
       36700.0       57760.0
       36900.0       56350.0
       37100.0       55210.0
       37300.0       53990.0
       37500.0       52340.0
       37700.0       52090.0
       37900.0       51050.0
       38100.0       50050.0
       38300.0       49160.0
       38500.0       48240.0
       38700.0       47190.0
       38900.0       46230.0
       39100.0       45440.0
       39300.0       44560.0
       39500.0       43570.0
       39700.0       42840.0
       39900.0       41800.0
       40100.0       41070.0
       40300.0       40400.0
       40500.0       39070.0
       40700.0       38840.0
       40900.0       38150.0
       41100.0       37490.0
       41300.0       36840.0
       41500.0       36070.0
       41700.0       35400.0
       41900.0       34790.0
       42100.0       34010.0
       42300.0       33620.0
       42500.0       32940.0
       42700.0       32410.0
       42900.0       31570.0
       43100.0       30820.0
       43300.0       30350.0
       43500.0       29510.0
       43700.0       28850.0
       43900.0       28520.0
       44100.0       27670.0
       44300.0       27350.0
       44500.0       26930.0
       44700.0       26200.0
       44900.0       25950.0
       45100.0       25490.0
       45300.0       24880.0
       45500.0       24590.0
       45700.0       24230.0
       45900.0       23650.0
       46100.0       23390.0
       46300.0       22990.0
       46500.0       22420.0
       46700.0       22210.0
       46900.0       21960.0
       47100.0       21610.0
       47300.0       21350.0
       47500.0       20980.0
       47700.0       20630.0
       47900.0       20330.0
       48100.0       19950.0
       48300.0       19730.0
       48500.0       19390.0
       48700.0       19080.0
       48900.0       18800.0
       49100.0       18510.0
       49300.0       18230.0
       49500.0       17930.0
       49700.0       17660.0
       49900.0       17430.0
       50100.0       17120.0
       50300.0       16910.0
       50500.0       16600.0
       50700.0       16370.0
       50900.0       16160.0
       51100.0       15870.0
       51300.0       15580.0
       51500.0       15430.0
       51700.0       15250.0
       51900.0       14980.0
       52100.0       14750.0
       52300.0       14530.0
       52500.0       14350.0
       52700.0       14160.0
       52900.0       13910.0
       53100.0       13740.0
       53300.0       13530.0
       53500.0       13350.0
       53700.0       13150.0
       53900.0       12980.0
       54100.0       12800.0
       54300.0       12580.0
       54500.0       12450.0
       54700.0       12260.0
       54900.0       12090.0
       55100.0       11940.0
       55300.0       11790.0
       55500.0       11600.0
       55700.0       11480.0
       55900.0       11270.0
       56100.0       11150.0
       56300.0       10990.0
       56500.0       10870.0
       56700.0       10720.0
       56900.0       10550.0
       57100.0       10430.0
       57300.0       10300.0
       57500.0       10160.0
       57700.0       10020.0
       57900.0       9893.00
       58100.0       9759.00
       58300.0       9635.00
       58500.0       9515.00
       58700.0       9380.00
       58900.0       9244.00
       59100.0       9094.00
       59300.0       9026.00
       59500.0       8884.00
       59700.0       8798.00
       59900.0       8687.00
       60100.0       8570.00
       60300.0       8468.00
       60500.0       8360.00
       60700.0       8249.00
       60900.0       8141.00
       61100.0       8025.00
       61300.0       7943.00
       61500.0       7849.00
       61700.0       7750.00
       61900.0       7655.00
       62100.0       7561.00
       62300.0       7446.00
       62500.0       7364.00
       62700.0       7275.00
       62900.0       7187.00
       63100.0       7091.00
       63300.0       7022.00
       63500.0       6933.00
       63700.0       6848.00
       63900.0       6763.00
       64200.0       6645.00
       64600.0       6481.00
       65000.0       6325.00
       65400.0       6183.00
       65800.0       6039.00
       66200.0       5896.00
       66600.0       5761.00
       67000.0       5626.00
       67400.0       5494.00
       67800.0       5368.00
       68200.0       5250.00
       68600.0       5131.00
       69000.0       5016.00
       69400.0       4902.00
       69800.0       4796.00
       70200.0       4685.00
       70600.0       4586.00
       71000.0       4486.00
       71400.0       4388.00
       71800.0       4293.00
       72200.0       4200.00
       72600.0       4110.00
       73000.0       4024.00
       73400.0       3936.00
       73800.0       3856.00
       74200.0       3773.00
       74600.0       3676.00
       75000.0       3605.00
       75400.0       3544.00
       75800.0       3472.00
       76200.0       3401.00
       76600.0       3332.00
       77000.0       3263.00
       77400.0       3199.00
       77800.0       3135.00
       78200.0       3073.00
       78600.0       3012.00
       79000.0       2952.00
       79400.0       2894.00
       79800.0       2838.00
       80200.0       2782.00
       80600.0       2727.00
       81000.0       2676.00
       81400.0       2623.00
       81800.0       2574.00
       82200.0       2526.00
       82600.0       2478.00
       83000.0       2432.00
       83400.0       2385.00
       83800.0       2341.00
       84200.0       2298.00
       84600.0       2256.00
       85000.0       2214.00
       85400.0       2174.00
       85800.0       2134.00
       86200.0       2095.00
       86600.0       2058.00
       87000.0       2021.00
       87400.0       1984.00
       87800.0       1948.00
       88200.0       1914.00
       88600.0       1880.00
       89000.0       1847.00
       89400.0       1815.00
       89800.0       1783.00
       90200.0       1753.00
       90600.0       1723.00
       91000.0       1692.00
       91400.0       1664.00
       91800.0       1636.00
       92200.0       1608.00
       92600.0       1581.00
       93000.0       1555.00
       93400.0       1528.00
       93800.0       1503.00
       94200.0       1478.00
       94600.0       1453.00
       95000.0       1430.00
       95400.0       1406.00
       95800.0       1383.00
       96200.0       1360.00
       96600.0       1338.00
       97000.0       1317.00
       97400.0       1295.00
       97800.0       1274.00
       98200.0       1254.00
       98600.0       1235.00
       99000.0       1215.00
       99400.0       1195.00
       99800.0       1177.00
       100200.       1159.00
       200000.       74.8600
       400000.       4.69700
       600000.      0.923200
       800000.      0.290400
   1.00000e+06      0.118300
   1.20000e+06     0.0567300
   1.40000e+06     0.0304700
   1.60000e+06     0.0177800
