       90.9000       0.00000
       93.5000       0.00000
       96.1000       0.00000
       97.7000       0.00000
       99.6000       0.00000
       102.000       0.00000
       103.800       0.00000
       105.600       0.00000
       107.700       0.00000
       110.400       0.00000
       114.000       0.00000
       117.800       0.00000
       121.300       0.00000
       124.800       0.00000
       127.100       0.00000
       128.400       0.00000
       130.500       0.00000
       132.400       0.00000
       133.900       0.00000
       136.600       0.00000
       139.800       0.00000
       143.300       0.00000
       147.200       0.00000
       151.000       0.00000
       155.200       0.00000
       158.800       0.00000
       162.000       0.00000
       166.000       0.00000
       170.300       0.00000
       173.400       0.00000
       176.800       0.00000
       180.200       0.00000
       181.700       0.00000
       186.100       0.00000
       191.000       0.00000
       193.900       0.00000
       198.400       0.00000
       201.800       0.00000
       205.000       0.00000
       210.500       0.00000
       216.200       0.00000
       219.800       0.00000
       223.000       0.00000
       226.800       0.00000
       230.000       0.00000
       234.000       0.00000
       240.000       0.00000
       246.500       0.00000
       252.400       0.00000
       256.800       0.00000
       260.000       0.00000
       264.000       0.00000
       268.500       0.00000
       273.500       0.00000
       278.500       0.00000
       284.000       0.00000
       290.000       0.00000
       296.000       0.00000
       301.000       0.00000
       308.000       0.00000
       318.000       0.00000
       328.000       0.00000
       338.000       0.00000
       348.000       0.00000
       357.000       0.00000
       366.000       0.00000
       375.000       0.00000
       385.000       0.00000
       395.000       0.00000
       405.000       0.00000
       414.000       0.00000
       422.000       0.00000
       430.000       0.00000
       441.000       0.00000
       451.000       0.00000
       460.000       0.00000
       470.000       0.00000
       480.000       0.00000
       490.000       0.00000
       500.000       0.00000
       506.000       0.00000
       512.000       0.00000
       520.000       0.00000
       530.000       0.00000
       540.000       0.00000
       550.000       0.00000
       560.000       0.00000
       570.000       0.00000
       580.000       0.00000
       590.000   5.94700e-25
       600.000   1.99600e-24
       610.000   6.42200e-24
       620.000   1.98500e-23
       630.000   5.90600e-23
       640.000   1.69600e-22
       650.000   4.70400e-22
       658.000   1.03900e-21
       665.000   2.04300e-21
       675.000   5.23400e-21
       685.000   1.30300e-20
       695.000   3.15100e-20
       705.000   7.40500e-20
       716.000   1.84800e-19
       726.000   4.12700e-19
       735.000   8.34000e-19
       745.000   1.78400e-18
       755.000   3.73400e-18
       765.000   7.65700e-18
       775.000   1.53800e-17
       785.000   3.03400e-17
       795.000   5.83900e-17
       805.000   1.11400e-16
       815.000   2.08600e-16
       825.000   3.83600e-16
       835.000   6.94300e-16
       845.000   1.23800e-15
       855.000   2.17400e-15
       865.000   3.76400e-15
       875.000   6.42000e-15
       885.000   1.08300e-14
       895.000   1.80300e-14
       905.000   2.96200e-14
       915.000   1.98700e-10
       925.000   8.23500e-10
       935.000   1.17200e-09
       945.000   1.55400e-09
       955.000   2.42900e-09
       965.000   4.10600e-09
       975.000   4.87100e-09
       985.000   8.09000e-09
       995.000   1.17500e-08
       1005.00   1.59800e-08
       1015.00   2.20900e-08
       1025.00   2.88700e-08
       1035.00   5.21600e-08
       1045.00   7.40900e-08
       1055.00   8.58800e-08
       1065.00   1.49800e-07
       1075.00   1.99700e-07
       1085.00   2.89900e-07
       1095.00   3.61500e-07
       1105.00   4.78900e-07
       1115.00   6.29800e-07
       1125.00   9.86700e-07
       1135.00   1.45000e-06
       1145.00   1.97500e-06
       1155.00   2.60900e-06
       1165.00   3.40800e-06
       1175.00   4.64400e-06
       1185.00   5.93100e-06
       1195.00   7.27000e-06
       1205.00   8.14600e-06
       1215.00   6.36700e-06
       1225.00   1.32300e-05
       1235.00   2.10500e-05
       1245.00   2.76300e-05
       1255.00   3.48400e-05
       1265.00   4.51000e-05
       1275.00   5.63400e-05
       1285.00   6.81800e-05
       1295.00   8.57900e-05
       1305.00   0.000106700
       1315.00   0.000135100
       1325.00   0.000164300
       1335.00   0.000201500
       1345.00   0.000256400
       1355.00   0.000322200
       1365.00   0.000393200
       1375.00   0.000476100
       1385.00   0.000566300
       1395.00   0.000714800
       1405.00   0.000890000
       1415.00    0.00110800
       1425.00    0.00129300
       1435.00    0.00163300
       1442.00    0.00194400
       1447.00    0.00199600
       1455.00    0.00233300
       1465.00    0.00294500
       1475.00    0.00336400
       1485.00    0.00406400
       1495.00    0.00511900
       1505.00    0.00629800
       1512.00    0.00618600
       1517.00    0.00738600
       1525.00    0.00947400
       1535.00     0.0364700
       1545.00     0.0425100
       1555.00     0.0754500
       1565.00     0.0722700
       1575.00      0.197500
       1585.00      0.219800
       1595.00      0.243300
       1605.00      0.245500
       1615.00      0.258000
       1625.00      0.272100
       1635.00      0.398800
       1645.00      0.580200
       1655.00      0.412000
       1665.00      0.721200
       1672.00      0.483400
       1677.00      0.950500
       1685.00       1.53000
       1695.00       2.26500
       1705.00       2.57700
       1715.00       2.65300
       1725.00       3.84200
       1735.00       4.39900
       1745.00       6.43200
       1755.00       6.84500
       1765.00       7.63400
       1775.00       7.04900
       1785.00       12.6200
       1795.00       11.0400
       1805.00       16.6000
       1815.00       13.0400
       1825.00       19.4100
       1835.00       19.2300
       1845.00       19.5400
       1855.00       19.6400
       1865.00       28.8900
       1875.00       28.7300
       1885.00       34.2800
       1895.00       44.6500
       1905.00       42.2300
       1915.00       56.6100
       1925.00       51.3200
       1935.00       31.6900
       1945.00       66.2700
       1955.00       85.0600
       1967.00       97.8200
       1976.00       104.700
       1984.00       119.400
       1995.00       114.500
       2005.00       124.200
       2015.00       142.000
       2025.00       116.500
       2035.00       159.500
       2045.00       174.700
       2055.00       196.100
       2065.00       191.600
       2074.00       180.800
       2078.00       229.700
       2085.00       261.000
       2095.00       369.900
       2105.00       437.800
       2115.00       491.100
       2125.00       488.200
       2135.00       593.700
       2145.00       520.800
       2155.00       567.800
       2165.00       540.100
       2175.00       583.400
       2185.00       566.000
       2195.00       804.700
       2205.00       736.000
       2215.00       750.100
       2225.00       766.700
       2235.00       1122.00
       2245.00       1217.00
       2255.00       1251.00
       2265.00       859.700
       2275.00       1261.00
       2285.00       1414.00
       2295.00       1693.00
       2305.00       1038.00
       2315.00       2026.00
       2325.00       1893.00
       2335.00       2554.00
       2345.00       1755.00
       2355.00       1798.00
       2365.00       2015.00
       2375.00       2053.00
       2385.00       2593.00
       2395.00       2698.00
       2405.00       3752.00
       2415.00       2737.00
       2425.00       3440.00
       2435.00       4295.00
       2445.00       5380.00
       2455.00       5875.00
       2465.00       4448.00
       2475.00       5389.00
       2485.00       2462.00
       2495.00       3119.00
       2505.00       5268.00
       2513.00       3899.00
       2518.00       3332.00
       2525.00       3573.00
       2535.00       6649.00
       2545.00       7759.00
       2555.00       11440.0
       2565.00       8826.00
       2575.00       12800.0
       2585.00       12060.0
       2595.00       13150.0
       2605.00       15490.0
       2615.00       14230.0
       2625.00       19540.0
       2635.00       38790.0
       2645.00       36850.0
       2655.00       75950.0
       2665.00       42920.0
       2675.00       38990.0
       2685.00       57590.0
       2695.00       28490.0
       2705.00       49390.0
       2715.00       31510.0
       2725.00       21360.0
       2735.00       27730.0
       2745.00       28350.0
       2755.00       33030.0
       2765.00       44670.0
       2775.00       48830.0
       2785.00       32640.0
       2795.00       22060.0
       2805.00       25470.0
       2815.00       41450.0
       2825.00       41660.0
       2835.00       33140.0
       2845.00       22220.0
       2855.00       11240.0
       2865.00       29680.0
       2875.00       41290.0
       2885.00       56310.0
       2895.00       83800.0
       2910.00       135600.
       2930.00       139500.
       2950.00       118400.
       2970.00       117700.
       2990.00       116100.
       3010.00       102400.
       3030.00       151000.
       3050.00       157300.
       3070.00       247100.
       3090.00       201200.
       3110.00       354700.
       3130.00       299200.
       3150.00       371400.
       3170.00       450600.
       3190.00       359900.
       3210.00       370900.
       3230.00       311600.
       3250.00       540400.
       3270.00       725900.
       3290.00       755500.
       3310.00       592200.
       3330.00       609500.
       3350.00       544900.
       3370.00       311400.
       3390.00       384600.
       3410.00       412200.
       3430.00       485100.
       3450.00       463700.
       3470.00       481300.
       3490.00       655300.
       3510.00       773000.
       3530.00       677800.
       3550.00       864500.
       3570.00       412800.
       3590.00       447700.
       3610.00       648900.
       3630.00       737700.
       3640.00       796500.
       3650.00       981500.
       3670.00   1.12900e+06
       3690.00       915700.
       3710.00       850900.
       3730.00       377000.
       3750.00       463100.
       3770.00       850000.
       3790.00       885400.
       3810.00       740300.
       3830.00       329800.
       3850.00       488300.
       3870.00       487800.
       3890.00       704000.
       3910.00       992200.
       3930.00       401200.
       3950.00       838800.
       3970.00       566800.
       3990.00   1.51600e+06
       4010.00   1.76100e+06
       4030.00   1.55400e+06
       4050.00   1.48800e+06
       4070.00   1.35800e+06
       4090.00   1.91100e+06
       4110.00   1.65800e+06
       4130.00   1.60200e+06
       4150.00   1.46700e+06
       4170.00   1.54300e+06
       4190.00   1.49500e+06
       4210.00   1.52700e+06
       4230.00   1.33000e+06
       4250.00   1.61000e+06
       4270.00   1.45500e+06
       4290.00   1.34200e+06
       4310.00   1.25200e+06
       4330.00   1.93400e+06
       4350.00   1.97000e+06
       4370.00   2.12300e+06
       4390.00   1.78400e+06
       4410.00   1.94200e+06
       4430.00   2.16200e+06
       4450.00   2.19200e+06
       4470.00   2.42000e+06
       4490.00   2.51000e+06
       4510.00   2.93600e+06
       4530.00   2.47800e+06
       4550.00   2.68800e+06
       4570.00   2.88900e+06
       4590.00   2.75700e+06
       4610.00   2.84200e+06
       4630.00   2.82000e+06
       4650.00   2.79800e+06
       4670.00   2.98300e+06
       4690.00   2.91400e+06
       4710.00   2.76700e+06
       4730.00   2.85700e+06
       4750.00   2.88600e+06
       4770.00   2.82200e+06
       4790.00   2.88200e+06
       4810.00   2.98700e+06
       4830.00   3.02900e+06
       4850.00   2.95200e+06
       4870.00   2.69400e+06
       4890.00   2.87800e+06
       4910.00   2.90100e+06
       4930.00   2.74600e+06
       4950.00   2.87100e+06
       4970.00   2.85400e+06
       4990.00   2.57400e+06
       5010.00   2.35300e+06
       5030.00   2.54600e+06
       5050.00   2.43600e+06
       5070.00   2.48300e+06
       5090.00   2.33800e+06
       5110.00   2.37900e+06
       5130.00   2.28400e+06
       5150.00   2.14300e+06
       5170.00   1.73200e+06
       5190.00   1.88500e+06
       5210.00   2.27700e+06
       5230.00   2.80700e+06
       5250.00   3.01900e+06
       5270.00   2.50500e+06
       5290.00   3.02800e+06
       5310.00   3.27400e+06
       5330.00   2.79000e+06
       5350.00   3.09000e+06
       5370.00   3.07000e+06
       5390.00   2.98900e+06
       5410.00   2.91100e+06
       5430.00   2.96300e+06
       5450.00   3.07700e+06
       5470.00   3.08700e+06
       5490.00   3.09100e+06
       5510.00   3.03800e+06
       5530.00   3.16100e+06
       5550.00   3.23800e+06
       5570.00   3.10500e+06
       5590.00   2.96000e+06
       5610.00   3.16100e+06
       5630.00   3.20600e+06
       5650.00   3.23300e+06
       5670.00   3.14600e+06
       5690.00   3.20300e+06
       5710.00   3.07600e+06
       5730.00   3.34700e+06
       5750.00   3.26100e+06
       5770.00   3.30100e+06
       5790.00   3.13200e+06
       5810.00   3.28500e+06
       5830.00   3.37400e+06
       5850.00   3.25300e+06
       5870.00   3.25900e+06
       5890.00   2.44400e+06
       5910.00   3.19000e+06
       5930.00   3.24100e+06
       5950.00   3.25200e+06
       5970.00   3.29200e+06
       5990.00   3.25200e+06
       6010.00   3.19100e+06
       6030.00   3.24200e+06
       6050.00   3.30500e+06
       6070.00   3.27100e+06
       6090.00   3.16500e+06
       6110.00   3.16300e+06
       6130.00   2.96600e+06
       6150.00   3.10800e+06
       6170.00   2.86000e+06
       6190.00   3.16200e+06
       6210.00   3.15100e+06
       6230.00   3.05900e+06
       6250.00   2.96600e+06
       6270.00   3.08700e+06
       6290.00   3.13300e+06
       6310.00   3.02900e+06
       6330.00   3.05800e+06
       6350.00   3.07900e+06
       6370.00   3.06700e+06
       6390.00   3.11200e+06
       6410.00   3.03300e+06
       6430.00   3.05500e+06
       6450.00   2.99300e+06
       6470.00   2.98400e+06
       6490.00   2.94500e+06
       6510.00   3.05700e+06
       6530.00   3.08900e+06
       6550.00   3.03100e+06
       6570.00   2.93300e+06
       6590.00   3.03300e+06
       6610.00   3.06000e+06
       6630.00   3.04100e+06
       6650.00   3.03600e+06
       6670.00   2.98800e+06
       6690.00   3.04500e+06
       6710.00   2.95500e+06
       6730.00   3.03800e+06
       6750.00   2.98700e+06
       6770.00   3.00000e+06
       6790.00   2.97800e+06
       6810.00   2.96600e+06
       6830.00   3.00100e+06
       6850.00   2.92100e+06
       6870.00   2.94900e+06
       6890.00   2.95500e+06
       6910.00   2.94100e+06
       6930.00   2.91800e+06
       6950.00   2.90500e+06
       6970.00   2.91800e+06
       6990.00   2.88000e+06
       7010.00   2.83000e+06
       7030.00   2.87200e+06
       7050.00   2.88600e+06
       7070.00   2.84200e+06
       7090.00   2.83200e+06
       7110.00   2.84700e+06
       7130.00   2.79000e+06
       7150.00   2.74100e+06
       7170.00   2.79200e+06
       7190.00   2.69900e+06
       7210.00   2.73800e+06
       7230.00   2.79100e+06
       7250.00   2.77600e+06
       7270.00   2.77800e+06
       7290.00   2.71200e+06
       7310.00   2.74500e+06
       7330.00   2.71200e+06
       7350.00   2.71900e+06
       7370.00   2.74400e+06
       7390.00   2.68700e+06
       7410.00   2.65900e+06
       7430.00   2.69500e+06
       7450.00   2.68100e+06
       7470.00   2.70000e+06
       7490.00   2.67600e+06
       7510.00   2.68600e+06
       7530.00   2.69700e+06
       7550.00   2.70100e+06
       7570.00   2.67300e+06
       7590.00   2.66100e+06
       7610.00   2.65000e+06
       7630.00   2.66600e+06
       7650.00   2.65700e+06
       7670.00   2.55500e+06
       7690.00   2.64200e+06
       7710.00   2.59300e+06
       7730.00   2.60800e+06
       7750.00   2.57500e+06
       7770.00   2.63500e+06
       7790.00   2.61600e+06
       7810.00   2.60400e+06
       7830.00   2.56600e+06
       7850.00   2.57100e+06
       7870.00   2.59000e+06
       7890.00   2.55900e+06
       7910.00   2.51400e+06
       7930.00   2.47500e+06
       7950.00   2.45300e+06
       7970.00   2.52200e+06
       7990.00   2.50600e+06
       8010.00   2.48400e+06
       8030.00   2.48600e+06
       8050.00   2.45800e+06
       8070.00   2.46500e+06
       8090.00   2.41900e+06
       8110.00   2.42900e+06
       8130.00   2.45200e+06
       8150.00   2.44100e+06
       8170.00   2.43400e+06
       8190.00   2.31800e+06
       8210.00   2.36500e+06
       8230.00   2.37100e+06
       8250.00   2.39300e+06
       8270.00   2.41500e+06
       8290.00   2.39800e+06
       8310.00   2.33900e+06
       8330.00   2.30800e+06
       8350.00   2.33100e+06
       8370.00   2.34300e+06
       8390.00   2.23900e+06
       8410.00   2.33700e+06
       8430.00   2.26900e+06
       8450.00   2.31600e+06
       8470.00   2.29300e+06
       8490.00   2.27900e+06
       8510.00   2.17100e+06
       8530.00   2.24200e+06
       8550.00   1.93000e+06
       8570.00   2.29700e+06
       8590.00   2.26400e+06
       8610.00   2.25800e+06
       8630.00   2.26900e+06
       8650.00   2.24800e+06
       8670.00   1.93200e+06
       8690.00   2.14800e+06
       8710.00   2.22500e+06
       8730.00   2.22000e+06
       8750.00   2.21300e+06
       8770.00   2.21900e+06
       8790.00   2.21100e+06
       8810.00   2.12100e+06
       8830.00   2.16600e+06
       8850.00   2.19600e+06
       8870.00   2.16100e+06
       8890.00   2.20100e+06
       8910.00   2.20300e+06
       8930.00   2.15700e+06
       8950.00   2.14600e+06
       8970.00   2.15200e+06
       8990.00   2.15800e+06
       9010.00   2.06300e+06
       9030.00   2.12600e+06
       9050.00   2.16100e+06
       9070.00   2.14200e+06
       9090.00   2.07400e+06
       9110.00   2.07800e+06
       9130.00   2.11300e+06
       9150.00   2.06500e+06
       9170.00   2.04100e+06
       9190.00   2.05000e+06
       9210.00   2.00300e+06
       9230.00   2.01700e+06
       9250.00   1.98800e+06
       9270.00   2.01200e+06
       9290.00   1.99600e+06
       9310.00   2.02400e+06
       9330.00   2.01600e+06
       9350.00   2.00100e+06
       9370.00   1.98400e+06
       9390.00   1.98400e+06
       9410.00   1.92200e+06
       9430.00   1.95900e+06
       9450.00   1.92100e+06
       9470.00   1.96200e+06
       9490.00   1.96200e+06
       9510.00   1.96000e+06
       9530.00   1.94200e+06
       9550.00   1.92200e+06
       9570.00   1.92400e+06
       9590.00   1.94600e+06
       9610.00   1.92200e+06
       9630.00   1.91700e+06
       9650.00   1.87600e+06
       9670.00   1.87700e+06
       9690.00   1.90500e+06
       9710.00   1.88700e+06
       9730.00   1.87500e+06
       9750.00   1.86800e+06
       9770.00   1.87500e+06
       9790.00   1.84000e+06
       9810.00   1.88300e+06
       9830.00   1.86400e+06
       9850.00   1.87900e+06
       9870.00   1.86400e+06
       9890.00   1.86400e+06
       9910.00   1.85200e+06
       9930.00   1.86000e+06
       9950.00   1.85200e+06
       9970.00   1.85100e+06
       9990.00   1.84300e+06
       10025.0   1.83100e+06
       10075.0   1.81100e+06
       10125.0   1.80600e+06
       10175.0   1.78000e+06
       10225.0   1.77200e+06
       10275.0   1.77100e+06
       10325.0   1.73800e+06
       10375.0   1.72600e+06
       10425.0   1.72900e+06
       10475.0   1.70600e+06
       10525.0   1.70300e+06
       10575.0   1.67900e+06
       10625.0   1.66800e+06
       10675.0   1.64000e+06
       10725.0   1.63900e+06
       10775.0   1.61700e+06
       10825.0   1.57700e+06
       10875.0   1.58000e+06
       10925.0   1.57500e+06
       10975.0   1.51200e+06
       11025.0   1.50900e+06
       11075.0   1.51600e+06
       11125.0   1.50300e+06
       11175.0   1.50000e+06
       11225.0   1.49600e+06
       11275.0   1.46400e+06
       11325.0   1.47500e+06
       11375.0   1.44900e+06
       11425.0   1.43800e+06
       11475.0   1.45500e+06
       11525.0   1.45100e+06
       11575.0   1.43100e+06
       11625.0   1.40600e+06
       11675.0   1.40900e+06
       11725.0   1.42100e+06
       11775.0   1.39000e+06
       11825.0   1.36600e+06
       11875.0   1.36000e+06
       11925.0   1.38500e+06
       11975.0   1.31900e+06
       12025.0   1.34600e+06
       12075.0   1.32500e+06
       12125.0   1.33800e+06
       12175.0   1.34100e+06
       12225.0   1.33200e+06
       12275.0   1.31800e+06
       12325.0   1.31100e+06
       12375.0   1.30500e+06
       12425.0   1.28800e+06
       12475.0   1.29100e+06
       12525.0   1.27600e+06
       12575.0   1.27400e+06
       12625.0   1.26400e+06
       12675.0   1.24800e+06
       12725.0   1.25000e+06
       12775.0   1.24700e+06
       12825.0   1.20300e+06
       12875.0   1.22100e+06
       12925.0   1.20500e+06
       12975.0   1.21400e+06
       13025.0   1.20000e+06
       13075.0   1.20200e+06
       13125.0   1.16800e+06
       13175.0   1.16800e+06
       13225.0   1.17800e+06
       13275.0   1.15700e+06
       13325.0   1.15800e+06
       13375.0   1.15300e+06
       13425.0   1.15500e+06
       13475.0   1.14700e+06
       13525.0   1.14200e+06
       13575.0   1.12200e+06
       13625.0   1.11700e+06
       13675.0   1.11800e+06
       13725.0   1.11800e+06
       13775.0   1.10800e+06
       13825.0   1.10600e+06
       13875.0   1.09400e+06
       13925.0   1.09100e+06
       13975.0   1.08600e+06
       14025.0   1.07000e+06
       14075.0   1.07000e+06
       14125.0   1.04700e+06
       14175.0   1.05200e+06
       14225.0   1.03100e+06
       14275.0   1.00400e+06
       14325.0   1.03200e+06
       14375.0   1.03500e+06
       14425.0   1.00300e+06
       14475.0   1.02500e+06
       14525.0   1.00300e+06
       14570.0   1.00100e+06
       14620.0       999100.
       14675.0       992500.
       14725.0       975200.
       14775.0       978300.
       14825.0       977300.
       14875.0       940900.
       14925.0       983100.
       14975.0       969600.
       15025.0       906200.
       15075.0       930100.
       15125.0       956800.
       15175.0       958300.
       15225.0       944200.
       15275.0       948700.
       15325.0       944500.
       15375.0       942500.
       15425.0       941800.
       15475.0       940400.
       15525.0       922900.
       15575.0       919800.
       15625.0       927700.
       15675.0       904300.
       15725.0       904800.
       15775.0       852400.
       15825.0       888600.
       15875.0       859100.
       15925.0       878500.
       15975.0       879500.
       16050.0       875900.
       16150.0       858900.
       16250.0       855500.
       16350.0       842200.
       16450.0       825900.
       16550.0       822500.
       16650.0       804200.
       16750.0       778200.
       16850.0       765500.
       16950.0       766300.
       17050.0       739200.
       17150.0       720800.
       17250.0       708200.
       17350.0       688300.
       17450.0       681900.
       17550.0       673800.
       17650.0       661600.
       17750.0       645600.
       17850.0       638500.
       17950.0       626600.
       18050.0       610200.
       18150.0       596800.
       18250.0       585300.
       18350.0       574400.
       18450.0       555700.
       18550.0       554100.
       18650.0       538200.
       18750.0       519500.
       18850.0       521700.
       18950.0       498100.
       19050.0       504800.
       19150.0       493300.
       19250.0       485700.
       19350.0       470500.
       19450.0       456000.
       19550.0       458700.
       19650.0       449500.
       19750.0       434400.
       19850.0       431100.
       19950.0       424600.
       20050.0       423000.
       20150.0       417600.
       20250.0       404800.
       20350.0       396500.
       20450.0       395500.
       20550.0       386300.
       20650.0       376200.
       20750.0       373100.
       20850.0       366200.
       20950.0       356100.
       21050.0       355000.
       21150.0       347900.
       21250.0       342400.
       21350.0       337900.
       21450.0       332600.
       21550.0       327300.
       21650.0       317100.
       21750.0       313000.
       21850.0       308900.
       21950.0       306100.
       22050.0       295500.
       22150.0       297100.
       22250.0       289200.
       22350.0       285200.
       22450.0       281100.
       22550.0       277100.
       22650.0       270400.
       22750.0       269200.
       22850.0       261400.
       22950.0       245100.
       23050.0       249600.
       23150.0       246700.
       23250.0       228500.
       23350.0       232700.
       23450.0       234200.
       23550.0       215600.
       23650.0       223100.
       23750.0       220000.
       23850.0       204900.
       23950.0       211300.
       24050.0       210900.
       24150.0       197600.
       24250.0       200900.
       24350.0       200500.
       24450.0       192400.
       24550.0       188300.
       24650.0       192300.
       24750.0       186100.
       24850.0       179100.
       24950.0       183100.
       25050.0       181500.
       25150.0       174600.
       25250.0       175000.
       25350.0       173700.
       25450.0       169200.
       25550.0       167800.
       25650.0       166400.
       25750.0       165900.
       25850.0       159300.
       25950.0       160100.
       26050.0       159000.
       26150.0       156800.
       26250.0       152100.
       26350.0       151800.
       26450.0       149600.
       26550.0       146900.
       26650.0       144400.
       26750.0       145500.
       26850.0       143800.
       26950.0       141200.
       27050.0       139900.
       27150.0       138000.
       27250.0       136400.
       27350.0       134500.
       27450.0       133300.
       27550.0       131400.
       27650.0       129400.
       27750.0       127700.
       27850.0       126200.
       27950.0       124600.
       28050.0       122600.
       28150.0       121400.
       28250.0       120100.
       28350.0       118900.
       28450.0       116900.
       28550.0       115500.
       28650.0       114100.
       28750.0       112700.
       28850.0       111300.
       28950.0       110000.
       29050.0       108400.
       29150.0       107400.
       29250.0       104400.
       29350.0       104200.
       29450.0       102600.
       29550.0       101900.
       29650.0       100200.
       29750.0       99450.0
       29850.0       98160.0
       29950.0       96750.0
       30050.0       95170.0
       30150.0       94750.0
       30250.0       93250.0
       30350.0       92050.0
       30450.0       90440.0
       30550.0       90090.0
       30650.0       88740.0
       30750.0       87960.0
       30850.0       86200.0
       30950.0       85340.0
       31050.0       84880.0
       31150.0       82620.0
       31250.0       82790.0
       31350.0       81100.0
       31450.0       80770.0
       31550.0       79410.0
       31650.0       78750.0
       31750.0       77680.0
       31850.0       76760.0
       31950.0       76050.0
       32100.0       74840.0
       32300.0       72630.0
       32500.0       71340.0
       32700.0       69640.0
       32900.0       67660.0
       33100.0       66370.0
       33300.0       64550.0
       33500.0       63520.0
       33700.0       62170.0
       33900.0       60240.0
       34100.0       59170.0
       34300.0       58270.0
       34500.0       56660.0
       34700.0       55690.0
       34900.0       54580.0
       35100.0       53250.0
       35300.0       52000.0
       35500.0       51150.0
       35700.0       49820.0
       35900.0       48780.0
       36100.0       48070.0
       36300.0       46900.0
       36500.0       45750.0
       36700.0       44790.0
       36900.0       43710.0
       37100.0       42740.0
       37300.0       42130.0
       37500.0       41070.0
       37700.0       40410.0
       37900.0       39720.0
       38100.0       38870.0
       38300.0       38250.0
       38500.0       37490.0
       38700.0       36670.0
       38900.0       35910.0
       39100.0       35380.0
       39300.0       34660.0
       39500.0       33890.0
       39700.0       33350.0
       39900.0       32380.0
       40100.0       32020.0
       40300.0       31500.0
       40500.0       30740.0
       40700.0       30180.0
       40900.0       29770.0
       41100.0       29170.0
       41300.0       28710.0
       41500.0       28110.0
       41700.0       27600.0
       41900.0       27080.0
       42100.0       26340.0
       42300.0       26230.0
       42500.0       25640.0
       42700.0       25260.0
       42900.0       24040.0
       43100.0       22990.0
       43300.0       22980.0
       43500.0       21850.0
       43700.0       21270.0
       43900.0       21000.0
       44100.0       19900.0
       44300.0       19740.0
       44500.0       19430.0
       44700.0       18570.0
       44900.0       18610.0
       45100.0       18130.0
       45300.0       17500.0
       45500.0       17500.0
       45700.0       17350.0
       45900.0       16610.0
       46100.0       16690.0
       46300.0       16380.0
       46500.0       16200.0
       46700.0       16060.0
       46900.0       15830.0
       47100.0       15510.0
       47300.0       15510.0
       47500.0       15170.0
       47700.0       14960.0
       47900.0       14770.0
       48100.0       14420.0
       48300.0       14470.0
       48500.0       14180.0
       48700.0       13880.0
       48900.0       13720.0
       49100.0       13530.0
       49300.0       13300.0
       49500.0       13090.0
       49700.0       12950.0
       49900.0       12770.0
       50100.0       12460.0
       50300.0       12450.0
       50500.0       12160.0
       50700.0       12030.0
       50900.0       11890.0
       51100.0       11640.0
       51300.0       11580.0
       51500.0       11370.0
       51700.0       11320.0
       51900.0       11080.0
       52100.0       10950.0
       52300.0       10770.0
       52500.0       10690.0
       52700.0       10610.0
       52900.0       10340.0
       53100.0       10230.0
       53300.0       10120.0
       53500.0       9993.00
       53700.0       9865.00
       53900.0       9760.00
       54100.0       9629.00
       54300.0       9433.00
       54500.0       9389.00
       54700.0       9249.00
       54900.0       9122.00
       55100.0       9016.00
       55300.0       8988.00
       55500.0       8759.00
       55700.0       8742.00
       55900.0       8572.00
       56100.0       8486.00
       56300.0       8348.00
       56500.0       8297.00
       56700.0       8192.00
       56900.0       8035.00
       57100.0       7996.00
       57300.0       7887.00
       57500.0       7794.00
       57700.0       7680.00
       57900.0       7617.00
       58100.0       7492.00
       58300.0       7407.00
       58500.0       7329.00
       58700.0       7214.00
       58900.0       7122.00
       59100.0       7056.00
       59300.0       6970.00
       59500.0       6868.00
       59700.0       6810.00
       59900.0       6726.00
       60100.0       6638.00
       60300.0       6558.00
       60500.0       6465.00
       60700.0       6389.00
       60900.0       6303.00
       61100.0       6216.00
       61300.0       6161.00
       61500.0       6093.00
       61700.0       6023.00
       61900.0       5954.00
       62100.0       5885.00
       62300.0       5795.00
       62500.0       5722.00
       62700.0       5654.00
       62900.0       5602.00
       63100.0       5523.00
       63300.0       5478.00
       63500.0       5403.00
       63700.0       5348.00
       63900.0       5274.00
       64200.0       5189.00
       64600.0       5061.00
       65000.0       4941.00
       65400.0       4834.00
       65800.0       4724.00
       66200.0       4611.00
       66600.0       4509.00
       67000.0       4405.00
       67400.0       4301.00
       67800.0       4208.00
       68200.0       4111.00
       68600.0       4022.00
       69000.0       3931.00
       69400.0       3842.00
       69800.0       3761.00
       70200.0       3672.00
       70600.0       3597.00
       71000.0       3519.00
       71400.0       3443.00
       71800.0       3368.00
       72200.0       3296.00
       72600.0       3225.00
       73000.0       3158.00
       73400.0       3089.00
       73800.0       3026.00
       74200.0       2960.00
       74600.0       2897.00
       75000.0       2840.00
       75400.0       2781.00
       75800.0       2723.00
       76200.0       2667.00
       76600.0       2610.00
       77000.0       2555.00
       77400.0       2503.00
       77800.0       2452.00
       78200.0       2402.00
       78600.0       2353.00
       79000.0       2307.00
       79400.0       2261.00
       79800.0       2217.00
       80200.0       2173.00
       80600.0       2131.00
       81000.0       2092.00
       81400.0       2051.00
       81800.0       2015.00
       82200.0       1978.00
       82600.0       1941.00
       83000.0       1904.00
       83400.0       1867.00
       83800.0       1833.00
       84200.0       1799.00
       84600.0       1766.00
       85000.0       1734.00
       85400.0       1702.00
       85800.0       1671.00
       86200.0       1641.00
       86600.0       1612.00
       87000.0       1583.00
       87400.0       1555.00
       87800.0       1527.00
       88200.0       1499.00
       88600.0       1473.00
       89000.0       1447.00
       89400.0       1422.00
       89800.0       1396.00
       90200.0       1374.00
       90600.0       1351.00
       91000.0       1326.00
       91400.0       1303.00
       91800.0       1282.00
       92200.0       1261.00
       92600.0       1239.00
       93000.0       1219.00
       93400.0       1198.00
       93800.0       1178.00
       94200.0       1160.00
       94600.0       1139.00
       95000.0       1122.00
       95400.0       1104.00
       95800.0       1084.00
       96200.0       1068.00
       96600.0       1049.00
       97000.0       1034.00
       97400.0       1016.00
       97800.0       998.700
       98200.0       985.200
       98600.0       969.400
       99000.0       953.300
       99400.0       937.600
       99800.0       924.800
       100200.       910.400
       200000.       59.0600
       400000.       3.71800
       600000.      0.732600
       800000.      0.231000
   1.00000e+06     0.0943300
   1.20000e+06     0.0453600
   1.40000e+06     0.0244200
   1.60000e+06     0.0142800
